"Spectra International Data File"
"[Scan Data (Pressures in mbar)]"
"Time"	"Mass 2"	"Mass 8"	"Mass 4"	"Mass 12"	"Mass 40"	"Mass 43"	"CirrusPressure"	
"13.10.2023 14:33:15.734"	1.2975e-011	6.2790e-014	3.6375e-013	5.5702e-014	2.5833e-015	1.9670e-016	9.9440e-006	
"13.10.2023 14:33:16.018"	1.3105e-011	6.1420e-014	3.5329e-013	5.3822e-014	2.2554e-015	1.3828e-016	9.9440e-006	
"13.10.2023 14:33:16.301"	1.2876e-011	6.2670e-014	3.5839e-013	5.5214e-014	2.4927e-015	3.8862e-016	9.9440e-006	
"13.10.2023 14:33:16.584"	1.2960e-011	6.1927e-014	3.6642e-013	5.7001e-014	2.4331e-015	3.8743e-016	9.9440e-006	
"13.10.2023 14:33:16.868"	1.3104e-011	6.2071e-014	3.5383e-013	5.3867e-014	2.6727e-015	3.3021e-016	9.9413e-006	
"13.10.2023 14:33:17.151"	1.2939e-011	6.2919e-014	3.5642e-013	5.5473e-014	2.4808e-015	1.5378e-016	9.9413e-006	
"13.10.2023 14:33:17.435"	1.2965e-011	6.2527e-014	3.6248e-013	5.6303e-014	2.2781e-015	2.0027e-016	9.9413e-006	
"13.10.2023 14:33:17.718"	1.3086e-011	6.0483e-014	3.5084e-013	5.3600e-014	2.3282e-015	1.7405e-016	9.9413e-006	
"13.10.2023 14:33:18.002"	1.2992e-011	6.3879e-014	3.5835e-013	5.5391e-014	2.6298e-015	2.5272e-016	9.9425e-006	
"13.10.2023 14:33:18.285"	1.2950e-011	6.2793e-014	3.6444e-013	5.6592e-014	2.3306e-015	4.2439e-016	9.9425e-006	
"13.10.2023 14:33:18.569"	1.3071e-011	6.1183e-014	3.5764e-013	5.3991e-014	2.3139e-015	2.8014e-016	9.9425e-006	
"13.10.2023 14:33:18.852"	1.3042e-011	6.4320e-014	3.6008e-013	5.4943e-014	2.4939e-015	8.4639e-017	9.9423e-006	
"13.10.2023 14:33:19.136"	1.2928e-011	6.1864e-014	3.6183e-013	5.6627e-014	2.4486e-015	2.5988e-016	9.9423e-006	
"13.10.2023 14:33:19.419"	1.3038e-011	6.1611e-014	3.5498e-013	5.3602e-014	2.4939e-015	2.6107e-016	9.9423e-006	
"13.10.2023 14:33:19.703"	1.3107e-011	6.4249e-014	3.5760e-013	5.4928e-014	2.5034e-015	2.9802e-016	9.9423e-006	
"13.10.2023 14:33:19.986"	1.2928e-011	6.2714e-014	3.6323e-013	5.5826e-014	2.2018e-015	1.7047e-016	9.9428e-006	
"13.10.2023 14:33:20.270"	1.3054e-011	6.2797e-014	3.5718e-013	5.4010e-014	2.3472e-015	3.3379e-016	9.9428e-006	
"13.10.2023 14:33:20.553"	1.3144e-011	6.3212e-014	3.6034e-013	5.4833e-014	2.6560e-015	2.9445e-016	9.9428e-006	
"13.10.2023 14:33:20.836"	1.2913e-011	6.3744e-014	3.6300e-013	5.5849e-014	2.5714e-015	3.4452e-016	9.9428e-006	
"13.10.2023 14:33:21.120"	1.3037e-011	6.2324e-014	3.6429e-013	5.4220e-014	2.4057e-015	1.1325e-016	9.9449e-006	
"13.10.2023 14:33:21.403"	1.3159e-011	6.2521e-014	3.5862e-013	5.4540e-014	2.2888e-015	2.3842e-016	9.9449e-006	
"13.10.2023 14:33:21.687"	1.2902e-011	6.3974e-014	3.5985e-013	5.5468e-014	2.4545e-015	4.6134e-016	9.9449e-006	
"13.10.2023 14:33:21.970"	1.3024e-011	6.0870e-014	3.5725e-013	5.4670e-014	2.4760e-015	5.2452e-017	9.9449e-006	
"13.10.2023 14:33:22.253"	1.3140e-011	6.0816e-014	3.5871e-013	5.4401e-014	2.4200e-015	2.0504e-016	9.9475e-006	
"13.10.2023 14:33:22.537"	1.2881e-011	6.4377e-014	3.5962e-013	5.5628e-014	2.4116e-015	2.0146e-016	9.9475e-006	
"13.10.2023 14:33:22.820"	1.3017e-011	6.2896e-014	3.6175e-013	5.4395e-014	2.2030e-015	2.6584e-016	9.9475e-006	
"13.10.2023 14:33:23.104"	1.3134e-011	6.1429e-014	3.5850e-013	5.4477e-014	2.4223e-015	4.4346e-016	9.9475e-006	
"13.10.2023 14:33:23.388"	1.2893e-011	6.3153e-014	3.6043e-013	5.5387e-014	2.4521e-015	3.9458e-016	9.9404e-006	
"13.10.2023 14:33:23.672"	1.3008e-011	6.3240e-014	3.6413e-013	5.5758e-014	2.3890e-015	6.1989e-017	9.9404e-006	
"13.10.2023 14:33:23.955"	1.3140e-011	6.0215e-014	3.5535e-013	5.3344e-014	2.4676e-015	2.5272e-016	9.9404e-006	
"13.10.2023 14:33:24.239"	1.2856e-011	6.3585e-014	3.5758e-013	5.5394e-014	2.4855e-015	2.1339e-016	9.9404e-006	
"13.10.2023 14:33:24.522"	1.2981e-011	6.1539e-014	3.6156e-013	5.5532e-014	2.4283e-015	3.3140e-016	9.9481e-006	
"13.10.2023 14:33:24.806"	1.3120e-011	6.2390e-014	3.5402e-013	5.4358e-014	2.5022e-015	3.3856e-016	9.9481e-006	
"13.10.2023 14:33:25.090"	1.2852e-011	6.3874e-014	3.6178e-013	5.5582e-014	2.3460e-015	2.7418e-016	9.9481e-006	
"13.10.2023 14:33:25.373"	1.2985e-011	6.1776e-014	3.6542e-013	5.5564e-014	2.5189e-015	2.6345e-016	9.9481e-006	
"13.10.2023 14:33:25.657"	1.3080e-011	5.9984e-014	3.5465e-013	5.4246e-014	2.4426e-015	3.7313e-016	9.9396e-006	
"13.10.2023 14:33:25.940"	1.2884e-011	6.4704e-014	3.5963e-013	5.5192e-014	2.4486e-015	2.1935e-016	9.9396e-006	
"13.10.2023 14:33:26.224"	1.2971e-011	6.1119e-014	3.6261e-013	5.6471e-014	2.4510e-015	1.9431e-016	9.9396e-006	
"13.10.2023 14:33:26.508"	1.3096e-011	6.0511e-014	3.5563e-013	5.3540e-014	2.3532e-015	3.7790e-016	9.9432e-006	
"13.10.2023 14:33:26.792"	1.2879e-011	6.2858e-014	3.4880e-013	5.1530e-014	2.8892e-013	3.7502e-014	9.9432e-006	
"13.10.2023 14:33:27.075"	1.2633e-011	6.5269e-014	3.3431e-013	4.7108e-014	8.4975e-013	7.6859e-014	9.9432e-006	
"13.10.2023 14:33:27.359"	1.2577e-011	6.4258e-014	3.1495e-013	4.2660e-014	1.1461e-012	7.4700e-014	9.9432e-006	
"13.10.2023 14:33:27.643"	1.2394e-011	6.7264e-014	3.1200e-013	4.2497e-014	1.2959e-012	7.4653e-014	9.9096e-006	
"13.10.2023 14:33:27.926"	1.2335e-011	6.6403e-014	3.1305e-013	4.2442e-014	1.3725e-012	7.3194e-014	9.9096e-006	
"13.10.2023 14:33:28.210"	1.2385e-011	6.5903e-014	3.0249e-013	4.0276e-014	1.4505e-012	7.4977e-014	9.9096e-006	
"13.10.2023 14:33:28.494"	1.2330e-011	6.7514e-014	3.0705e-013	4.0181e-014	1.5051e-012	7.6617e-014	9.9096e-006	
"13.10.2023 14:33:28.777"	1.2255e-011	6.6604e-014	3.0875e-013	4.0360e-014	1.5259e-012	7.6337e-014	9.8644e-006	
"13.10.2023 14:33:29.060"	1.2343e-011	6.5303e-014	2.9895e-013	3.8467e-014	1.5772e-012	7.6391e-014	9.8644e-006	
"13.10.2023 14:33:29.344"	1.2340e-011	6.7092e-014	3.0290e-013	3.9098e-014	1.6239e-012	7.2535e-014	9.8644e-006	
"13.10.2023 14:33:29.627"	1.2190e-011	6.7532e-014	3.0048e-013	3.9602e-014	1.6125e-012	7.5554e-014	9.8644e-006	
"13.10.2023 14:33:29.911"	1.2295e-011	6.7904e-014	2.9633e-013	3.7970e-014	1.6544e-012	7.4482e-014	9.8391e-006	
"13.10.2023 14:33:30.194"	1.2343e-011	6.8164e-014	2.9850e-013	3.8006e-014	1.6949e-012	7.6517e-014	9.8391e-006	
"13.10.2023 14:33:30.478"	1.2155e-011	6.7791e-014	3.0016e-013	3.8531e-014	1.6747e-012	7.4824e-014	9.8391e-006	
"13.10.2023 14:33:30.761"	1.2229e-011	6.7600e-014	2.9917e-013	3.7544e-014	1.7089e-012	7.4808e-014	9.8391e-006	
"13.10.2023 14:33:31.044"	1.2344e-011	6.7053e-014	2.9736e-013	3.7896e-014	1.7482e-012	7.5392e-014	9.8228e-006	
"13.10.2023 14:33:31.328"	1.2125e-011	6.7163e-014	2.9859e-013	3.8394e-014	1.7249e-012	7.5556e-014	9.8228e-006	
"13.10.2023 14:33:31.611"	1.2207e-011	6.7680e-014	2.9479e-013	3.7371e-014	1.7513e-012	7.0783e-014	9.8228e-006	
"13.10.2023 14:33:31.895"	1.2289e-011	6.6800e-014	2.9179e-013	3.7270e-014	1.7803e-012	7.3195e-014	9.8228e-006	
"13.10.2023 14:33:32.178"	1.2073e-011	6.7641e-014	2.9766e-013	3.8092e-014	1.7544e-012	7.2827e-014	9.8264e-006	
"13.10.2023 14:33:32.461"	1.2195e-011	6.8083e-014	2.9912e-013	3.7230e-014	1.7828e-012	7.7418e-014	9.8264e-006	
"13.10.2023 14:33:32.745"	1.2277e-011	6.7231e-014	2.9010e-013	3.7244e-014	1.8108e-012	7.3017e-014	9.8264e-006	
"13.10.2023 14:33:33.029"	1.2064e-011	6.7911e-014	2.9562e-013	3.7871e-014	1.7865e-012	7.5454e-014	9.8276e-006	
"13.10.2023 14:33:33.312"	1.2148e-011	6.6922e-014	2.9760e-013	3.7494e-014	1.8020e-012	7.7529e-014	9.8276e-006	
"13.10.2023 14:33:33.596"	1.2217e-011	6.6489e-014	2.9330e-013	3.7121e-014	1.8237e-012	7.7112e-014	9.8276e-006	
"13.10.2023 14:33:33.879"	1.2016e-011	6.8850e-014	2.9538e-013	3.7792e-014	1.7984e-012	7.7389e-014	9.8276e-006	
"13.10.2023 14:33:34.163"	1.2147e-011	6.7864e-014	2.9720e-013	3.7251e-014	1.8112e-012	7.5978e-014	9.8055e-006	
"13.10.2023 14:33:34.446"	1.2231e-011	6.8004e-014	2.9384e-013	3.6938e-014	1.8479e-012	7.4107e-014	9.8055e-006	
"13.10.2023 14:33:34.729"	1.2006e-011	6.7789e-014	2.9831e-013	3.7862e-014	1.8216e-012	7.6651e-014	9.8055e-006	
"13.10.2023 14:33:35.013"	1.2122e-011	6.9468e-014	2.9889e-013	3.8065e-014	1.8293e-012	7.5224e-014	9.8055e-006	
"13.10.2023 14:33:35.296"	1.2247e-011	6.7910e-014	2.9207e-013	3.6731e-014	1.8572e-012	7.5568e-014	9.7927e-006	
"13.10.2023 14:33:35.580"	1.2032e-011	6.8673e-014	2.9344e-013	3.7643e-014	1.8438e-012	7.3952e-014	9.7927e-006	
"13.10.2023 14:33:35.863"	1.2098e-011	6.9113e-014	2.9721e-013	3.8157e-014	1.8365e-012	7.8960e-014	9.7927e-006	
"13.10.2023 14:33:36.146"	1.2196e-011	6.6305e-014	2.9129e-013	3.6706e-014	1.8644e-012	7.7147e-014	9.7927e-006	
"13.10.2023 14:33:36.430"	1.2052e-011	6.9603e-014	2.9280e-013	3.7401e-014	1.8547e-012	7.3382e-014	9.8146e-006	
"13.10.2023 14:33:36.713"	1.2103e-011	6.8064e-014	2.9530e-013	3.7602e-014	1.8351e-012	7.6384e-014	9.8146e-006	
"13.10.2023 14:33:36.997"	1.2200e-011	6.8899e-014	2.8920e-013	3.6514e-014	1.8671e-012	7.4406e-014	9.8146e-006	
"13.10.2023 14:33:37.280"	1.2079e-011	6.8556e-014	2.8943e-013	3.7052e-014	1.8692e-012	7.4778e-014	9.8146e-006	
"13.10.2023 14:33:37.564"	1.2087e-011	6.7900e-014	2.9610e-013	3.7792e-014	1.8402e-012	7.4415e-014	9.7935e-006	
"13.10.2023 14:33:37.847"	1.2196e-011	6.8239e-014	2.9332e-013	3.6230e-014	1.8701e-012	7.8709e-014	9.7935e-006	
"13.10.2023 14:33:38.131"	1.2117e-011	6.9157e-014	2.9286e-013	3.7006e-014	1.8774e-012	7.2275e-014	9.7935e-006	
"13.10.2023 14:33:38.415"	1.2079e-011	6.8119e-014	2.9746e-013	3.7965e-014	1.8444e-012	7.5556e-014	9.7935e-006	
"13.10.2023 14:33:38.698"	1.2162e-011	6.7309e-014	2.9316e-013	3.6483e-014	1.8712e-012	7.0079e-014	9.7967e-006	
"13.10.2023 14:33:38.982"	1.2159e-011	6.8975e-014	2.9325e-013	3.6993e-014	1.8821e-012	7.3685e-014	9.7967e-006	
"13.10.2023 14:33:39.265"	1.2066e-011	6.7984e-014	2.9671e-013	3.7643e-014	1.8465e-012	7.4090e-014	9.7967e-006	
"13.10.2023 14:33:39.549"	1.2152e-011	6.7897e-014	2.9397e-013	3.6321e-014	1.8717e-012	7.4343e-014	9.7902e-006	
"13.10.2023 14:33:39.833"	1.2151e-011	7.0184e-014	2.9345e-013	3.7235e-014	1.8898e-012	7.5681e-014	9.7902e-006	
"13.10.2023 14:33:40.117"	1.2067e-011	6.8770e-014	2.9872e-013	3.8089e-014	1.8521e-012	7.9101e-014	9.7902e-006	
"13.10.2023 14:33:40.402"	1.2153e-011	6.8134e-014	2.9230e-013	3.6841e-014	1.8733e-012	7.4090e-014	9.7902e-006	
"13.10.2023 14:33:40.685"	1.2195e-011	6.8866e-014	2.9025e-013	3.7012e-014	1.8945e-012	7.4927e-014	9.7856e-006	
"13.10.2023 14:33:40.969"	1.2040e-011	6.7259e-014	2.9652e-013	3.7705e-014	1.8501e-012	7.6237e-014	9.7856e-006	
"13.10.2023 14:33:41.252"	1.2149e-011	6.7424e-014	2.9299e-013	3.6652e-014	1.8732e-012	7.7610e-014	9.7856e-006	
"13.10.2023 14:33:41.535"	1.2226e-011	6.8149e-014	2.9572e-013	3.6727e-014	1.8913e-012	7.7551e-014	9.7856e-006	
"13.10.2023 14:33:41.819"	1.2070e-011	6.8161e-014	2.9644e-013	3.7874e-014	1.8567e-012	7.7099e-014	9.7873e-006	
"13.10.2023 14:33:42.104"	1.2134e-011	6.7977e-014	2.9210e-013	3.6448e-014	1.8744e-012	7.5120e-014	9.7873e-006	
"13.10.2023 14:33:42.388"	1.2208e-011	6.8717e-014	2.9214e-013	3.6777e-014	1.8949e-012	7.6759e-014	9.7873e-006	
"13.10.2023 14:33:42.671"	1.2037e-011	6.9750e-014	2.9626e-013	3.7973e-014	1.8562e-012	7.7040e-014	9.7873e-006	
"13.10.2023 14:33:42.955"	1.2119e-011	6.8060e-014	2.9630e-013	3.6451e-014	1.8748e-012	7.8096e-014	9.7901e-006	
"13.10.2023 14:33:43.238"	1.2219e-011	6.7346e-014	2.9178e-013	3.6909e-014	1.8971e-012	7.6002e-014	9.7901e-006	
"13.10.2023 14:33:43.522"	1.2027e-011	6.8238e-014	2.9624e-013	3.7759e-014	1.8541e-012	7.7471e-014	9.7901e-006	
"13.10.2023 14:33:43.805"	1.2144e-011	6.7606e-014	2.9308e-013	3.6363e-014	1.8655e-012	7.2374e-014	9.7901e-006	
"13.10.2023 14:33:44.088"	1.2225e-011	6.7799e-014	2.9307e-013	3.6658e-014	1.8944e-012	7.5502e-014	9.7854e-006	
"13.10.2023 14:33:44.372"	1.2014e-011	6.7891e-014	2.9816e-013	3.7635e-014	1.8593e-012	7.6508e-014	9.7854e-006	
"13.10.2023 14:33:44.655"	1.2118e-011	6.7383e-014	2.9721e-013	3.6932e-014	1.8769e-012	7.4980e-014	9.7854e-006	
"13.10.2023 14:33:44.939"	1.2207e-011	6.7166e-014	2.9487e-013	3.7024e-014	1.8913e-012	7.7700e-014	9.7854e-006	
"13.10.2023 14:33:45.222"	1.2014e-011	6.9356e-014	2.9767e-013	3.7347e-014	1.8573e-012	7.5025e-014	9.7871e-006	
"13.10.2023 14:33:45.506"	1.2121e-011	6.8279e-014	2.9359e-013	3.7229e-014	1.8666e-012	7.4634e-014	9.7871e-006	
"13.10.2023 14:33:45.789"	1.2209e-011	6.7985e-014	2.9107e-013	3.6527e-014	1.8898e-012	7.3583e-014	9.7871e-006	
"13.10.2023 14:33:46.072"	1.1994e-011	6.8643e-014	2.9646e-013	3.7810e-014	1.8558e-012	7.4584e-014	9.7871e-006	
"13.10.2023 14:33:46.356"	1.2096e-011	6.7705e-014	2.9961e-013	3.7424e-014	1.8644e-012	7.6323e-014	9.7846e-006	
"13.10.2023 14:33:46.640"	1.2218e-011	6.7289e-014	2.9149e-013	3.6780e-014	1.8878e-012	7.4497e-014	9.7846e-006	
"13.10.2023 14:33:46.923"	1.2011e-011	6.7885e-014	2.9482e-013	3.7456e-014	1.8645e-012	7.8805e-014	9.7846e-006	
"13.10.2023 14:33:47.206"	1.2094e-011	6.9070e-014	3.0037e-013	3.7729e-014	1.8676e-012	7.7579e-014	9.7858e-006	
"13.10.2023 14:33:47.490"	1.2188e-011	6.7830e-014	2.8961e-013	3.6643e-014	1.8830e-012	7.3522e-014	9.7858e-006	
"13.10.2023 14:33:47.773"	1.2015e-011	6.8404e-014	2.8974e-013	3.7311e-014	1.8707e-012	7.3878e-014	9.7858e-006	
"13.10.2023 14:33:48.057"	1.2084e-011	6.8425e-014	2.9727e-013	3.7980e-014	1.8645e-012	7.6449e-014	9.7858e-006	
"13.10.2023 14:33:48.340"	1.2172e-011	6.6675e-014	2.9053e-013	3.6231e-014	1.8810e-012	7.9679e-014	9.7901e-006	
"13.10.2023 14:33:48.623"	1.2046e-011	7.0047e-014	2.9133e-013	3.7257e-014	1.8799e-012	7.7544e-014	9.7901e-006	
"13.10.2023 14:33:48.907"	1.2053e-011	6.7520e-014	2.9500e-013	3.7893e-014	1.8567e-012	7.6207e-014	9.7901e-006	
"13.10.2023 14:33:49.190"	1.2164e-011	6.7296e-014	2.9314e-013	3.6867e-014	1.8851e-012	7.8118e-014	9.7901e-006	
"13.10.2023 14:33:49.474"	1.2092e-011	7.0907e-014	2.9662e-013	3.7313e-014	1.8934e-012	7.7401e-014	9.7850e-006	
"13.10.2023 14:33:49.757"	1.2053e-011	6.8295e-014	2.9614e-013	3.7671e-014	1.8506e-012	7.4422e-014	9.7850e-006	
"13.10.2023 14:33:50.040"	1.2152e-011	6.8198e-014	2.9339e-013	3.6496e-014	1.8826e-012	7.5724e-014	9.7850e-006	
"13.10.2023 14:33:50.324"	1.2128e-011	6.8931e-014	2.9286e-013	3.7301e-014	1.8970e-012	7.7135e-014	9.7850e-006	
"13.10.2023 14:33:50.607"	1.2061e-011	6.8505e-014	2.9423e-013	3.7785e-014	1.8618e-012	7.4190e-014	9.7847e-006	
"13.10.2023 14:33:50.891"	1.2142e-011	6.8819e-014	2.9097e-013	3.6630e-014	1.8825e-012	7.5783e-014	9.7847e-006	
"13.10.2023 14:33:51.175"	1.2180e-011	6.8454e-014	2.9180e-013	3.6999e-014	1.8955e-012	7.3962e-014	9.7847e-006	
"13.10.2023 14:33:51.458"	1.2031e-011	6.7764e-014	2.9564e-013	3.8165e-014	1.8506e-012	7.5661e-014	9.7847e-006	
"13.10.2023 14:33:51.741"	1.2162e-011	6.7802e-014	2.9367e-013	3.6554e-014	1.8779e-012	7.5576e-014	9.7865e-006	
"13.10.2023 14:33:52.025"	1.2223e-011	7.0038e-014	2.9024e-013	3.7012e-014	1.8914e-012	7.4092e-014	9.7865e-006	
"13.10.2023 14:33:52.308"	1.2042e-011	6.7686e-014	2.9904e-013	3.7853e-014	1.8583e-012	7.6500e-014	9.7865e-006	
"13.10.2023 14:33:52.591"	1.2119e-011	6.7562e-014	2.9211e-013	3.6489e-014	1.8820e-012	7.4598e-014	9.7865e-006	
"13.10.2023 14:33:52.875"	1.2222e-011	6.7786e-014	2.9027e-013	3.6942e-014	1.8970e-012	7.4074e-014	9.7910e-006	
"13.10.2023 14:33:53.158"	1.2037e-011	6.8984e-014	2.9400e-013	3.7726e-014	1.8588e-012	7.6539e-014	9.7910e-006	
"13.10.2023 14:33:53.442"	1.2128e-011	6.8872e-014	2.9713e-013	3.6383e-014	1.8707e-012	7.6920e-014	9.7910e-006	
"13.10.2023 14:33:53.725"	1.2224e-011	6.6369e-014	2.9363e-013	3.6645e-014	1.8996e-012	7.4492e-014	9.7872e-006	
"13.10.2023 14:33:54.009"	1.2012e-011	6.6771e-014	2.9048e-013	3.7832e-014	1.8593e-012	7.3581e-014	9.7872e-006	
"13.10.2023 14:33:54.292"	1.2132e-011	6.6923e-014	2.9418e-013	3.6652e-014	1.8702e-012	7.3655e-014	9.7872e-006	
"13.10.2023 14:33:54.576"	1.2228e-011	6.7202e-014	2.9159e-013	3.6566e-014	1.8985e-012	7.7616e-014	9.7872e-006	
"13.10.2023 14:33:54.860"	1.2025e-011	6.8465e-014	2.9440e-013	3.7399e-014	1.8604e-012	7.3918e-014	9.7897e-006	
"13.10.2023 14:33:55.144"	1.2114e-011	6.6740e-014	2.9408e-013	3.6640e-014	1.8758e-012	7.5276e-014	9.7897e-006	
"13.10.2023 14:33:55.429"	1.2204e-011	6.6338e-014	2.9492e-013	3.6954e-014	1.9011e-012	7.7154e-014	9.7897e-006	
"13.10.2023 14:33:55.712"	1.2035e-011	6.7529e-014	2.9387e-013	3.7655e-014	1.8578e-012	7.7269e-014	9.7897e-006	
"13.10.2023 14:33:55.996"	1.2119e-011	6.7663e-014	2.9132e-013	3.6957e-014	1.8728e-012	7.2131e-014	9.7860e-006	
"13.10.2023 14:33:56.280"	1.2206e-011	6.7643e-014	2.9089e-013	3.6477e-014	1.8986e-012	7.3900e-014	9.7860e-006	
"13.10.2023 14:33:56.563"	1.1996e-011	6.8664e-014	2.9358e-013	3.7298e-014	1.8578e-012	7.4046e-014	9.7860e-006	
"13.10.2023 14:33:56.847"	1.2127e-011	6.8698e-014	2.9238e-013	3.6665e-014	1.8717e-012	7.7054e-014	9.7860e-006	
"13.10.2023 14:33:57.131"	1.2222e-011	6.6941e-014	2.8865e-013	3.6729e-014	1.8934e-012	7.4590e-014	9.7895e-006	
"13.10.2023 14:33:57.415"	1.1991e-011	6.8863e-014	2.9606e-013	3.7707e-014	1.8641e-012	7.5485e-014	9.7895e-006	
"13.10.2023 14:33:57.698"	1.2100e-011	6.8194e-014	2.9071e-013	3.7259e-014	1.8712e-012	7.4529e-014	9.7895e-006	
"13.10.2023 14:33:57.981"	1.2183e-011	6.7170e-014	2.9253e-013	3.6633e-014	1.8934e-012	7.5213e-014	9.7895e-006	
"13.10.2023 14:33:58.265"	1.1990e-011	6.8758e-014	2.9419e-013	3.7074e-014	1.8727e-012	7.4378e-014	9.7881e-006	
"13.10.2023 14:33:58.548"	1.2106e-011	6.8319e-014	2.9582e-013	3.7660e-014	1.8707e-012	7.7423e-014	9.7881e-006	
"13.10.2023 14:33:58.832"	1.2194e-011	6.7914e-014	2.9204e-013	3.6460e-014	1.8841e-012	7.5482e-014	9.7881e-006	
"13.10.2023 14:33:59.115"	1.2013e-011	6.9087e-014	2.9355e-013	3.7432e-014	1.8800e-012	7.6928e-014	9.7881e-006	
"13.10.2023 14:33:59.398"	1.2098e-011	6.7271e-014	3.0117e-013	3.7780e-014	1.8645e-012	7.3457e-014	9.7880e-006	
"13.10.2023 14:33:59.682"	1.2200e-011	6.8670e-014	2.9149e-013	3.6715e-014	1.8903e-012	7.1437e-014	9.7880e-006	
"13.10.2023 14:33:59.966"	1.2028e-011	6.9049e-014	2.9146e-013	3.6749e-014	1.8708e-012	7.3369e-014	9.7880e-006	
"13.10.2023 14:34:00.249"	1.2075e-011	6.9343e-014	2.9601e-013	3.7530e-014	1.8634e-012	7.3590e-014	9.7880e-006	
"13.10.2023 14:34:00.533"	1.2186e-011	6.7654e-014	2.8958e-013	3.6353e-014	1.8862e-012	7.5085e-014	9.7889e-006	
"13.10.2023 14:34:00.816"	1.2070e-011	6.8878e-014	2.9333e-013	3.7148e-014	1.8867e-012	7.3097e-014	9.7889e-006	
"13.10.2023 14:34:01.099"	1.2068e-011	6.7970e-014	2.9606e-013	3.7859e-014	1.8609e-012	7.2934e-014	9.7889e-006	
"13.10.2023 14:34:01.383"	1.2164e-011	6.6921e-014	2.9246e-013	3.6282e-014	1.8826e-012	7.5615e-014	9.7879e-006	
"13.10.2023 14:34:01.666"	1.2115e-011	6.9245e-014	2.9239e-013	3.7316e-014	1.8909e-012	7.6112e-014	9.7879e-006	
"13.10.2023 14:34:01.950"	1.2054e-011	6.7102e-014	2.9790e-013	3.7691e-014	1.8604e-012	7.6599e-014	9.7879e-006	
"13.10.2023 14:34:02.233"	1.2168e-011	6.7765e-014	2.8762e-013	3.6218e-014	1.8815e-012	7.2438e-014	9.7879e-006	
"13.10.2023 14:34:02.517"	1.2161e-011	6.9623e-014	2.8988e-013	3.6470e-014	1.8971e-012	7.6168e-014	9.7877e-006	
"13.10.2023 14:34:02.800"	1.2058e-011	6.8306e-014	2.9560e-013	3.7471e-014	1.8619e-012	7.5092e-014	9.7877e-006	
"13.10.2023 14:34:03.084"	1.2151e-011	6.7872e-014	2.8724e-013	3.6454e-014	1.8820e-012	7.6095e-014	9.7877e-006	
"13.10.2023 14:34:03.367"	1.2204e-011	6.9218e-014	2.9383e-013	3.6712e-014	1.8991e-012	7.5510e-014	9.7877e-006	
"13.10.2023 14:34:03.650"	1.2056e-011	6.9081e-014	2.9640e-013	3.7474e-014	1.8629e-012	7.6475e-014	9.7880e-006	
"13.10.2023 14:34:03.934"	1.2153e-011	6.7550e-014	2.9216e-013	3.6278e-014	1.8712e-012	7.8978e-014	9.7880e-006	
"13.10.2023 14:34:04.217"	1.2219e-011	6.8665e-014	2.9293e-013	3.6680e-014	1.8991e-012	7.2841e-014	9.7880e-006	
"13.10.2023 14:34:04.501"	1.2029e-011	6.8304e-014	2.9794e-013	3.7850e-014	1.8537e-012	7.7688e-014	9.7880e-006	
"13.10.2023 14:34:04.784"	1.2139e-011	6.7488e-014	2.9365e-013	3.6426e-014	1.8769e-012	7.5647e-014	9.7889e-006	
"13.10.2023 14:34:05.068"	1.2233e-011	6.7648e-014	2.8961e-013	3.6895e-014	1.9033e-012	7.1338e-014	9.7889e-006	
"13.10.2023 14:34:05.351"	1.2024e-011	6.8145e-014	2.9617e-013	3.7883e-014	1.8640e-012	7.4775e-014	9.7889e-006	
"13.10.2023 14:34:05.635"	1.2115e-011	6.8178e-014	2.9399e-013	3.6484e-014	1.8743e-012	7.7080e-014	9.7889e-006	
"13.10.2023 14:34:05.918"	1.2215e-011	6.7402e-014	2.8867e-013	3.6724e-014	1.8991e-012	7.3971e-014	9.7861e-006	
"13.10.2023 14:34:06.202"	1.2017e-011	6.8456e-014	2.9351e-013	3.7354e-014	1.8557e-012	7.6548e-014	9.7861e-006	
"13.10.2023 14:34:06.485"	1.2112e-011	6.7212e-014	2.9701e-013	3.6348e-014	1.8671e-012	7.6750e-014	9.7861e-006	
