"Spectra International Data File"
"[Scan Data (Pressures in mbar)]"
"Time"	"Mass 2"	"Mass 8"	"Mass 4"	"Mass 12"	"Mass 40"	"Mass 43"	"CirrusPressure"	
"20.10.2023 11:53:47.724"	1.0306e-011	7.9317e-014	3.4569e-013	5.2381e-014	2.2916e-012	7.5218e-014	9.9710e-006	
"20.10.2023 11:53:48.007"	1.0368e-011	7.7907e-014	3.4487e-013	5.0788e-014	2.3137e-012	7.6573e-014	9.9710e-006	
"20.10.2023 11:53:48.291"	1.0369e-011	7.9410e-014	3.4666e-013	5.1339e-014	2.3245e-012	7.5811e-014	9.9778e-006	
"20.10.2023 11:53:48.575"	1.0303e-011	7.8870e-014	3.4782e-013	5.2451e-014	2.2885e-012	7.5236e-014	9.9778e-006	
"20.10.2023 11:53:48.858"	1.0371e-011	7.8377e-014	3.4513e-013	5.0637e-014	2.3142e-012	7.4694e-014	9.9778e-006	
"20.10.2023 11:53:49.142"	1.0416e-011	7.8535e-014	3.4476e-013	5.1158e-014	2.3348e-012	7.7942e-014	9.9778e-006	
"20.10.2023 11:53:49.425"	1.0287e-011	7.8670e-014	3.4905e-013	5.2258e-014	2.2906e-012	7.6328e-014	9.9577e-006	
"20.10.2023 11:53:49.708"	1.0351e-011	7.8478e-014	3.4720e-013	5.0754e-014	2.3076e-012	7.6288e-014	9.9577e-006	
"20.10.2023 11:53:49.992"	1.0408e-011	7.7684e-014	3.4689e-013	5.1192e-014	2.3266e-012	7.5155e-014	9.9577e-006	
"20.10.2023 11:53:50.275"	1.0280e-011	7.9432e-014	3.4986e-013	5.2537e-014	2.2844e-012	7.4127e-014	9.9658e-006	
"20.10.2023 11:53:50.559"	1.0343e-011	7.8801e-014	3.4743e-013	5.0907e-014	2.3076e-012	7.4589e-014	9.9658e-006	
"20.10.2023 11:53:50.842"	1.0402e-011	7.8532e-014	3.4618e-013	5.0973e-014	2.3240e-012	7.6361e-014	9.9658e-006	
"20.10.2023 11:53:51.125"	1.0259e-011	8.0213e-014	3.4730e-013	5.1731e-014	2.2926e-012	7.4980e-014	9.9658e-006	
"20.10.2023 11:53:51.409"	1.0331e-011	7.8969e-014	3.4972e-013	5.1149e-014	2.2972e-012	7.1623e-014	9.9680e-006	
"20.10.2023 11:53:51.692"	1.0400e-011	7.8411e-014	3.4506e-013	5.0591e-014	2.3209e-012	7.6300e-014	9.9680e-006	
"20.10.2023 11:53:51.976"	1.0253e-011	7.9347e-014	3.5026e-013	5.2055e-014	2.2926e-012	7.8494e-014	9.9680e-006	
"20.10.2023 11:53:52.259"	1.0337e-011	7.9046e-014	3.5282e-013	5.2238e-014	2.2957e-012	7.4559e-014	9.9680e-006	
"20.10.2023 11:53:52.542"	1.0391e-011	7.9294e-014	3.4486e-013	5.1204e-014	2.3194e-012	7.2660e-014	9.9690e-006	
"20.10.2023 11:53:52.826"	1.0268e-011	7.9465e-014	3.5075e-013	5.2178e-014	2.3075e-012	7.6632e-014	9.9690e-006	
"20.10.2023 11:53:53.110"	1.0317e-011	7.9095e-014	3.4789e-013	5.2346e-014	2.2942e-012	7.5100e-014	9.9690e-006	
"20.10.2023 11:53:53.393"	1.0380e-011	7.8246e-014	3.4441e-013	5.0731e-014	2.3148e-012	7.8344e-014	9.9690e-006	
"20.10.2023 11:53:53.677"	1.0288e-011	7.8786e-014	3.4874e-013	5.1447e-014	2.3163e-012	7.4786e-014	9.9691e-006	
"20.10.2023 11:53:53.960"	1.0311e-011	7.9023e-014	3.5079e-013	5.2163e-014	2.2879e-012	7.5388e-014	9.9691e-006	
"20.10.2023 11:53:54.243"	1.0386e-011	7.9759e-014	3.4431e-013	5.0736e-014	2.3189e-012	7.1525e-014	9.9691e-006	
"20.10.2023 11:53:54.527"	1.0335e-011	7.8560e-014	3.4752e-013	5.1462e-014	2.3220e-012	7.5524e-014	9.9691e-006	
"20.10.2023 11:53:54.810"	1.0294e-011	7.8965e-014	3.4823e-013	5.1998e-014	2.2926e-012	7.4641e-014	9.9727e-006	
"20.10.2023 11:53:55.094"	1.0376e-011	7.8338e-014	3.4622e-013	5.0717e-014	2.3107e-012	7.5824e-014	9.9727e-006	
"20.10.2023 11:53:55.377"	1.0360e-011	7.9033e-014	3.4494e-013	5.1526e-014	2.3250e-012	7.3115e-014	9.9727e-006	
"20.10.2023 11:53:55.660"	1.0284e-011	7.8837e-014	3.5139e-013	5.1967e-014	2.2900e-012	7.6161e-014	9.9727e-006	
"20.10.2023 11:53:55.944"	1.0372e-011	7.8428e-014	3.4696e-013	5.1050e-014	2.3097e-012	7.5382e-014	9.9723e-006	
"20.10.2023 11:53:56.227"	1.0439e-011	7.8581e-014	3.4734e-013	5.1229e-014	2.3307e-012	7.3760e-014	9.9723e-006	
"20.10.2023 11:53:56.511"	1.0288e-011	7.9353e-014	3.4989e-013	5.2206e-014	2.2855e-012	7.3255e-014	9.9723e-006	
"20.10.2023 11:53:56.794"	1.0356e-011	7.7730e-014	3.4771e-013	5.1056e-014	2.3086e-012	7.8956e-014	9.9627e-006	
"20.10.2023 11:53:57.078"	1.0428e-011	7.8237e-014	3.4708e-013	5.1090e-014	2.3297e-012	7.1694e-014	9.9627e-006	
"20.10.2023 11:53:57.362"	1.0269e-011	7.8848e-014	3.5202e-013	5.1691e-014	2.2834e-012	7.6162e-014	9.9627e-006	
"20.10.2023 11:53:57.645"	1.0357e-011	7.9563e-014	3.4683e-013	5.0851e-014	2.3081e-012	7.4337e-014	9.9627e-006	
"20.10.2023 11:53:57.928"	1.0409e-011	7.7693e-014	3.4399e-013	5.1022e-014	2.3199e-012	7.4766e-014	9.9621e-006	
"20.10.2023 11:53:58.212"	1.0250e-011	7.8427e-014	3.4785e-013	5.2084e-014	2.2813e-012	7.3790e-014	9.9621e-006	
"20.10.2023 11:53:58.495"	1.0339e-011	7.9098e-014	3.5049e-013	5.1782e-014	2.2921e-012	7.3156e-014	9.9621e-006	
"20.10.2023 11:53:58.779"	1.0407e-011	7.8401e-014	3.4747e-013	5.1049e-014	2.3189e-012	7.5804e-014	9.9621e-006	
"20.10.2023 11:53:59.062"	1.0242e-011	7.9345e-014	3.4504e-013	5.1751e-014	2.2931e-012	7.5242e-014	9.9477e-006	
"20.10.2023 11:53:59.345"	1.0353e-011	7.8026e-014	3.5363e-013	5.2536e-014	2.2808e-012	7.5587e-014	9.9477e-006	
"20.10.2023 11:53:59.629"	1.0584e-011	7.6177e-014	3.6899e-013	5.8145e-014	1.6055e-012	7.5324e-014	9.9477e-006	
"20.10.2023 11:53:59.912"	1.0651e-011	7.6294e-014	3.8857e-013	6.3399e-014	1.1236e-012	7.4867e-014	9.9477e-006	
"20.10.2023 11:54:00.196"	1.0849e-011	7.6100e-014	4.0234e-013	6.7431e-014	8.6278e-013	7.3138e-014	9.9734e-006	
"20.10.2023 11:54:00.479"	1.0990e-011	7.4792e-014	3.9775e-013	6.6678e-014	7.1128e-013	7.2454e-014	9.9734e-006	
"20.10.2023 11:54:00.762"	1.0918e-011	7.5610e-014	4.0732e-013	6.9263e-014	6.0545e-013	6.7843e-014	9.9734e-006	
"20.10.2023 11:54:01.047"	1.0995e-011	7.3402e-014	4.1268e-013	7.0870e-014	5.2282e-013	9.0264e-014	9.9734e-006	
"20.10.2023 11:54:01.330"	1.1111e-011	7.4383e-014	4.0801e-013	6.8903e-014	4.6312e-013	8.2577e-014	9.9779e-006	
"20.10.2023 11:54:01.615"	1.1025e-011	7.4820e-014	4.1171e-013	7.0485e-014	4.1324e-013	7.1291e-014	9.9779e-006	
"20.10.2023 11:54:01.898"	1.1070e-011	7.2713e-014	4.2400e-013	7.2456e-014	3.6695e-013	5.7271e-014	9.9779e-006	
"20.10.2023 11:54:02.182"	1.1161e-011	7.4323e-014	4.1049e-013	7.0654e-014	3.3377e-013	4.8115e-014	9.9779e-006	
"20.10.2023 11:54:02.466"	1.1116e-011	7.4375e-014	4.2075e-013	7.1873e-014	3.0307e-013	3.8899e-014	1.0015e-005	
"20.10.2023 11:54:02.751"	1.1120e-011	7.3419e-014	4.2059e-013	7.3281e-014	2.6560e-013	3.1598e-014	1.0015e-005	
"20.10.2023 11:54:03.034"	1.1209e-011	7.3411e-014	4.1504e-013	7.1328e-014	2.4757e-013	2.7293e-014	1.0015e-005	
"20.10.2023 11:54:03.318"	1.1213e-011	7.5008e-014	4.2296e-013	7.2021e-014	2.2376e-013	2.3043e-014	1.0015e-005	
"20.10.2023 11:54:03.601"	1.1139e-011	7.4149e-014	4.2724e-013	7.3467e-014	2.0059e-013	1.9724e-014	1.0012e-005	
"20.10.2023 11:54:03.884"	1.1230e-011	7.3696e-014	4.1821e-013	7.1810e-014	1.8198e-013	1.7594e-014	1.0012e-005	
"20.10.2023 11:54:04.168"	1.1317e-011	7.4219e-014	4.2501e-013	7.3132e-014	1.7033e-013	1.5597e-014	1.0012e-005	
"20.10.2023 11:54:04.451"	1.1153e-011	7.4374e-014	4.2736e-013	7.4470e-014	1.4674e-013	1.3560e-014	1.0035e-005	
"20.10.2023 11:54:04.735"	1.1261e-011	7.3008e-014	4.2194e-013	7.2500e-014	1.3328e-013	1.2001e-014	1.0035e-005	
"20.10.2023 11:54:05.018"	1.1339e-011	7.1994e-014	4.2616e-013	7.3617e-014	1.1997e-013	1.1035e-014	1.0035e-005	
"20.10.2023 11:54:05.302"	1.1167e-011	7.2977e-014	4.3008e-013	7.4470e-014	1.1121e-013	9.8134e-015	1.0035e-005	
"20.10.2023 11:54:05.585"	1.1248e-011	7.2276e-014	4.2717e-013	7.3252e-014	9.9410e-014	8.8072e-015	1.0053e-005	
"20.10.2023 11:54:05.868"	1.1370e-011	7.2143e-014	4.2691e-013	7.4170e-014	9.1168e-014	7.9298e-015	1.0053e-005	
"20.10.2023 11:54:06.152"	1.1194e-011	7.3011e-014	4.3278e-013	7.4991e-014	8.1900e-014	7.1609e-015	1.0053e-005	
"20.10.2023 11:54:06.436"	1.1275e-011	7.2946e-014	4.3034e-013	7.4199e-014	7.4658e-014	6.4326e-015	1.0053e-005	
"20.10.2023 11:54:06.719"	1.1375e-011	7.2017e-014	4.2664e-013	7.3709e-014	6.9141e-014	5.8711e-015	1.0075e-005	
"20.10.2023 11:54:07.002"	1.1173e-011	7.2908e-014	4.3027e-013	7.5117e-014	6.1684e-014	5.2011e-015	1.0075e-005	
"20.10.2023 11:54:07.286"	1.1267e-011	7.2568e-014	4.3004e-013	7.4851e-014	5.6551e-014	4.9734e-015	1.0075e-005	
"20.10.2023 11:54:07.569"	1.1366e-011	7.2896e-014	4.2799e-013	7.3918e-014	5.1681e-014	4.3702e-015	1.0075e-005	
"20.10.2023 11:54:07.853"	1.1174e-011	7.3334e-014	4.3117e-013	7.4904e-014	4.7220e-014	4.0543e-015	1.0094e-005	
"20.10.2023 11:54:08.136"	1.1287e-011	7.2797e-014	4.3546e-013	7.6042e-014	4.2620e-014	3.7074e-015	1.0094e-005	
"20.10.2023 11:54:08.420"	1.1369e-011	7.1518e-014	4.2432e-013	7.3670e-014	3.8803e-014	3.4690e-015	1.0094e-005	
"20.10.2023 11:54:08.703"	1.1233e-011	7.2779e-014	4.2802e-013	7.5167e-014	3.5068e-014	3.0613e-015	1.0094e-005	
"20.10.2023 11:54:08.986"	1.1278e-011	7.1836e-014	4.3594e-013	7.6241e-014	3.1763e-014	2.7645e-015	1.0094e-005	
"20.10.2023 11:54:09.270"	1.1364e-011	7.1960e-014	4.2636e-013	7.3954e-014	2.9135e-014	2.5118e-015	1.0094e-005	
"20.10.2023 11:54:09.553"	1.1292e-011	7.2669e-014	4.3040e-013	7.5065e-014	2.7164e-014	2.2447e-015	1.0094e-005	
"20.10.2023 11:54:09.837"	1.1281e-011	7.2700e-014	4.3822e-013	7.5611e-014	2.4198e-014	2.2495e-015	1.0094e-005	
"20.10.2023 11:54:10.120"	1.1370e-011	7.2455e-014	4.2633e-013	7.3859e-014	2.2625e-014	2.0051e-015	1.0094e-005	
"20.10.2023 11:54:10.404"	1.1350e-011	7.3624e-014	4.3004e-013	7.4586e-014	2.0603e-014	1.9121e-015	1.0094e-005	
"20.10.2023 11:54:10.687"	1.1268e-011	7.3072e-014	4.3371e-013	7.6232e-014	1.9027e-014	1.7893e-015	1.0094e-005	
"20.10.2023 11:54:10.971"	1.1370e-011	7.1466e-014	4.2914e-013	7.4083e-014	1.7299e-014	1.5688e-015	1.0103e-005	
"20.10.2023 11:54:11.255"	1.1411e-011	7.4091e-014	4.2906e-013	7.4700e-014	1.6233e-014	1.3816e-015	1.0103e-005	
"20.10.2023 11:54:11.538"	1.1272e-011	7.3318e-014	4.3196e-013	7.5651e-014	1.4595e-014	1.2422e-015	1.0103e-005	
"20.10.2023 11:54:11.821"	1.1362e-011	7.2117e-014	4.2714e-013	7.3535e-014	1.3336e-014	1.2147e-015	1.0103e-005	
"20.10.2023 11:54:12.105"	1.1441e-011	7.2472e-014	4.2847e-013	7.4991e-014	1.2684e-014	1.1790e-015	1.0110e-005	
"20.10.2023 11:54:12.388"	1.1255e-011	7.3382e-014	4.3513e-013	7.5355e-014	1.1636e-014	1.1504e-015	1.0110e-005	
"20.10.2023 11:54:12.672"	1.1356e-011	7.3964e-014	4.2898e-013	7.4284e-014	1.0672e-014	1.1039e-015	1.0110e-005	
"20.10.2023 11:54:12.955"	1.1428e-011	7.1862e-014	4.2987e-013	7.4431e-014	9.9040e-015	1.0300e-015	1.0110e-005	
"20.10.2023 11:54:13.238"	1.1255e-011	7.1557e-014	4.3228e-013	7.5814e-014	9.1136e-015	9.6679e-016	1.0130e-005	
"20.10.2023 11:54:13.522"	1.1339e-011	7.2778e-014	4.3130e-013	7.4317e-014	8.7333e-015	6.9619e-016	1.0130e-005	
"20.10.2023 11:54:13.805"	1.1445e-011	7.2284e-014	4.2890e-013	7.4416e-014	8.1551e-015	7.5579e-016	1.0130e-005	
"20.10.2023 11:54:14.089"	1.1234e-011	7.2067e-014	4.3802e-013	7.6068e-014	7.5531e-015	6.7115e-016	1.0130e-005	
"20.10.2023 11:54:14.372"	1.1332e-011	7.2286e-014	4.3459e-013	7.5757e-014	6.8820e-015	6.2585e-016	1.0132e-005	
"20.10.2023 11:54:14.656"	1.1428e-011	7.1358e-014	4.2580e-013	7.4422e-014	6.6614e-015	6.9976e-016	1.0132e-005	
"20.10.2023 11:54:14.939"	1.1227e-011	7.2704e-014	4.3283e-013	7.5467e-014	6.1596e-015	7.8082e-016	1.0132e-005	
"20.10.2023 11:54:15.222"	1.1331e-011	7.1735e-014	4.3433e-013	7.5943e-014	5.9402e-015	6.4373e-016	1.0132e-005	
"20.10.2023 11:54:15.506"	1.1415e-011	7.1709e-014	4.2838e-013	7.4504e-014	5.7948e-015	7.0215e-016	1.0135e-005	
"20.10.2023 11:54:15.790"	1.1246e-011	7.2668e-014	4.3388e-013	7.5775e-014	5.2941e-015	5.2572e-016	1.0135e-005	
"20.10.2023 11:54:16.075"	1.1337e-011	7.3330e-014	4.3798e-013	7.6690e-014	4.9734e-015	5.5552e-016	1.0135e-005	
"20.10.2023 11:54:16.358"	1.1409e-011	7.1773e-014	4.2545e-013	7.3037e-014	4.7875e-015	5.0307e-016	1.0135e-005	
"20.10.2023 11:54:16.642"	1.1293e-011	7.3263e-014	4.3108e-013	7.5454e-014	4.7362e-015	5.1379e-016	1.0147e-005	
"20.10.2023 11:54:16.926"	1.1331e-011	7.1578e-014	4.3541e-013	7.6512e-014	4.3631e-015	4.4942e-016	1.0147e-005	
"20.10.2023 11:54:17.210"	1.1425e-011	7.1421e-014	4.2973e-013	7.4561e-014	4.3047e-015	3.1591e-016	1.0147e-005	
"20.10.2023 11:54:17.495"	1.1305e-011	7.3122e-014	4.3114e-013	7.5392e-014	4.0710e-015	3.4332e-016	1.0160e-005	
"20.10.2023 11:54:17.779"	1.1333e-011	7.2762e-014	4.3700e-013	7.6429e-014	3.7861e-015	2.7061e-016	1.0160e-005	
"20.10.2023 11:54:18.062"	1.1412e-011	7.2229e-014	4.2756e-013	7.4320e-014	3.8600e-015	3.9220e-016	1.0160e-005	
"20.10.2023 11:54:18.346"	1.1336e-011	7.3282e-014	4.3580e-013	7.5468e-014	3.7670e-015	4.6492e-016	1.0160e-005	
"20.10.2023 11:54:18.629"	1.1311e-011	7.2410e-014	4.3341e-013	7.6285e-014	3.5942e-015	4.0412e-016	1.0175e-005	
"20.10.2023 11:54:18.913"	1.1409e-011	7.1746e-014	4.2732e-013	7.4227e-014	3.5286e-015	3.5167e-016	1.0175e-005	
"20.10.2023 11:54:19.196"	1.1408e-011	7.3039e-014	4.3166e-013	7.5187e-014	3.4213e-015	2.5511e-016	1.0175e-005	
"20.10.2023 11:54:19.479"	1.1303e-011	7.2316e-014	4.3468e-013	7.5894e-014	3.4130e-015	2.1100e-016	1.0175e-005	
"20.10.2023 11:54:19.763"	1.1401e-011	7.2939e-014	4.2872e-013	7.4338e-014	3.1865e-015	3.3736e-016	1.0174e-005	
"20.10.2023 11:54:20.047"	1.1456e-011	7.1943e-014	4.2826e-013	7.5021e-014	3.1006e-015	2.7418e-016	1.0174e-005	
"20.10.2023 11:54:20.330"	1.1289e-011	7.2865e-014	4.3204e-013	7.5835e-014	3.2580e-015	3.4928e-016	1.0174e-005	
"20.10.2023 11:54:20.613"	1.1401e-011	7.2240e-014	4.2786e-013	7.4120e-014	2.9433e-015	3.4332e-016	1.0174e-005	
"20.10.2023 11:54:20.897"	1.1469e-011	7.1539e-014	4.3157e-013	7.4911e-014	3.1102e-015	2.7061e-016	1.0174e-005	
"20.10.2023 11:54:21.180"	1.1283e-011	7.3458e-014	4.3512e-013	7.6363e-014	3.0053e-015	2.3961e-016	1.0174e-005	
"20.10.2023 11:54:21.464"	1.1375e-011	7.1946e-014	4.3218e-013	7.4453e-014	3.0053e-015	2.9445e-016	1.0174e-005	
"20.10.2023 11:54:21.747"	1.1472e-011	7.1181e-014	4.2971e-013	7.5004e-014	2.8372e-015	4.0531e-016	1.0174e-005	
"20.10.2023 11:54:22.031"	1.1275e-011	7.3620e-014	4.3647e-013	7.6071e-014	2.9171e-015	4.3869e-016	1.0173e-005	
"20.10.2023 11:54:22.314"	1.1349e-011	7.2373e-014	4.3188e-013	7.5184e-014	2.8670e-015	4.2081e-016	1.0173e-005	
"20.10.2023 11:54:22.597"	1.1454e-011	7.1681e-014	4.2805e-013	7.5068e-014	2.9016e-015	3.0041e-016	1.0173e-005	
"20.10.2023 11:54:22.881"	1.1256e-011	7.3279e-014	4.3440e-013	7.5876e-014	2.9481e-015	2.9922e-016	1.0173e-005	
"20.10.2023 11:54:23.164"	1.1338e-011	7.2449e-014	4.3337e-013	7.5757e-014	2.7263e-015	4.2677e-016	1.0174e-005	
"20.10.2023 11:54:23.448"	1.1430e-011	7.1464e-014	4.2631e-013	7.4622e-014	2.6930e-015	3.4332e-016	1.0174e-005	
"20.10.2023 11:54:23.731"	1.1259e-011	7.3530e-014	4.3443e-013	7.5999e-014	3.0089e-015	3.2067e-016	1.0174e-005	
"20.10.2023 11:54:24.014"	1.1342e-011	7.3264e-014	4.4173e-013	7.6973e-014	2.7561e-015	1.8358e-016	1.0174e-005	
"20.10.2023 11:54:24.298"	1.1424e-011	7.1942e-014	4.3093e-013	7.4500e-014	2.5869e-015	3.2067e-016	1.0177e-005	
"20.10.2023 11:54:24.582"	1.1297e-011	7.3388e-014	4.3461e-013	7.5217e-014	2.6727e-015	2.8610e-016	1.0177e-005	
"20.10.2023 11:54:24.865"	1.1330e-011	7.2748e-014	4.3644e-013	7.6446e-014	2.6381e-015	3.9816e-016	1.0177e-005	
"20.10.2023 11:54:25.149"	1.1420e-011	7.2638e-014	4.3043e-013	7.4585e-014	2.6965e-015	2.4676e-016	1.0174e-005	
"20.10.2023 11:54:25.432"	1.1365e-011	7.2962e-014	4.3189e-013	7.5350e-014	2.6286e-015	4.6492e-016	1.0174e-005	
"20.10.2023 11:54:25.716"	1.1308e-011	7.2030e-014	4.3665e-013	7.6397e-014	2.5463e-015	3.9101e-016	1.0174e-005	
"20.10.2023 11:54:25.999"	1.1411e-011	7.0252e-014	4.2782e-013	7.4319e-014	2.5535e-015	1.4067e-016	1.0174e-005	
"20.10.2023 11:54:26.282"	1.1423e-011	7.3003e-014	4.2996e-013	7.5475e-014	2.6024e-015	3.7432e-016	1.0172e-005	
"20.10.2023 11:54:26.566"	1.1302e-011	7.2458e-014	4.3773e-013	7.6515e-014	2.5261e-015	2.2292e-016	1.0172e-005	
"20.10.2023 11:54:26.849"	1.1400e-011	7.1161e-014	4.3212e-013	7.4582e-014	2.5189e-015	2.4915e-016	1.0172e-005	
"20.10.2023 11:54:27.133"	1.1464e-011	7.1569e-014	4.2637e-013	7.4917e-014	2.5070e-015	2.7180e-016	1.0172e-005	
"20.10.2023 11:54:27.416"	1.1281e-011	7.3539e-014	4.3296e-013	7.6102e-014	2.5451e-015	2.0623e-016	1.0177e-005	
"20.10.2023 11:54:27.699"	1.1379e-011	7.2073e-014	4.3131e-013	7.4406e-014	2.6608e-015	4.5896e-016	1.0177e-005	
"20.10.2023 11:54:27.983"	1.1484e-011	7.1663e-014	4.2774e-013	7.4753e-014	2.4128e-015	3.9697e-016	1.0177e-005	
"20.10.2023 11:54:28.266"	1.1283e-011	7.3713e-014	4.3913e-013	7.6250e-014	2.4474e-015	3.0399e-016	1.0177e-005	
"20.10.2023 11:54:28.550"	1.1385e-011	7.2313e-014	4.3351e-013	7.4491e-014	2.5344e-015	3.5882e-016	1.0172e-005	
"20.10.2023 11:54:28.833"	1.1451e-011	7.1452e-014	4.2993e-013	7.4829e-014	2.6751e-015	3.1829e-016	1.0172e-005	
"20.10.2023 11:54:29.117"	1.1267e-011	7.2517e-014	4.3199e-013	7.6175e-014	2.4438e-015	3.0756e-016	1.0172e-005	
"20.10.2023 11:54:29.400"	1.1368e-011	7.1898e-014	4.3594e-013	7.5438e-014	2.5129e-015	1.1206e-016	1.0172e-005	
"20.10.2023 11:54:29.684"	1.1451e-011	7.2091e-014	4.2990e-013	7.5196e-014	2.5833e-015	3.2902e-016	1.0176e-005	
"20.10.2023 11:54:29.967"	1.1243e-011	7.2713e-014	4.3425e-013	7.5739e-014	2.4057e-015	2.2531e-016	1.0176e-005	
"20.10.2023 11:54:30.251"	1.1360e-011	7.3058e-014	4.3566e-013	7.6011e-014	2.4581e-015	1.0014e-016	1.0176e-005	
"20.10.2023 11:54:30.534"	1.1429e-011	7.2035e-014	4.3091e-013	7.4857e-014	2.5702e-015	3.1233e-016	1.0176e-005	
"20.10.2023 11:54:30.817"	1.1245e-011	7.2781e-014	4.3368e-013	7.5997e-014	2.3675e-015	3.9816e-016	1.0173e-005	
"20.10.2023 11:54:31.103"	1.1342e-011	7.2216e-014	4.3836e-013	7.6323e-014	2.4557e-015	3.3021e-016	1.0173e-005	
"20.10.2023 11:54:31.386"	1.1422e-011	7.1649e-014	4.2695e-013	7.4827e-014	2.3174e-015	4.0174e-016	1.0173e-005	
"20.10.2023 11:54:31.670"	1.1270e-011	7.2601e-014	4.3545e-013	7.5814e-014	2.5725e-015	3.6717e-016	1.0174e-005	
"20.10.2023 11:54:31.954"	1.1334e-011	7.3715e-014	4.3856e-013	7.6753e-014	2.5344e-015	1.0371e-016	1.0174e-005	
"20.10.2023 11:54:32.238"	1.1435e-011	7.2570e-014	4.2826e-013	7.4234e-014	2.4665e-015	2.9087e-016	1.0174e-005	
"20.10.2023 11:54:32.523"	1.1294e-011	7.3498e-014	4.2615e-013	7.5263e-014	2.4366e-015	2.3365e-016	1.0174e-005	
"20.10.2023 11:54:32.807"	1.1322e-011	7.3066e-014	4.3790e-013	7.6702e-014	2.3759e-015	2.2054e-016	1.0175e-005	
"20.10.2023 11:54:33.091"	1.1422e-011	7.1497e-014	4.2994e-013	7.4880e-014	2.2793e-015	3.0637e-016	1.0175e-005	
"20.10.2023 11:54:33.374"	1.1341e-011	7.2956e-014	4.3328e-013	7.5434e-014	2.4462e-015	2.4200e-016	1.0175e-005	
"20.10.2023 11:54:33.658"	1.1318e-011	7.2472e-014	4.3767e-013	7.6105e-014	2.3496e-015	2.7537e-016	1.0175e-005	
"20.10.2023 11:54:33.942"	1.1403e-011	7.1427e-014	4.2859e-013	7.4501e-014	2.5141e-015	3.0637e-016	1.0175e-005	
"20.10.2023 11:54:34.225"	1.1401e-011	7.3545e-014	4.3448e-013	7.5617e-014	2.3270e-015	1.9193e-016	1.0175e-005	
"20.10.2023 11:54:34.508"	1.1306e-011	7.3121e-014	4.3488e-013	7.6306e-014	2.5439e-015	2.8491e-016	1.0175e-005	
"20.10.2023 11:54:34.792"	1.1404e-011	7.1428e-014	4.2799e-013	7.4370e-014	2.4712e-015	2.3007e-016	1.0175e-005	
"20.10.2023 11:54:35.075"	1.1454e-011	7.2918e-014	4.3230e-013	7.5419e-014	2.5773e-015	2.7657e-016	1.0176e-005	
"20.10.2023 11:54:35.359"	1.1292e-011	7.1632e-014	4.3684e-013	7.6131e-014	2.4951e-015	4.4346e-016	1.0176e-005	
"20.10.2023 11:54:35.642"	1.1394e-011	7.2484e-014	4.2911e-013	7.4416e-014	2.4974e-015	3.4571e-016	1.0176e-005	
"20.10.2023 11:54:35.925"	1.1480e-011	7.2116e-014	4.2814e-013	7.4991e-014	2.2626e-015	3.8266e-016	1.0176e-005	
"20.10.2023 11:54:36.209"	1.1295e-011	7.2918e-014	4.3636e-013	7.6034e-014	2.3246e-015	2.8372e-016	1.0175e-005	
"20.10.2023 11:54:36.492"	1.1384e-011	7.2450e-014	4.3304e-013	7.4294e-014	2.3139e-015	2.6941e-016	1.0175e-005	
"20.10.2023 11:54:36.776"	1.1481e-011	7.1514e-014	4.2962e-013	7.4833e-014	2.3580e-015	3.0279e-016	1.0175e-005	
"20.10.2023 11:54:37.059"	1.1284e-011	7.1873e-014	4.3566e-013	7.6330e-014	2.4676e-015	3.5048e-016	1.0175e-005	
"20.10.2023 11:54:37.343"	1.1374e-011	7.2683e-014	4.3512e-013	7.4892e-014	2.4676e-015	1.8716e-016	1.0174e-005	
"20.10.2023 11:54:37.626"	1.1456e-011	7.1918e-014	4.3214e-013	7.4603e-014	2.5892e-015	1.6928e-016	1.0174e-005	
"20.10.2023 11:54:37.909"	1.1265e-011	7.3538e-014	4.3412e-013	7.6126e-014	2.3913e-015	3.1948e-016	1.0174e-005	
"20.10.2023 11:54:38.193"	1.1362e-011	7.3181e-014	4.3563e-013	7.5387e-014	2.3770e-015	1.7166e-016	1.0174e-005	
"20.10.2023 11:54:38.477"	1.1454e-011	7.0757e-014	4.2863e-013	7.4507e-014	2.3663e-015	2.7537e-016	1.0174e-005	
"20.10.2023 11:54:38.760"	1.1253e-011	7.2890e-014	4.3219e-013	7.5553e-014	2.5916e-015	2.0981e-016	1.0174e-005	
"20.10.2023 11:54:39.044"	1.1355e-011	7.2377e-014	4.3801e-013	7.6566e-014	2.2209e-015	4.3154e-016	1.0174e-005	
"20.10.2023 11:54:39.327"	1.1432e-011	7.2497e-014	4.3168e-013	7.4760e-014	2.5094e-015	4.1843e-016	1.0173e-005	
