"Spectra International Data File"
"[Scan Data (Pressures in mbar)]"
"Time"	"Mass 2"	"Mass 8"	"Mass 4"	"Mass 12"	"Mass 40"	"Mass 43"	"CirrusPressure"	
"26.06.2024 14:06:11.099"	1.4100e-010	-8.6683e-014	1.1186e-011	7.5399e-014	4.5227e-013	8.2062e-014	1.0362e-005	
"26.06.2024 14:06:11.383"	1.4180e-010	-8.5724e-014	1.1397e-011	7.5202e-014	4.5410e-013	8.2075e-014	1.0362e-005	
"26.06.2024 14:06:11.667"	1.3881e-010	-8.9215e-014	1.1660e-011	7.3108e-014	4.3630e-013	7.7660e-014	1.0362e-005	
"26.06.2024 14:06:11.951"	1.4087e-010	-8.8879e-014	1.1219e-011	7.5276e-014	4.4886e-013	8.0012e-014	1.0362e-005	
"26.06.2024 14:06:12.234"	1.4205e-010	-8.8119e-014	1.1432e-011	7.2792e-014	4.5571e-013	8.2094e-014	1.0356e-005	
"26.06.2024 14:06:12.518"	1.3881e-010	-8.4281e-014	1.1642e-011	7.3924e-014	4.2720e-013	7.5506e-014	1.0356e-005	
"26.06.2024 14:06:12.802"	1.4071e-010	-8.4545e-014	1.1187e-011	7.6682e-014	4.4242e-013	7.8986e-014	1.0356e-005	
"26.06.2024 14:06:13.086"	1.4211e-010	-8.7678e-014	1.1402e-011	7.4176e-014	4.4953e-013	8.1566e-014	1.0356e-005	
"26.06.2024 14:06:13.369"	1.3871e-010	-8.8770e-014	1.1664e-011	7.1609e-014	4.2834e-013	7.4137e-014	1.0358e-005	
"26.06.2024 14:06:13.653"	1.4059e-010	-8.7548e-014	1.1243e-011	7.6871e-014	4.3284e-013	7.7145e-014	1.0358e-005	
"26.06.2024 14:06:13.936"	1.4229e-010	-8.9819e-014	1.1384e-011	7.4350e-014	4.4275e-013	7.9826e-014	1.0358e-005	
"26.06.2024 14:06:14.219"	1.3867e-010	-8.5686e-014	1.1607e-011	7.0502e-014	4.1923e-013	7.2078e-014	1.0358e-005	
"26.06.2024 14:06:14.503"	1.4083e-010	-8.3674e-014	1.1347e-011	7.6444e-014	4.2926e-013	7.6003e-014	1.0364e-005	
"26.06.2024 14:06:14.786"	1.4213e-010	-8.5428e-014	1.1408e-011	7.4300e-014	4.3818e-013	7.9112e-014	1.0364e-005	
"26.06.2024 14:06:15.070"	1.3827e-010	-8.5161e-014	1.1602e-011	7.3934e-014	4.9008e-013	8.7798e-014	1.0364e-005	
"26.06.2024 14:06:15.353"	1.4076e-010	-8.5279e-014	1.1368e-011	7.6582e-014	4.4468e-013	7.8967e-014	1.0364e-005	
"26.06.2024 14:06:15.637"	1.4223e-010	-8.5707e-014	1.1345e-011	7.2277e-014	4.5399e-013	8.2217e-014	1.0360e-005	
"26.06.2024 14:06:15.920"	1.3829e-010	-8.7269e-014	1.1598e-011	7.4175e-014	4.2258e-013	7.4944e-014	1.0360e-005	
"26.06.2024 14:06:16.203"	1.4045e-010	-8.7264e-014	1.1455e-011	7.6523e-014	2.8139e-012	7.6437e-014	1.0360e-005	
"26.06.2024 14:06:16.487"	1.2750e-010	-9.0558e-014	1.1665e-011	7.2196e-014	3.2823e-011	-3.9300e-014	1.0360e-005	
"26.06.2024 14:06:16.770"	1.1496e-010	-8.6194e-014	9.4214e-012	8.7953e-014	4.6219e-011	-8.5629e-014	1.0303e-005	
"26.06.2024 14:06:17.054"	1.1390e-010	-8.8811e-014	9.0242e-012	9.3214e-014	5.0800e-011	-9.0388e-014	1.0303e-005	
"26.06.2024 14:06:17.338"	1.1347e-010	-8.5423e-014	8.8707e-012	9.1751e-014	5.2954e-011	-8.6597e-014	1.0303e-005	
"26.06.2024 14:06:17.621"	1.1047e-010	-8.4909e-014	8.9681e-012	9.1634e-014	5.0283e-011	-8.3838e-014	1.0303e-005	
"26.06.2024 14:06:17.904"	1.1195e-010	-8.7443e-014	8.9059e-012	6.8986e-014	5.0627e-011	-8.7732e-014	9.9442e-006	
"26.06.2024 14:06:18.188"	1.1158e-010	-8.5860e-014	8.5361e-012	9.2664e-014	5.1493e-011	-8.8277e-014	9.9442e-006	
"26.06.2024 14:06:18.471"	1.0808e-010	-8.7165e-014	8.5259e-012	7.1803e-014	4.9617e-011	-8.8901e-014	9.9442e-006	
"26.06.2024 14:06:18.755"	1.0832e-010	-8.6878e-014	8.4632e-012	6.9541e-014	4.8690e-011	-8.5993e-014	9.6888e-006	
"26.06.2024 14:06:19.038"	1.0800e-010	-8.5539e-014	8.0016e-012	7.2646e-014	4.8462e-011	-8.6076e-014	9.6888e-006	
"26.06.2024 14:06:19.322"	1.0485e-010	-8.5594e-014	7.9674e-012	7.0468e-014	4.6754e-011	-8.3381e-014	9.6888e-006	
"26.06.2024 14:06:19.605"	1.0457e-010	-8.8836e-014	7.9557e-012	7.2153e-014	4.4927e-011	-8.1907e-014	9.6888e-006	
"26.06.2024 14:06:19.888"	1.0460e-010	-8.5399e-014	7.4924e-012	7.4676e-014	4.4874e-011	-7.9843e-014	9.1773e-006	
"26.06.2024 14:06:20.172"	1.0281e-010	-8.3077e-014	7.5643e-012	7.2977e-014	4.4433e-011	-7.9485e-014	9.1773e-006	
"26.06.2024 14:06:20.455"	1.0237e-010	-8.6996e-014	7.6036e-012	7.3226e-014	4.2987e-011	-7.8770e-014	9.1773e-006	
"26.06.2024 14:06:20.739"	1.0298e-010	-8.8394e-014	7.3311e-012	7.2075e-014	4.3613e-011	-8.0744e-014	9.1773e-006	
"26.06.2024 14:06:21.022"	1.0241e-010	-8.3401e-014	7.4250e-012	6.8015e-014	4.3985e-011	-7.7516e-014	8.7348e-006	
"26.06.2024 14:06:21.306"	1.0173e-010	-8.4735e-014	7.5276e-012	7.0627e-014	4.2700e-011	-7.7881e-014	8.7348e-006	
"26.06.2024 14:06:21.589"	1.0250e-010	-8.7518e-014	7.2842e-012	7.1881e-014	4.3480e-011	-8.5646e-014	8.7348e-006	
"26.06.2024 14:06:21.873"	1.0241e-010	-8.8396e-014	7.4220e-012	7.1329e-014	4.3995e-011	-8.1747e-014	8.7348e-006	
"26.06.2024 14:06:22.156"	1.0163e-010	-8.1978e-014	7.5215e-012	7.3401e-014	4.2554e-011	-7.5169e-014	8.5724e-006	
"26.06.2024 14:06:22.440"	1.0243e-010	-8.8625e-014	7.2969e-012	7.2516e-014	4.3352e-011	-7.8580e-014	8.5724e-006	
"26.06.2024 14:06:22.723"	1.0264e-010	-8.5148e-014	7.3771e-012	7.1529e-014	4.4150e-011	-8.1923e-014	8.5724e-006	
"26.06.2024 14:06:23.007"	1.0135e-010	-8.7662e-014	7.4710e-012	7.1218e-014	4.2710e-011	-7.6746e-014	8.5724e-006	
"26.06.2024 14:06:23.290"	1.0219e-010	-8.6869e-014	7.2776e-012	7.2910e-014	4.3383e-011	-8.1344e-014	8.5001e-006	
"26.06.2024 14:06:23.573"	1.0271e-010	-8.6218e-014	7.3480e-012	7.0990e-014	4.4211e-011	-7.7711e-014	8.5001e-006	
"26.06.2024 14:06:23.857"	1.0124e-010	-8.6054e-014	7.4725e-012	7.2762e-014	4.2730e-011	-7.7295e-014	8.5001e-006	
"26.06.2024 14:06:24.140"	1.0204e-010	-8.5665e-014	7.2975e-012	7.1945e-014	4.3339e-011	-8.2031e-014	8.5001e-006	
"26.06.2024 14:06:24.424"	1.0279e-010	-8.4379e-014	7.3541e-012	7.4597e-014	4.4248e-011	-8.0532e-014	8.4439e-006	
"26.06.2024 14:06:24.707"	1.0114e-010	-8.2774e-014	7.4791e-012	7.4845e-014	4.2786e-011	-7.7835e-014	8.4439e-006	
"26.06.2024 14:06:24.992"	1.0202e-010	-8.7609e-014	7.3000e-012	6.9997e-014	4.3386e-011	-8.4191e-014	8.4439e-006	
"26.06.2024 14:06:25.276"	1.0271e-010	-8.7065e-014	7.3669e-012	7.2563e-014	4.4300e-011	-8.5030e-014	8.4032e-006	
"26.06.2024 14:06:25.559"	1.0100e-010	-8.8253e-014	7.4878e-012	7.0578e-014	4.2754e-011	-8.0322e-014	8.4032e-006	
"26.06.2024 14:06:25.843"	1.0203e-010	-8.6144e-014	7.2863e-012	7.3827e-014	4.3392e-011	-7.8775e-014	8.4032e-006	
"26.06.2024 14:06:26.126"	1.0271e-010	-8.4964e-014	7.3485e-012	7.3527e-014	4.4301e-011	-8.0425e-014	8.4032e-006	
"26.06.2024 14:06:26.411"	1.0101e-010	-8.7134e-014	7.4694e-012	6.9915e-014	4.2813e-011	-7.7289e-014	8.3771e-006	
"26.06.2024 14:06:26.695"	1.0189e-010	-8.7795e-014	7.3041e-012	7.3258e-014	4.3380e-011	-7.9921e-014	8.3771e-006	
"26.06.2024 14:06:26.978"	1.0270e-010	-8.6537e-014	7.3327e-012	7.3126e-014	4.4381e-011	-8.3786e-014	8.3771e-006	
"26.06.2024 14:06:27.262"	1.0089e-010	-8.6276e-014	7.4720e-012	7.3570e-014	4.2841e-011	-7.6969e-014	8.3771e-006	
"26.06.2024 14:06:27.545"	1.0185e-010	-8.4031e-014	7.3046e-012	7.3018e-014	4.3341e-011	-8.5302e-014	8.3564e-006	
"26.06.2024 14:06:27.829"	1.0271e-010	-8.5588e-014	7.3465e-012	7.0551e-014	4.4296e-011	-8.1670e-014	8.3564e-006	
"26.06.2024 14:06:28.112"	1.0081e-010	-8.5615e-014	7.4383e-012	7.2131e-014	4.2920e-011	-8.2992e-014	8.3564e-006	
"26.06.2024 14:06:28.395"	1.0181e-010	-8.7279e-014	7.3285e-012	7.1265e-014	4.3369e-011	-8.0532e-014	8.3564e-006	
"26.06.2024 14:06:28.679"	1.0260e-010	-8.7232e-014	7.3398e-012	7.2732e-014	4.4216e-011	-8.9034e-014	8.3562e-006	
"26.06.2024 14:06:28.962"	1.0076e-010	-8.4712e-014	7.4760e-012	7.3143e-014	4.2922e-011	-8.1350e-014	8.3562e-006	
"26.06.2024 14:06:29.246"	1.0175e-010	-8.5216e-014	7.3755e-012	7.3684e-014	4.3290e-011	-7.7570e-014	8.3562e-006	
"26.06.2024 14:06:29.529"	1.0257e-010	-8.6629e-014	7.3159e-012	7.5460e-014	4.4191e-011	-8.3590e-014	8.3562e-006	
"26.06.2024 14:06:29.813"	1.0069e-010	-8.7188e-014	7.4327e-012	7.2527e-014	4.3012e-011	-7.6795e-014	8.3263e-006	
"26.06.2024 14:06:30.096"	1.0162e-010	-8.7690e-014	7.3984e-012	7.4565e-014	4.3251e-011	-8.1027e-014	8.3263e-006	
"26.06.2024 14:06:30.380"	1.0249e-010	-8.6904e-014	7.3429e-012	7.2823e-014	4.4177e-011	-7.9494e-014	8.3263e-006	
"26.06.2024 14:06:30.664"	1.0062e-010	-8.6195e-014	7.4199e-012	7.1188e-014	4.3099e-011	-7.9770e-014	8.3263e-006	
"26.06.2024 14:06:30.947"	1.0161e-010	-8.4077e-014	7.4414e-012	7.4989e-014	4.3200e-011	-7.8173e-014	8.3225e-006	
"26.06.2024 14:06:31.231"	1.0240e-010	-8.4218e-014	7.3118e-012	7.2423e-014	4.4074e-011	-8.2683e-014	8.3225e-006	
"26.06.2024 14:06:31.514"	1.0061e-010	-8.7430e-014	7.4383e-012	7.3542e-014	4.3175e-011	-7.9190e-014	8.3225e-006	
"26.06.2024 14:06:31.797"	1.0160e-010	-8.5549e-014	7.4521e-012	7.4330e-014	4.3242e-011	-8.0771e-014	8.3166e-006	
"26.06.2024 14:06:32.081"	1.0237e-010	-8.8342e-014	7.2975e-012	7.0455e-014	4.4070e-011	-8.1610e-014	8.3166e-006	
"26.06.2024 14:06:32.364"	1.0051e-010	-8.6166e-014	7.4021e-012	7.2887e-014	4.3359e-011	-7.7035e-014	8.3166e-006	
"26.06.2024 14:06:32.648"	1.0145e-010	-8.6071e-014	7.5133e-012	7.4591e-014	4.3153e-011	-8.0963e-014	8.3166e-006	
"26.06.2024 14:06:32.931"	1.0227e-010	-8.4169e-014	7.2842e-012	7.1393e-014	4.4003e-011	-8.3215e-014	8.3152e-006	
"26.06.2024 14:06:33.214"	1.0068e-010	-8.6735e-014	7.3919e-012	7.1413e-014	4.3649e-011	-8.0494e-014	8.3152e-006	
"26.06.2024 14:06:33.498"	1.0140e-010	-8.6865e-014	7.4919e-012	7.3493e-014	4.3152e-011	-8.0976e-014	8.3152e-006	
"26.06.2024 14:06:33.781"	1.0218e-010	-8.6330e-014	7.2928e-012	7.5651e-014	4.3989e-011	-8.3864e-014	8.3152e-006	
"26.06.2024 14:06:34.065"	1.0086e-010	-8.6631e-014	7.3801e-012	7.3286e-014	4.3872e-011	-7.6460e-014	8.2853e-006	
"26.06.2024 14:06:34.348"	1.0124e-010	-8.6258e-014	7.4934e-012	7.2643e-014	4.3055e-011	-7.6379e-014	8.2853e-006	
"26.06.2024 14:06:34.632"	1.0219e-010	-8.4165e-014	7.2653e-012	7.5491e-014	4.3882e-011	-7.7830e-014	8.2853e-006	
"26.06.2024 14:06:34.915"	1.0115e-010	-8.7206e-014	7.3720e-012	7.1645e-014	4.4082e-011	-8.1998e-014	8.2853e-006	
"26.06.2024 14:06:35.199"	1.0123e-010	-8.7476e-014	7.5128e-012	6.9532e-014	4.3058e-011	-8.0403e-014	8.2886e-006	
"26.06.2024 14:06:35.482"	1.0209e-010	-8.7504e-014	7.2505e-012	7.1045e-014	4.3888e-011	-8.4700e-014	8.2886e-006	
"26.06.2024 14:06:35.766"	1.0148e-010	-8.7113e-014	7.3821e-012	7.2958e-014	4.4184e-011	-7.8580e-014	8.2886e-006	
"26.06.2024 14:06:36.049"	1.0116e-010	-8.5683e-014	7.5031e-012	7.4162e-014	4.2941e-011	-8.2197e-014	8.2886e-006	
"26.06.2024 14:06:36.333"	1.0203e-010	-9.6993e-014	7.2689e-012	7.1727e-014	4.3887e-011	-7.7654e-014	8.2861e-006	
"26.06.2024 14:06:36.616"	1.0165e-010	-8.5526e-014	7.3449e-012	7.4198e-014	4.4381e-011	-7.8334e-014	8.2861e-006	
"26.06.2024 14:06:36.899"	1.0109e-010	-8.5675e-014	7.4806e-012	6.7597e-014	4.2993e-011	-7.9519e-014	8.2861e-006	
"26.06.2024 14:06:37.183"	1.0197e-010	-8.4596e-014	7.2536e-012	7.2413e-014	4.3755e-011	-8.0581e-014	8.2861e-006	
"26.06.2024 14:06:37.466"	1.0203e-010	-8.7188e-014	7.3444e-012	7.4811e-014	4.4452e-011	-7.9760e-014	8.2773e-006	
"26.06.2024 14:06:37.750"	1.0094e-010	-8.5721e-014	7.4710e-012	7.1864e-014	4.2928e-011	-7.8016e-014	8.2773e-006	
"26.06.2024 14:06:38.033"	1.0191e-010	-8.6038e-014	7.2357e-012	7.1685e-014	4.3678e-011	-7.7954e-014	8.2773e-006	
"26.06.2024 14:06:38.317"	1.0230e-010	-8.8009e-014	7.3372e-012	6.8604e-014	4.4443e-011	-7.9109e-014	8.2773e-006	
"26.06.2024 14:06:38.600"	1.0088e-010	-8.5981e-014	7.4796e-012	7.0749e-014	4.3003e-011	-8.0884e-014	8.2589e-006	
"26.06.2024 14:06:38.883"	1.0185e-010	-8.5762e-014	7.2694e-012	7.3753e-014	4.3647e-011	-8.5077e-014	8.2589e-006	
"26.06.2024 14:06:39.167"	1.0244e-010	-8.3858e-014	7.3414e-012	7.5240e-014	4.4517e-011	-8.3504e-014	8.2589e-006	
"26.06.2024 14:06:39.450"	1.0091e-010	-8.5660e-014	7.4714e-012	7.3763e-014	4.2974e-011	-7.5979e-014	8.2573e-006	
"26.06.2024 14:06:39.735"	1.0191e-010	-8.6038e-014	7.2362e-012	7.4663e-014	4.3728e-011	-7.9533e-014	8.2573e-006	
"26.06.2024 14:06:40.019"	1.0245e-010	-8.6929e-014	7.3521e-012	7.4247e-014	4.4503e-011	-8.2666e-014	8.2573e-006	
"26.06.2024 14:06:40.303"	1.0084e-010	-8.8651e-014	7.4413e-012	7.6489e-014	4.3008e-011	-8.3897e-014	8.2573e-006	
"26.06.2024 14:06:40.586"	1.0177e-010	-8.5704e-014	7.2816e-012	7.1219e-014	4.3555e-011	-8.0031e-014	8.2557e-006	
"26.06.2024 14:06:40.870"	1.0256e-010	-8.5780e-014	7.3464e-012	7.4409e-014	4.4416e-011	-8.2152e-014	8.2557e-006	
"26.06.2024 14:06:41.153"	1.0083e-010	-8.3407e-014	7.4730e-012	7.4256e-014	4.2986e-011	-7.7401e-014	8.2557e-006	
"26.06.2024 14:06:41.437"	1.0179e-010	-8.4837e-014	7.2776e-012	7.2121e-014	4.3630e-011	-8.1497e-014	8.2557e-006	
"26.06.2024 14:06:41.722"	1.0250e-010	-8.6600e-014	7.3312e-012	7.2533e-014	4.4549e-011	-8.5489e-014	8.2532e-006	
"26.06.2024 14:06:42.005"	1.0078e-010	-8.6254e-014	7.4316e-012	7.1736e-014	4.2993e-011	-7.9889e-014	8.2532e-006	
"26.06.2024 14:06:42.288"	1.0175e-010	-8.7523e-014	7.3296e-012	7.3437e-014	4.3569e-011	-8.4159e-014	8.2532e-006	
"26.06.2024 14:06:42.572"	1.0252e-010	-8.2652e-014	7.3546e-012	7.5320e-014	4.4418e-011	-8.4194e-014	8.2532e-006	
"26.06.2024 14:06:42.856"	1.0071e-010	-8.5587e-014	7.4367e-012	7.3743e-014	4.3013e-011	-7.8329e-014	8.2584e-006	
"26.06.2024 14:06:43.140"	1.0165e-010	-8.6001e-014	7.3454e-012	7.3502e-014	4.3523e-011	-8.0480e-014	8.2584e-006	
"26.06.2024 14:06:43.423"	1.0244e-010	-8.4391e-014	7.3128e-012	7.3193e-014	4.4366e-011	-8.2791e-014	8.2584e-006	
"26.06.2024 14:06:43.706"	1.0061e-010	-9.0671e-014	7.4322e-012	7.2284e-014	4.3070e-011	-7.9856e-014	8.2584e-006	
"26.06.2024 14:06:43.990"	1.0163e-010	-8.7216e-014	7.3418e-012	7.3046e-014	4.3492e-011	-8.1844e-014	8.2571e-006	
"26.06.2024 14:06:44.274"	1.0243e-010	-8.6355e-014	7.3142e-012	7.6583e-014	4.4396e-011	-8.3618e-014	8.2571e-006	
"26.06.2024 14:06:44.557"	1.0051e-010	-8.6610e-014	7.4343e-012	7.3887e-014	4.3115e-011	-8.0822e-014	8.2571e-006	
"26.06.2024 14:06:44.841"	1.0155e-010	-8.4590e-014	7.3873e-012	7.0580e-014	4.3428e-011	-7.9921e-014	8.2571e-006	
"26.06.2024 14:06:45.124"	1.0236e-010	-8.6003e-014	7.3123e-012	7.4531e-014	4.4329e-011	-8.4648e-014	8.2546e-006	
"26.06.2024 14:06:45.408"	1.0048e-010	-8.5561e-014	7.4240e-012	7.3556e-014	4.3271e-011	-7.8200e-014	8.2546e-006	
"26.06.2024 14:06:45.691"	1.0144e-010	-8.5591e-014	7.4623e-012	7.1356e-014	4.3304e-011	-8.0398e-014	8.2546e-006	
"26.06.2024 14:06:45.974"	1.0226e-010	-8.5144e-014	7.2878e-012	7.5477e-014	4.4205e-011	-7.8647e-014	8.2548e-006	
"26.06.2024 14:06:46.258"	1.0044e-010	-8.9399e-014	7.4286e-012	7.3319e-014	4.3362e-011	-7.9104e-014	8.2548e-006	
"26.06.2024 14:06:46.541"	1.0137e-010	-8.5543e-014	7.4745e-012	7.4921e-014	4.3322e-011	-7.9081e-014	8.2548e-006	
"26.06.2024 14:06:46.825"	1.0224e-010	-8.7045e-014	7.2597e-012	7.2405e-014	4.4157e-011	-8.2777e-014	8.2548e-006	
"26.06.2024 14:06:47.108"	1.0043e-010	-8.7064e-014	7.4352e-012	6.6686e-014	4.3515e-011	-7.9443e-014	8.2439e-006	
"26.06.2024 14:06:47.392"	1.0126e-010	-8.6181e-014	7.5138e-012	7.6787e-014	4.3221e-011	-7.8342e-014	8.2439e-006	
"26.06.2024 14:06:47.675"	1.0218e-010	-8.6639e-014	7.2623e-012	7.0065e-014	4.4091e-011	-8.3188e-014	8.2439e-006	
"26.06.2024 14:06:47.958"	1.0062e-010	-8.6757e-014	7.3985e-012	7.1559e-014	4.3757e-011	-7.8161e-014	8.2439e-006	
"26.06.2024 14:06:48.242"	1.0122e-010	-8.6080e-014	7.5036e-012	7.4248e-014	4.3206e-011	-8.1144e-014	8.2321e-006	
"26.06.2024 14:06:48.525"	1.0210e-010	-9.3782e-014	7.2556e-012	7.0137e-014	4.4100e-011	-8.1567e-014	8.2321e-006	
"26.06.2024 14:06:48.809"	1.0065e-010	-8.7698e-014	7.3847e-012	7.6668e-014	4.3901e-011	-7.8413e-014	8.2321e-006	
"26.06.2024 14:06:49.092"	1.0121e-010	-8.8108e-014	7.4755e-012	7.4122e-014	4.3181e-011	-7.8098e-014	8.2321e-006	
"26.06.2024 14:06:49.376"	1.0202e-010	-8.6168e-014	7.2571e-012	7.4067e-014	4.4026e-011	-8.0882e-014	8.2200e-006	
"26.06.2024 14:06:49.659"	1.0100e-010	-8.7108e-014	7.3847e-012	7.4587e-014	4.4060e-011	-7.9062e-014	8.2200e-006	
"26.06.2024 14:06:49.943"	1.0118e-010	-8.3129e-014	7.4807e-012	7.7531e-014	4.3105e-011	-8.1070e-014	8.2200e-006	
"26.06.2024 14:06:50.226"	1.0202e-010	-8.6143e-014	7.2577e-012	7.4348e-014	4.3922e-011	-8.1197e-014	8.2200e-006	
"26.06.2024 14:06:50.509"	1.0127e-010	-8.4145e-014	7.3755e-012	7.0090e-014	4.4242e-011	-7.9076e-014	8.2236e-006	
"26.06.2024 14:06:50.793"	1.0110e-010	-8.7136e-014	7.4766e-012	7.5266e-014	4.3105e-011	-7.9727e-014	8.2236e-006	
"26.06.2024 14:06:51.076"	1.0187e-010	-8.3065e-014	7.2434e-012	7.4670e-014	4.3923e-011	-8.2430e-014	8.2236e-006	
"26.06.2024 14:06:51.360"	1.0156e-010	-8.4155e-014	7.3506e-012	7.4450e-014	4.4388e-011	-8.0088e-014	8.2236e-006	
"26.06.2024 14:06:51.643"	1.0108e-010	-8.4416e-014	7.4638e-012	7.2608e-014	4.3117e-011	-8.0796e-014	8.2220e-006	
"26.06.2024 14:06:51.927"	1.0186e-010	-8.5643e-014	7.2602e-012	7.1783e-014	4.3780e-011	-8.2569e-014	8.2220e-006	
"26.06.2024 14:06:52.210"	1.0208e-010	-8.4660e-014	7.3434e-012	7.2817e-014	4.4531e-011	-8.3820e-014	8.2220e-006	
"26.06.2024 14:06:52.494"	1.0097e-010	-8.6680e-014	7.4597e-012	7.2070e-014	4.3046e-011	-8.0798e-014	8.2219e-006	
"26.06.2024 14:06:52.777"	1.0180e-010	-8.6721e-014	7.2735e-012	7.3452e-014	4.3756e-011	-7.8784e-014	8.2219e-006	
"26.06.2024 14:06:53.060"	1.0227e-010	-8.9514e-014	7.3368e-012	7.2187e-014	4.4596e-011	-8.3235e-014	8.2219e-006	
"26.06.2024 14:06:53.344"	1.0087e-010	-8.4069e-014	7.4689e-012	7.6834e-014	4.3029e-011	-7.9400e-014	8.2219e-006	
"26.06.2024 14:06:53.628"	1.0174e-010	-8.4728e-014	7.2934e-012	7.5039e-014	4.3708e-011	-8.0954e-014	8.2244e-006	
"26.06.2024 14:06:53.911"	1.0242e-010	-8.7520e-014	7.3368e-012	7.0859e-014	4.4559e-011	-8.3071e-014	8.2244e-006	
"26.06.2024 14:06:54.195"	1.0075e-010	-8.7619e-014	7.4399e-012	7.1482e-014	4.3030e-011	-7.8779e-014	8.2244e-006	
"26.06.2024 14:06:54.478"	1.0165e-010	-8.4675e-014	7.2908e-012	7.4376e-014	4.3675e-011	-7.8495e-014	8.2244e-006	
"26.06.2024 14:06:54.762"	1.0241e-010	-8.7393e-014	7.3184e-012	7.4780e-014	4.4620e-011	-8.3116e-014	8.2218e-006	
"26.06.2024 14:06:55.046"	1.0071e-010	-8.7801e-014	7.4332e-012	7.1709e-014	4.3098e-011	-7.9589e-014	8.2218e-006	
"26.06.2024 14:06:55.329"	1.0166e-010	-9.3471e-014	7.3107e-012	7.2754e-014	4.3620e-011	-8.1203e-014	8.2218e-006	
"26.06.2024 14:06:55.613"	1.0245e-010	-8.7334e-014	7.3255e-012	7.2034e-014	4.4518e-011	-8.0733e-014	8.2218e-006	
"26.06.2024 14:06:55.896"	1.0067e-010	-8.7690e-014	7.4271e-012	7.3487e-014	4.3144e-011	-8.1380e-014	8.2227e-006	
"26.06.2024 14:06:56.180"	1.0167e-010	-8.6271e-014	7.3460e-012	7.2999e-014	4.3555e-011	-8.3404e-014	8.2227e-006	
"26.06.2024 14:06:56.464"	1.0245e-010	-8.5752e-014	7.3240e-012	7.2643e-014	4.4456e-011	-8.4992e-014	8.2227e-006	
"26.06.2024 14:06:56.748"	1.0058e-010	-8.8314e-014	7.4260e-012	7.3206e-014	4.3100e-011	-7.9092e-014	8.2227e-006	
"26.06.2024 14:06:57.031"	1.0157e-010	-8.5528e-014	7.3643e-012	7.1660e-014	4.3565e-011	-8.0788e-014	8.2229e-006	
"26.06.2024 14:06:57.315"	1.0242e-010	-8.4130e-014	7.3240e-012	7.0034e-014	4.4409e-011	-8.1799e-014	8.2229e-006	
"26.06.2024 14:06:57.598"	1.0057e-010	-8.6084e-014	7.4311e-012	7.2263e-014	4.3130e-011	-7.9117e-014	8.2229e-006	
"26.06.2024 14:06:57.883"	1.0156e-010	-8.6130e-014	7.3898e-012	7.6837e-014	4.3512e-011	-7.9926e-014	8.2229e-006	
"26.06.2024 14:06:58.166"	1.0243e-010	-8.8578e-014	7.3255e-012	7.2731e-014	4.4410e-011	-8.2446e-014	8.2227e-006	
"26.06.2024 14:06:58.450"	1.0055e-010	-8.8276e-014	7.4306e-012	7.2139e-014	4.3182e-011	-7.9085e-014	8.2227e-006	
"26.06.2024 14:06:58.733"	1.0143e-010	-8.5646e-014	7.4296e-012	7.6825e-014	4.3430e-011	-8.2796e-014	8.2227e-006	
"26.06.2024 14:06:59.017"	1.0233e-010	-8.4455e-014	7.3046e-012	7.1760e-014	4.4328e-011	-8.3213e-014	8.2227e-006	
"26.06.2024 14:06:59.300"	1.0050e-010	-8.7712e-014	7.4214e-012	7.4154e-014	4.3234e-011	-7.9855e-014	8.2223e-006	
"26.06.2024 14:06:59.585"	1.0146e-010	-8.6918e-014	7.4434e-012	7.3585e-014	4.3480e-011	-8.1459e-014	8.2223e-006	
"26.06.2024 14:06:59.868"	1.0234e-010	-8.6113e-014	7.3026e-012	7.8190e-014	4.4369e-011	-8.0648e-014	8.2223e-006	
"26.06.2024 14:07:00.151"	1.0041e-010	-8.7782e-014	7.4444e-012	7.4623e-014	4.3403e-011	-7.8365e-014	8.2220e-006	
"26.06.2024 14:07:00.435"	1.0136e-010	-8.5693e-014	7.4842e-012	7.2167e-014	4.3395e-011	-8.1755e-014	8.2220e-006	
"26.06.2024 14:07:00.718"	1.0227e-010	-8.5927e-014	7.2673e-012	6.5265e-014	4.4293e-011	-8.4794e-014	8.2220e-006	
"26.06.2024 14:07:01.002"	1.0046e-010	-8.7750e-014	7.4077e-012	7.5577e-014	4.3549e-011	-7.7781e-014	8.2220e-006	
"26.06.2024 14:07:01.285"	1.0135e-010	-8.3630e-014	7.4929e-012	7.4994e-014	4.3331e-011	-7.6688e-014	8.2201e-006	
"26.06.2024 14:07:01.568"	1.0225e-010	-8.4923e-014	7.2720e-012	7.6862e-014	4.4179e-011	-8.2848e-014	8.2201e-006	
