"Spectra International Data File"
"[Scan Data (Pressures in mbar)]"
"Time"	"Mass 2"	"Mass 8"	"Mass 4"	"Mass 12"	"Mass 40"	"Mass 43"	"CirrusPressure"	
"26.06.2024 14:00:24.341"	1.3784e-010	-8.4599e-014	1.1497e-011	7.2152e-014	2.2267e-013	2.2122e-014	1.0386e-005	
"26.06.2024 14:00:24.625"	1.4003e-010	-8.6309e-014	1.1691e-011	7.3853e-014	2.1944e-013	2.2661e-014	1.0388e-005	
"26.06.2024 14:00:24.909"	1.4175e-010	-8.8425e-014	1.1244e-011	7.2590e-014	2.2476e-013	2.3471e-014	1.0388e-005	
"26.06.2024 14:00:25.192"	1.3827e-010	-8.6185e-014	1.1577e-011	7.3352e-014	2.2368e-013	2.2469e-014	1.0388e-005	
"26.06.2024 14:00:25.476"	1.4018e-010	-8.6273e-014	1.1742e-011	7.4607e-014	2.1811e-013	2.2239e-014	1.0388e-005	
"26.06.2024 14:00:25.760"	1.4155e-010	-8.2818e-014	1.1216e-011	7.3637e-014	2.2125e-013	2.2893e-014	1.0388e-005	
"26.06.2024 14:00:26.043"	1.3822e-010	-8.5054e-014	1.1516e-011	7.3452e-014	2.2430e-013	2.1964e-014	1.0388e-005	
"26.06.2024 14:00:26.327"	1.4021e-010	-8.7781e-014	1.1741e-011	7.2396e-014	2.1497e-013	2.2321e-014	1.0388e-005	
"26.06.2024 14:00:26.610"	1.4182e-010	-8.5002e-014	1.1212e-011	7.4371e-014	2.2255e-013	2.3071e-014	1.0391e-005	
"26.06.2024 14:00:26.894"	1.3826e-010	-8.5923e-014	1.1506e-011	7.2359e-014	2.1826e-013	2.1799e-014	1.0391e-005	
"26.06.2024 14:00:27.177"	1.4008e-010	-8.4106e-014	1.1759e-011	7.2959e-014	2.1620e-013	2.1877e-014	1.0391e-005	
"26.06.2024 14:00:27.461"	1.4172e-010	-8.5968e-014	1.1207e-011	7.5641e-014	2.2410e-013	2.3078e-014	1.0391e-005	
"26.06.2024 14:00:27.745"	1.3842e-010	-8.7839e-014	1.1525e-011	7.2002e-014	2.1872e-013	2.1488e-014	1.0388e-005	
"26.06.2024 14:00:28.029"	1.3976e-010	-8.4785e-014	1.1735e-011	7.3213e-014	2.1418e-013	2.1374e-014	1.0388e-005	
"26.06.2024 14:00:28.312"	1.4159e-010	-8.5323e-014	1.1186e-011	7.4813e-014	2.1796e-013	2.2302e-014	1.0388e-005	
"26.06.2024 14:00:28.596"	1.3867e-010	-8.7328e-014	1.1537e-011	7.4499e-014	2.2139e-013	2.1784e-014	1.0388e-005	
"26.06.2024 14:00:28.879"	1.4018e-010	-8.7774e-014	1.1780e-011	7.3049e-014	2.1178e-013	2.1141e-014	1.0384e-005	
"26.06.2024 14:00:29.162"	1.4165e-010	-8.3290e-014	1.1155e-011	7.5202e-014	2.1436e-013	2.1836e-014	1.0384e-005	
"26.06.2024 14:00:29.447"	1.3856e-010	-8.6279e-014	1.1461e-011	7.3903e-014	2.1556e-013	2.0973e-014	1.0384e-005	
"26.06.2024 14:00:29.731"	1.3989e-010	-8.8404e-014	1.1754e-011	7.0718e-014	2.0990e-013	2.0965e-014	1.0384e-005	
"26.06.2024 14:00:30.014"	1.4162e-010	-8.4884e-014	1.1193e-011	7.4209e-014	2.1554e-013	2.1827e-014	1.0384e-005	
"26.06.2024 14:00:30.298"	1.3909e-010	-8.6376e-014	1.1515e-011	7.3117e-014	2.1335e-013	2.1002e-014	1.0384e-005	
"26.06.2024 14:00:30.581"	1.4015e-010	-8.4198e-014	1.1799e-011	7.1138e-014	2.0876e-013	2.0824e-014	1.0384e-005	
"26.06.2024 14:00:30.864"	1.4145e-010	-8.5759e-014	1.1149e-011	7.4481e-014	2.0740e-013	2.1290e-014	1.0384e-005	
"26.06.2024 14:00:31.148"	1.3922e-010	-8.4798e-014	1.1422e-011	7.3508e-014	2.1572e-013	2.0638e-014	1.0389e-005	
"26.06.2024 14:00:31.431"	1.3980e-010	-8.5467e-014	1.1723e-011	7.2146e-014	2.0266e-013	1.9940e-014	1.0389e-005	
"26.06.2024 14:00:31.715"	1.4151e-010	-8.8986e-014	1.1164e-011	7.4611e-014	2.1170e-013	2.1286e-014	1.0389e-005	
"26.06.2024 14:00:31.998"	1.3973e-010	-9.0454e-014	1.1508e-011	7.3701e-014	2.1282e-013	2.0659e-014	1.0389e-005	
"26.06.2024 14:00:32.282"	1.3973e-010	-8.7452e-014	1.1684e-011	7.3197e-014	2.0243e-013	2.0002e-014	1.0377e-005	
"26.06.2024 14:00:32.566"	1.4122e-010	-8.9392e-014	1.1146e-011	7.4987e-014	2.0736e-013	2.0715e-014	1.0377e-005	
"26.06.2024 14:00:32.849"	1.4014e-010	-8.5694e-014	1.1490e-011	7.2663e-014	2.1458e-013	2.0621e-014	1.0377e-005	
"26.06.2024 14:00:33.132"	1.3990e-010	-8.5164e-014	1.1755e-011	7.1053e-014	2.0631e-013	2.0120e-014	1.0390e-005	
"26.06.2024 14:00:33.416"	1.4143e-010	-8.7758e-014	1.1141e-011	7.5435e-014	2.0750e-013	2.0509e-014	1.0390e-005	
"26.06.2024 14:00:33.699"	1.4009e-010	-8.5324e-014	1.1483e-011	7.4261e-014	2.0618e-013	1.9953e-014	1.0390e-005	
"26.06.2024 14:00:33.983"	1.3946e-010	-8.4089e-014	1.1683e-011	7.1353e-014	1.9922e-013	1.9056e-014	1.0390e-005	
"26.06.2024 14:00:34.266"	1.4112e-010	-8.7431e-014	1.1092e-011	7.4730e-014	2.0386e-013	2.0059e-014	1.0387e-005	
"26.06.2024 14:00:34.549"	1.4071e-010	-8.9660e-014	1.1463e-011	7.3592e-014	2.0936e-013	2.0256e-014	1.0387e-005	
"26.06.2024 14:00:34.833"	1.3969e-010	-8.4702e-014	1.1748e-011	7.1670e-014	1.9961e-013	1.9425e-014	1.0387e-005	
"26.06.2024 14:00:35.116"	1.4120e-010	-8.6400e-014	1.1119e-011	7.5150e-014	2.0555e-013	2.0011e-014	1.0387e-005	
"26.06.2024 14:00:35.400"	1.4095e-010	-8.6234e-014	1.1454e-011	7.3439e-014	2.1001e-013	2.0394e-014	1.0389e-005	
"26.06.2024 14:00:35.683"	1.3973e-010	-8.5118e-014	1.1684e-011	7.0510e-014	1.9290e-013	1.9159e-014	1.0389e-005	
"26.06.2024 14:00:35.967"	1.4118e-010	-8.5189e-014	1.1147e-011	7.6300e-014	2.0037e-013	1.9981e-014	1.0389e-005	
"26.06.2024 14:00:36.250"	1.4138e-010	-8.5798e-014	1.1404e-011	7.4407e-014	2.0914e-013	2.0630e-014	1.0389e-005	
"26.06.2024 14:00:36.533"	1.3924e-010	-8.4298e-014	1.1682e-011	7.2713e-014	1.9239e-013	1.8367e-014	1.0392e-005	
"26.06.2024 14:00:36.817"	1.4122e-010	-8.7784e-014	1.1158e-011	7.5699e-014	1.9840e-013	1.9848e-014	1.0392e-005	
"26.06.2024 14:00:37.101"	1.4168e-010	-9.0249e-014	1.1476e-011	7.3473e-014	1.9806e-013	1.9720e-014	1.0392e-005	
"26.06.2024 14:00:37.384"	1.3954e-010	-8.3714e-014	1.1718e-011	7.1121e-014	1.9715e-013	1.9121e-014	1.0392e-005	
"26.06.2024 14:00:37.668"	1.4103e-010	-8.7348e-014	1.1121e-011	7.6591e-014	1.9603e-013	1.9597e-014	1.0389e-005	
"26.06.2024 14:00:37.951"	1.4179e-010	-8.3362e-014	1.1453e-011	7.4185e-014	2.0428e-013	2.0082e-014	1.0389e-005	
"26.06.2024 14:00:38.234"	1.3917e-010	-8.3356e-014	1.1658e-011	7.0802e-014	1.9555e-013	1.8779e-014	1.0389e-005	
"26.06.2024 14:00:38.518"	1.4118e-010	-8.7258e-014	1.1209e-011	7.6470e-014	1.9819e-013	1.9281e-014	1.0389e-005	
"26.06.2024 14:00:38.801"	1.4215e-010	-8.3976e-014	1.1429e-011	7.3980e-014	1.9865e-013	1.9270e-014	1.0390e-005	
"26.06.2024 14:00:39.085"	1.3871e-010	-8.4837e-014	1.1675e-011	7.1794e-014	1.9345e-013	1.8365e-014	1.0390e-005	
"26.06.2024 14:00:39.368"	1.4101e-010	-8.4412e-014	1.1239e-011	7.4848e-014	1.9191e-013	1.9090e-014	1.0390e-005	
"26.06.2024 14:00:39.653"	1.4219e-010	-8.6987e-014	1.1478e-011	7.2838e-014	2.0375e-013	1.9733e-014	1.0390e-005	
"26.06.2024 14:00:39.936"	1.3923e-010	-8.4093e-014	1.1690e-011	7.1534e-014	1.8895e-013	1.8457e-014	1.0390e-005	
"26.06.2024 14:00:40.220"	1.4117e-010	-8.6922e-014	1.1238e-011	7.7391e-014	1.9520e-013	1.9235e-014	1.0390e-005	
"26.06.2024 14:00:40.504"	1.4218e-010	-8.4722e-014	1.1425e-011	7.3713e-014	1.9769e-013	1.9192e-014	1.0390e-005	
"26.06.2024 14:00:40.787"	1.3902e-010	-8.7049e-014	1.1696e-011	7.0823e-014	1.8537e-013	1.8144e-014	1.0390e-005	
"26.06.2024 14:00:41.071"	1.4122e-010	-8.7951e-014	1.1210e-011	7.6020e-014	1.9515e-013	1.8907e-014	1.0390e-005	
"26.06.2024 14:00:41.355"	1.4216e-010	-8.6582e-014	1.1458e-011	7.3918e-014	1.9594e-013	1.9081e-014	1.0390e-005	
"26.06.2024 14:00:41.639"	1.3881e-010	-8.6773e-014	1.1660e-011	7.1153e-014	1.8423e-013	1.7392e-014	1.0390e-005	
"26.06.2024 14:00:41.922"	1.4110e-010	-8.6732e-014	1.1246e-011	7.5779e-014	1.8888e-013	1.8283e-014	1.0394e-005	
"26.06.2024 14:00:42.206"	1.4241e-010	-8.8787e-014	1.1453e-011	7.3824e-014	1.9459e-013	1.8984e-014	1.0394e-005	
"26.06.2024 14:00:42.489"	1.3920e-010	-8.7465e-014	1.1673e-011	7.1988e-014	1.8110e-013	1.7502e-014	1.0394e-005	
"26.06.2024 14:00:42.773"	1.4082e-010	-8.4798e-014	1.1215e-011	7.6959e-014	1.8909e-013	1.8185e-014	1.0394e-005	
"26.06.2024 14:00:43.057"	1.4241e-010	-8.6755e-014	1.1479e-011	7.3704e-014	1.9244e-013	1.9238e-014	1.0391e-005	
"26.06.2024 14:00:43.340"	1.3895e-010	-8.7436e-014	1.1697e-011	7.1066e-014	1.8198e-013	1.7557e-014	1.0391e-005	
"26.06.2024 14:00:43.624"	1.4093e-010	-8.3833e-014	1.1333e-011	7.7902e-014	1.8562e-013	1.7802e-014	1.0391e-005	
"26.06.2024 14:00:43.907"	1.4215e-010	-8.3725e-014	1.1398e-011	7.3647e-014	1.9491e-013	1.9138e-014	1.0391e-005	
"26.06.2024 14:00:44.190"	1.3879e-010	-8.1241e-014	1.1668e-011	7.3411e-014	1.9034e-013	1.7765e-014	1.0395e-005	
"26.06.2024 14:00:44.476"	1.4101e-010	-8.7895e-014	1.1330e-011	7.6168e-014	1.8822e-013	1.8057e-014	1.0395e-005	
"26.06.2024 14:00:44.759"	1.4232e-010	-8.7257e-014	1.1380e-011	7.3140e-014	1.8831e-013	1.8339e-014	1.0395e-005	
"26.06.2024 14:00:45.042"	1.3834e-010	-8.2319e-014	1.1633e-011	7.2902e-014	1.8229e-013	1.6816e-014	1.0395e-005	
"26.06.2024 14:00:45.326"	1.4080e-010	-8.3162e-014	1.1423e-011	7.5637e-014	1.8557e-013	1.7614e-014	1.0398e-005	
"26.06.2024 14:00:45.609"	1.4244e-010	-8.7496e-014	1.1418e-011	7.3704e-014	1.9091e-013	1.8513e-014	1.0398e-005	
"26.06.2024 14:00:45.893"	1.3858e-010	-8.6907e-014	1.1661e-011	7.0393e-014	1.8452e-013	1.7214e-014	1.0398e-005	
"26.06.2024 14:00:46.176"	1.4058e-010	-8.6166e-014	1.1395e-011	7.7248e-014	1.8054e-013	1.7665e-014	1.0398e-005	
"26.06.2024 14:00:46.460"	1.4205e-010	-8.4757e-014	1.1330e-011	7.2571e-014	1.8541e-013	1.8123e-014	1.0396e-005	
"26.06.2024 14:00:46.743"	1.3833e-010	-8.6414e-014	1.1660e-011	7.2768e-014	1.7929e-013	1.6737e-014	1.0396e-005	
"26.06.2024 14:00:47.027"	1.4067e-010	-8.3385e-014	1.1558e-011	7.5573e-014	1.8346e-013	1.7519e-014	1.0396e-005	
"26.06.2024 14:00:47.310"	1.4225e-010	-8.7836e-014	1.1367e-011	7.3455e-014	1.8462e-013	1.7881e-014	1.0390e-005	
"26.06.2024 14:00:47.594"	1.3821e-010	-8.2467e-014	1.1642e-011	7.1776e-014	1.8108e-013	1.6753e-014	1.0390e-005	
"26.06.2024 14:00:47.877"	1.4057e-010	-8.7278e-014	1.1579e-011	7.6161e-014	1.7842e-013	1.7040e-014	1.0390e-005	
"26.06.2024 14:00:48.160"	1.4191e-010	-8.7129e-014	1.1305e-011	7.4159e-014	1.8559e-013	1.7587e-014	1.0390e-005	
"26.06.2024 14:00:48.444"	1.3813e-010	-8.6417e-014	1.1618e-011	7.0755e-014	1.8226e-013	1.6707e-014	1.0396e-005	
"26.06.2024 14:00:48.727"	1.4055e-010	-8.4462e-014	1.1662e-011	7.5482e-014	1.7825e-013	1.6995e-014	1.0396e-005	
"26.06.2024 14:00:49.011"	1.4215e-010	-8.5803e-014	1.1319e-011	7.5639e-014	1.8204e-013	1.7732e-014	1.0396e-005	
"26.06.2024 14:00:49.294"	1.3801e-010	-8.5711e-014	1.1557e-011	7.2202e-014	1.7983e-013	1.6532e-014	1.0396e-005	
"26.06.2024 14:00:49.577"	1.4044e-010	-8.6380e-014	1.1724e-011	7.6166e-014	1.7609e-013	1.6462e-014	1.0401e-005	
"26.06.2024 14:00:49.861"	1.4219e-010	-8.8010e-014	1.1304e-011	7.3530e-014	1.8236e-013	1.7259e-014	1.0401e-005	
"26.06.2024 14:00:50.144"	1.3792e-010	-8.6628e-014	1.1548e-011	7.2769e-014	1.7841e-013	1.5951e-014	1.0401e-005	
"26.06.2024 14:00:50.428"	1.4019e-010	-8.6954e-014	1.1753e-011	7.6774e-014	1.7353e-013	1.6682e-014	1.0401e-005	
"26.06.2024 14:00:50.712"	1.4190e-010	-8.7372e-014	1.1259e-011	7.3182e-014	1.8102e-013	1.7097e-014	1.0399e-005	
"26.06.2024 14:00:50.995"	1.3828e-010	-8.6065e-014	1.1589e-011	7.3085e-014	1.7826e-013	1.6553e-014	1.0399e-005	
"26.06.2024 14:00:51.279"	1.4026e-010	-8.7488e-014	1.1732e-011	7.4864e-014	1.7625e-013	1.6408e-014	1.0399e-005	
"26.06.2024 14:00:51.562"	1.4188e-010	-9.1957e-014	1.1226e-011	7.5059e-014	1.8281e-013	1.7519e-014	1.0399e-005	
"26.06.2024 14:00:51.845"	1.3835e-010	-8.5787e-014	1.1548e-011	7.1709e-014	1.8004e-013	1.6286e-014	1.0393e-005	
"26.06.2024 14:00:52.129"	1.4027e-010	-8.6860e-014	1.1781e-011	7.5035e-014	1.6897e-013	1.6043e-014	1.0393e-005	
"26.06.2024 14:00:52.412"	1.4156e-010	-8.7788e-014	1.1210e-011	7.5229e-014	1.7439e-013	1.6679e-014	1.0393e-005	
"26.06.2024 14:00:52.696"	1.3873e-010	-8.7096e-014	1.1532e-011	7.2841e-014	1.7638e-013	1.6137e-014	1.0393e-005	
"26.06.2024 14:00:52.979"	1.4033e-010	-8.4385e-014	1.1771e-011	7.3680e-014	1.7526e-013	1.6123e-014	1.0391e-005	
"26.06.2024 14:00:53.262"	1.4167e-010	-8.9500e-014	1.1181e-011	7.6002e-014	1.8788e-013	1.8190e-014	1.0391e-005	
"26.06.2024 14:00:53.546"	1.3926e-010	-8.4162e-014	1.1511e-011	7.4532e-014	1.8038e-013	1.6303e-014	1.0391e-005	
"26.06.2024 14:00:53.829"	1.4016e-010	-8.8984e-014	1.1816e-011	7.1054e-014	1.7615e-013	1.6931e-014	1.0394e-005	
"26.06.2024 14:00:54.113"	1.4176e-010	-8.8981e-014	1.1214e-011	7.6223e-014	1.8066e-013	1.7034e-014	1.0394e-005	
"26.06.2024 14:00:54.396"	1.3726e-010	-8.3082e-014	1.2015e-011	6.9532e-014	1.0864e-011	7.6228e-014	1.0394e-005	
"26.06.2024 14:00:54.680"	1.2157e-010	-8.5203e-014	1.1034e-011	7.7509e-014	3.9116e-011	-8.9975e-014	1.0394e-005	
"26.06.2024 14:00:54.964"	1.1597e-010	-8.7626e-014	8.8635e-012	9.0404e-014	4.9852e-011	-8.5948e-014	1.0267e-005	
"26.06.2024 14:00:55.247"	1.1247e-010	-8.5607e-014	9.0104e-012	9.0336e-014	5.2316e-011	-8.8001e-014	1.0267e-005	
"26.06.2024 14:00:55.531"	1.1231e-010	-8.4301e-014	9.1237e-012	9.0017e-014	5.1590e-011	-8.7674e-014	1.0267e-005	
"26.06.2024 14:00:55.815"	1.1284e-010	-8.8770e-014	8.6815e-012	9.2535e-014	5.1899e-011	-8.5808e-014	1.0267e-005	
"26.06.2024 14:00:56.098"	1.1135e-010	-8.5802e-014	8.7769e-012	9.0867e-014	5.2017e-011	-8.7965e-014	9.9547e-006	
"26.06.2024 14:00:56.382"	1.0998e-010	-8.5811e-014	8.7524e-012	9.1892e-014	5.0088e-011	-8.6563e-014	9.9547e-006	
"26.06.2024 14:00:56.665"	1.0944e-010	-8.7558e-014	8.2250e-012	6.8367e-014	5.0077e-011	-8.7551e-014	9.9547e-006	
"26.06.2024 14:00:56.949"	1.0795e-010	-8.6555e-014	8.1755e-012	7.0182e-014	4.9446e-011	-8.6778e-014	9.9547e-006	
"26.06.2024 14:00:57.232"	1.0570e-010	-8.7998e-014	8.0724e-012	6.8120e-014	4.6279e-011	-8.5434e-014	9.5978e-006	
"26.06.2024 14:00:57.516"	1.0541e-010	-8.6137e-014	7.6577e-012	6.9953e-014	4.5781e-011	-8.1648e-014	9.5978e-006	
"26.06.2024 14:00:57.800"	1.0476e-010	-8.5632e-014	7.6001e-012	7.2254e-014	4.5679e-011	-8.2437e-014	9.5978e-006	
"26.06.2024 14:00:58.083"	1.0248e-010	-8.5120e-014	7.6587e-012	6.9110e-014	4.3418e-011	-8.0801e-014	9.5978e-006	
"26.06.2024 14:00:58.367"	1.0299e-010	-8.7530e-014	7.4031e-012	7.1584e-014	4.3791e-011	-8.0721e-014	9.0069e-006	
"26.06.2024 14:00:58.650"	1.0343e-010	-8.4192e-014	7.4051e-012	7.2480e-014	4.4442e-011	-8.2296e-014	9.0069e-006	
"26.06.2024 14:00:58.933"	1.0150e-010	-8.6497e-014	7.5260e-012	7.2878e-014	4.2782e-011	-7.8456e-014	9.0069e-006	
"26.06.2024 14:00:59.217"	1.0242e-010	-8.4639e-014	7.3194e-012	7.2140e-014	4.3414e-011	-7.9331e-014	9.0069e-006	
"26.06.2024 14:00:59.502"	1.0309e-010	-8.4670e-014	7.3852e-012	7.2389e-014	4.4219e-011	-8.2564e-014	8.6829e-006	
"26.06.2024 14:00:59.786"	1.0132e-010	-8.2561e-014	7.5067e-012	7.1143e-014	4.2782e-011	-7.8253e-014	8.6829e-006	
"26.06.2024 14:01:00.069"	1.0218e-010	-8.6999e-014	7.3597e-012	6.9545e-014	4.3306e-011	-7.8761e-014	8.6829e-006	
"26.06.2024 14:01:00.353"	1.0295e-010	-8.7815e-014	7.3654e-012	6.9083e-014	4.4195e-011	-8.5862e-014	8.6829e-006	
"26.06.2024 14:01:00.636"	1.0110e-010	-8.7054e-014	7.4771e-012	7.1032e-014	4.2800e-011	-7.9768e-014	8.5733e-006	
"26.06.2024 14:01:00.920"	1.0201e-010	-8.3531e-014	7.3771e-012	7.2910e-014	4.3417e-011	-8.0521e-014	8.5733e-006	
"26.06.2024 14:01:01.203"	1.0275e-010	-8.5553e-014	7.3588e-012	7.2635e-014	4.4279e-011	-7.8607e-014	8.5733e-006	
"26.06.2024 14:01:01.486"	1.0087e-010	-8.4672e-014	7.4465e-012	7.1860e-014	4.2924e-011	-7.9137e-014	8.4910e-006	
"26.06.2024 14:01:01.770"	1.0180e-010	-8.5076e-014	7.4265e-012	7.1801e-014	4.3375e-011	-8.0669e-014	8.4910e-006	
"26.06.2024 14:01:02.053"	1.0265e-010	-8.5361e-014	7.3179e-012	7.4329e-014	4.4238e-011	-8.5218e-014	8.4910e-006	
"26.06.2024 14:01:02.337"	1.0082e-010	-8.2934e-014	7.4215e-012	7.2282e-014	4.3079e-011	-8.4903e-014	8.4910e-006	
"26.06.2024 14:01:02.620"	1.0176e-010	-8.6017e-014	7.4506e-012	7.2171e-014	4.3324e-011	-8.0539e-014	8.4424e-006	
"26.06.2024 14:01:02.904"	1.0259e-010	-8.4598e-014	7.3261e-012	6.9729e-014	4.4197e-011	-8.0971e-014	8.4424e-006	
"26.06.2024 14:01:03.187"	1.0064e-010	-8.5581e-014	7.4434e-012	7.2756e-014	4.3144e-011	-7.7504e-014	8.4424e-006	
"26.06.2024 14:01:03.470"	1.0164e-010	-8.5560e-014	7.5097e-012	7.0382e-014	4.3287e-011	-8.1804e-014	8.4424e-006	
"26.06.2024 14:01:03.754"	1.0247e-010	-8.4509e-014	7.3046e-012	7.2922e-014	4.4189e-011	-8.6389e-014	8.4076e-006	
"26.06.2024 14:01:04.038"	1.0061e-010	-8.7160e-014	7.4245e-012	7.1091e-014	4.3315e-011	-7.7901e-014	8.4076e-006	
"26.06.2024 14:01:04.321"	1.0150e-010	-8.3915e-014	7.4954e-012	6.9834e-014	4.3333e-011	-8.1578e-014	8.4076e-006	
"26.06.2024 14:01:04.605"	1.0234e-010	-8.4074e-014	7.3077e-012	7.3757e-014	4.4160e-011	-7.9219e-014	8.4076e-006	
"26.06.2024 14:01:04.888"	1.0065e-010	-8.8332e-014	7.4123e-012	6.9510e-014	4.3533e-011	-7.9026e-014	8.3837e-006	
"26.06.2024 14:01:05.171"	1.0153e-010	-8.6900e-014	7.4965e-012	7.0452e-014	4.3237e-011	-7.9846e-014	8.3837e-006	
"26.06.2024 14:01:05.455"	1.0236e-010	-8.6646e-014	7.2791e-012	7.1181e-014	4.4135e-011	-8.3483e-014	8.3837e-006	
"26.06.2024 14:01:05.738"	1.0071e-010	-8.6109e-014	7.4061e-012	7.2274e-014	4.3700e-011	-8.1133e-014	8.3837e-006	
"26.06.2024 14:01:06.022"	1.0132e-010	-8.5751e-014	7.5123e-012	6.6982e-014	4.3215e-011	-7.9551e-014	8.3540e-006	
"26.06.2024 14:01:06.305"	1.0229e-010	-8.3665e-014	7.2868e-012	7.1291e-014	4.4073e-011	-8.5931e-014	8.3540e-006	
"26.06.2024 14:01:06.588"	1.0097e-010	-8.5812e-014	7.4036e-012	7.4433e-014	4.3975e-011	-7.9325e-014	8.3540e-006	
"26.06.2024 14:01:06.872"	1.0127e-010	-8.8584e-014	7.5072e-012	7.0436e-014	4.3154e-011	-7.6834e-014	8.3540e-006	
"26.06.2024 14:01:07.155"	1.0214e-010	-8.5692e-014	7.2822e-012	7.1393e-014	4.4044e-011	-7.9478e-014	8.3547e-006	
"26.06.2024 14:01:07.439"	1.0122e-010	-8.7279e-014	7.3832e-012	7.2220e-014	4.4185e-011	-8.0152e-014	8.3547e-006	
"26.06.2024 14:01:07.722"	1.0123e-010	-8.6554e-014	7.5230e-012	7.0289e-014	4.3148e-011	-7.9344e-014	8.3547e-006	
"26.06.2024 14:01:08.006"	1.0207e-010	-8.6870e-014	7.2459e-012	7.1692e-014	4.4000e-011	-8.2286e-014	8.3432e-006	
"26.06.2024 14:01:08.289"	1.0131e-010	-8.7948e-014	7.3806e-012	7.2096e-014	4.4257e-011	-8.0592e-014	8.3432e-006	
"26.06.2024 14:01:08.573"	1.0115e-010	-8.4120e-014	7.5046e-012	7.2883e-014	4.3088e-011	-8.0440e-014	8.3432e-006	
"26.06.2024 14:01:08.856"	1.0204e-010	-8.6170e-014	7.2689e-012	7.0875e-014	4.3930e-011	-8.1164e-014	8.3432e-006	
"26.06.2024 14:01:09.140"	1.0170e-010	-8.6209e-014	7.3765e-012	7.0747e-014	4.4482e-011	-8.2630e-014	8.3204e-006	
"26.06.2024 14:01:09.423"	1.0118e-010	-8.7099e-014	7.5062e-012	7.1343e-014	4.3210e-011	-7.8213e-014	8.3204e-006	
"26.06.2024 14:01:09.708"	1.0203e-010	-8.6233e-014	7.2438e-012	7.1268e-014	4.3943e-011	-7.9897e-014	8.3204e-006	
"26.06.2024 14:01:09.991"	1.0174e-010	-8.4658e-014	7.3510e-012	7.3150e-014	4.4468e-011	-8.0234e-014	8.3204e-006	
"26.06.2024 14:01:10.274"	1.0109e-010	-8.5085e-014	7.4985e-012	7.3495e-014	4.3136e-011	-8.0455e-014	8.3195e-006	
"26.06.2024 14:01:10.559"	1.0198e-010	-9.0923e-014	7.2577e-012	7.2816e-014	4.3971e-011	-8.1558e-014	8.3195e-006	
"26.06.2024 14:01:10.842"	1.0187e-010	-8.7634e-014	7.3450e-012	7.0136e-014	4.4626e-011	-8.2130e-014	8.3195e-006	
"26.06.2024 14:01:11.126"	1.0102e-010	-8.5840e-014	7.4842e-012	7.1749e-014	4.3140e-011	-8.0931e-014	8.3195e-006	
"26.06.2024 14:01:11.409"	1.0195e-010	-8.5502e-014	7.2485e-012	6.8874e-014	4.3937e-011	-8.5155e-014	8.3200e-006	
"26.06.2024 14:01:11.693"	1.0219e-010	-8.3631e-014	7.3536e-012	7.2827e-014	4.4652e-011	-8.2208e-014	8.3200e-006	
"26.06.2024 14:01:11.976"	1.0096e-010	-8.9338e-014	7.4638e-012	7.1927e-014	4.3176e-011	-8.1606e-014	8.3200e-006	
"26.06.2024 14:01:12.259"	1.0186e-010	-8.2625e-014	7.2699e-012	7.3046e-014	4.3948e-011	-8.2839e-014	8.3200e-006	
"26.06.2024 14:01:12.543"	1.0227e-010	-8.4988e-014	7.3577e-012	7.1715e-014	4.4622e-011	-8.4332e-014	8.2857e-006	
"26.06.2024 14:01:12.827"	1.0096e-010	-8.6148e-014	7.4684e-012	6.9839e-014	4.3189e-011	-8.3079e-014	8.2857e-006	
"26.06.2024 14:01:13.111"	1.0181e-010	-8.6304e-014	7.2719e-012	6.7313e-014	4.3896e-011	-8.4210e-014	8.2857e-006	
"26.06.2024 14:01:13.394"	1.0234e-010	-8.6496e-014	7.3511e-012	6.9999e-014	4.4716e-011	-8.1829e-014	8.2857e-006	
"26.06.2024 14:01:13.678"	1.0085e-010	-8.7167e-014	7.4577e-012	7.2183e-014	4.3186e-011	-7.9288e-014	8.2852e-006	
"26.06.2024 14:01:13.961"	1.0177e-010	-8.6267e-014	7.2882e-012	7.1093e-014	4.3730e-011	-7.9113e-014	8.2852e-006	
"26.06.2024 14:01:14.245"	1.0244e-010	-8.5723e-014	7.3531e-012	7.5526e-014	4.4673e-011	-8.3484e-014	8.2852e-006	
"26.06.2024 14:01:14.529"	1.0079e-010	-8.6807e-014	7.4567e-012	6.9279e-014	4.3204e-011	-8.2641e-014	8.2852e-006	
"26.06.2024 14:01:14.812"	1.0175e-010	-8.4536e-014	7.2673e-012	7.2507e-014	4.3790e-011	-7.9184e-014	8.2894e-006	
"26.06.2024 14:01:15.096"	1.0250e-010	-8.4821e-014	7.3209e-012	7.1042e-014	4.4697e-011	-8.2119e-014	8.2894e-006	
"26.06.2024 14:01:15.379"	1.0063e-010	-8.5978e-014	7.4439e-012	7.2835e-014	4.3286e-011	-7.9941e-014	8.2894e-006	
"26.06.2024 14:01:15.663"	1.0168e-010	-8.7121e-014	7.3271e-012	7.2816e-014	4.3742e-011	-8.1047e-014	8.2835e-006	
"26.06.2024 14:01:15.946"	1.0249e-010	-8.4993e-014	7.3245e-012	7.1607e-014	4.4645e-011	-8.2603e-014	8.2835e-006	
"26.06.2024 14:01:16.229"	1.0055e-010	-8.6123e-014	7.4501e-012	7.3398e-014	4.3290e-011	-7.9982e-014	8.2835e-006	
"26.06.2024 14:01:16.513"	1.0153e-010	-8.5174e-014	7.3658e-012	7.0958e-014	4.3625e-011	-7.9859e-014	8.2835e-006	
"26.06.2024 14:01:16.796"	1.0244e-010	-8.7217e-014	7.3240e-012	7.1085e-014	4.4561e-011	-8.4863e-014	8.2781e-006	
"26.06.2024 14:01:17.080"	1.0057e-010	-8.7708e-014	7.4429e-012	7.2688e-014	4.3356e-011	-7.7126e-014	8.2781e-006	
"26.06.2024 14:01:17.363"	1.0147e-010	-8.7010e-014	7.4271e-012	7.0536e-014	4.3628e-011	-7.9680e-014	8.2781e-006	
"26.06.2024 14:01:17.647"	1.0229e-010	-8.5593e-014	7.3041e-012	6.9475e-014	4.4558e-011	-8.5614e-014	8.2781e-006	
"26.06.2024 14:01:17.930"	1.0051e-010	-8.5798e-014	7.4189e-012	7.4418e-014	4.3361e-011	-7.5994e-014	8.2671e-006	
"26.06.2024 14:01:18.214"	1.0141e-010	-8.7497e-014	7.4562e-012	7.4628e-014	4.3525e-011	-8.2842e-014	8.2671e-006	
"26.06.2024 14:01:18.497"	1.0231e-010	-8.6178e-014	7.3026e-012	7.1817e-014	4.4413e-011	-8.2431e-014	8.2671e-006	
"26.06.2024 14:01:18.780"	1.0038e-010	-8.5796e-014	7.4353e-012	7.1165e-014	4.3496e-011	-8.0128e-014	8.2671e-006	
"26.06.2024 14:01:19.064"	1.0138e-010	-8.8050e-014	7.4562e-012	7.4903e-014	4.3564e-011	-8.4476e-014	8.2534e-006	
"26.06.2024 14:01:19.347"	1.0227e-010	-8.4710e-014	7.2862e-012	7.2627e-014	4.4416e-011	-8.3857e-014	8.2534e-006	
"26.06.2024 14:01:19.631"	1.0042e-010	-8.6043e-014	7.4067e-012	7.0061e-014	4.3667e-011	-8.1813e-014	8.2534e-006	
"26.06.2024 14:01:19.914"	1.0133e-010	-8.8264e-014	7.4919e-012	7.0830e-014	4.3469e-011	-7.7967e-014	8.2534e-006	
"26.06.2024 14:01:20.198"	1.0219e-010	-8.2652e-014	7.2827e-012	7.3076e-014	4.4391e-011	-8.1337e-014	8.2546e-006	
"26.06.2024 14:01:20.481"	1.0032e-010	-8.5195e-014	7.4148e-012	7.3454e-014	4.3741e-011	-7.8394e-014	8.2546e-006	
"26.06.2024 14:01:20.765"	1.0128e-010	-8.6509e-014	7.4913e-012	7.0400e-014	4.3479e-011	-8.0739e-014	8.2546e-006	
"26.06.2024 14:01:21.048"	1.0206e-010	-8.7276e-014	7.2816e-012	7.1803e-014	4.4350e-011	-7.9757e-014	8.2546e-006	
"26.06.2024 14:01:21.331"	1.0046e-010	-8.4753e-014	7.4148e-012	7.4048e-014	4.3957e-011	-7.9820e-014	8.2536e-006	
"26.06.2024 14:01:21.615"	1.0121e-010	-8.5790e-014	7.4995e-012	7.2901e-014	4.3413e-011	-8.0226e-014	8.2536e-006	
"26.06.2024 14:01:21.898"	1.0211e-010	-8.5818e-014	7.2679e-012	6.8813e-014	4.4294e-011	-8.2257e-014	8.2536e-006	
"26.06.2024 14:01:22.182"	1.0048e-010	-9.0594e-014	7.4138e-012	6.9720e-014	4.4067e-011	-7.8964e-014	8.2542e-006	
"26.06.2024 14:01:22.466"	1.0119e-010	-8.7082e-014	7.5082e-012	7.0241e-014	4.3453e-011	-7.9429e-014	8.2542e-006	
"26.06.2024 14:01:22.749"	1.0202e-010	-8.7861e-014	7.2725e-012	7.1375e-014	4.4275e-011	-9.1149e-014	8.2542e-006	
"26.06.2024 14:01:23.032"	1.0094e-010	-8.6003e-014	7.3761e-012	7.1113e-014	4.4335e-011	-8.1637e-014	8.2542e-006	
"26.06.2024 14:01:23.316"	1.0118e-010	-8.7880e-014	7.4852e-012	7.0706e-014	4.3393e-011	-8.2145e-014	8.2540e-006	
"26.06.2024 14:01:23.599"	1.0192e-010	-8.6144e-014	7.2566e-012	6.9673e-014	4.4200e-011	-8.4942e-014	8.2540e-006	
"26.06.2024 14:01:23.883"	1.0127e-010	-8.3836e-014	7.3572e-012	7.3416e-014	4.4519e-011	-8.0029e-014	8.2540e-006	
"26.06.2024 14:01:24.166"	1.0101e-010	-8.6766e-014	7.4945e-012	6.8454e-014	4.3345e-011	-8.1310e-014	8.2540e-006	
"26.06.2024 14:01:24.449"	1.0195e-010	-8.6598e-014	7.2495e-012	6.8852e-014	4.4208e-011	-8.3626e-014	8.2536e-006	
"26.06.2024 14:01:24.735"	1.0137e-010	-8.2128e-014	7.3740e-012	7.3340e-014	4.4650e-011	-8.1184e-014	8.2536e-006	
"26.06.2024 14:01:25.018"	1.0095e-010	-8.4667e-014	7.5072e-012	7.4476e-014	4.3391e-011	-7.8233e-014	8.2536e-006	
"26.06.2024 14:01:25.301"	1.0189e-010	-8.7616e-014	7.2658e-012	6.9442e-014	4.4200e-011	-8.2268e-014	8.2536e-006	
"26.06.2024 14:01:25.586"	1.0147e-010	-9.0343e-014	7.3770e-012	7.1945e-014	4.4665e-011	-7.9792e-014	8.2452e-006	
"26.06.2024 14:01:25.869"	1.0089e-010	-8.6741e-014	7.4766e-012	6.8816e-014	4.3327e-011	-8.0523e-014	8.2452e-006	
"26.06.2024 14:01:26.152"	1.0188e-010	-8.7509e-014	7.2464e-012	7.1489e-014	4.4080e-011	-8.6893e-014	8.2452e-006	
"26.06.2024 14:01:26.436"	1.0166e-010	-8.6417e-014	7.3649e-012	7.2614e-014	4.4715e-011	-8.2140e-014	8.2452e-006	
"26.06.2024 14:01:26.720"	1.0095e-010	-8.7421e-014	7.4725e-012	7.1571e-014	4.3339e-011	-8.2072e-014	8.2411e-006	
"26.06.2024 14:01:27.004"	1.0183e-010	-8.8345e-014	7.2495e-012	7.3628e-014	4.4112e-011	-8.3487e-014	8.2411e-006	
"26.06.2024 14:01:27.287"	1.0181e-010	-8.6099e-014	7.3603e-012	6.8216e-014	4.4776e-011	-8.1896e-014	8.2411e-006	
"26.06.2024 14:01:27.571"	1.0087e-010	-8.5928e-014	7.4751e-012	6.9969e-014	4.3305e-011	-7.9736e-014	8.2411e-006	
"26.06.2024 14:01:27.855"	1.0182e-010	-8.8169e-014	7.2592e-012	7.2358e-014	4.4086e-011	-8.2846e-014	8.2270e-006	
"26.06.2024 14:01:28.138"	1.0195e-010	-8.7759e-014	7.3408e-012	6.9299e-014	4.4829e-011	-8.2072e-014	8.2270e-006	
"26.06.2024 14:01:28.422"	1.0082e-010	-8.8085e-014	7.4684e-012	7.3957e-014	4.3308e-011	-7.7995e-014	8.2270e-006	
"26.06.2024 14:01:28.705"	1.0171e-010	-8.5668e-014	7.2490e-012	7.0084e-014	4.4001e-011	-8.3188e-014	8.2270e-006	
"26.06.2024 14:01:28.988"	1.0216e-010	-8.3928e-014	7.3378e-012	7.3157e-014	4.4858e-011	-8.1922e-014	8.2224e-006	
"26.06.2024 14:01:29.272"	1.0078e-010	-8.4629e-014	7.4710e-012	6.9571e-014	4.3313e-011	-7.8607e-014	8.2224e-006	
"26.06.2024 14:01:29.555"	1.0163e-010	-8.8857e-014	7.3056e-012	7.5199e-014	4.3931e-011	-8.2296e-014	8.2224e-006	
"26.06.2024 14:01:29.839"	1.0239e-010	-8.6881e-014	7.3408e-012	7.1586e-014	4.4802e-011	-8.1769e-014	8.2251e-006	
"26.06.2024 14:01:30.122"	1.0071e-010	-8.5204e-014	7.4556e-012	7.1910e-014	4.3238e-011	-7.5128e-014	8.2251e-006	
"26.06.2024 14:01:30.406"	1.0161e-010	-8.4765e-014	7.3459e-012	7.3716e-014	4.3858e-011	-8.0012e-014	8.2251e-006	
"26.06.2024 14:01:30.689"	1.0241e-010	-8.3027e-014	7.3194e-012	7.0675e-014	4.4840e-011	-8.0407e-014	8.2251e-006	
"26.06.2024 14:01:30.972"	1.0066e-010	-9.4326e-014	7.4445e-012	6.9662e-014	4.3312e-011	-8.1083e-014	8.2231e-006	
"26.06.2024 14:01:31.256"	1.0157e-010	-8.6769e-014	7.3439e-012	7.3307e-014	4.3865e-011	-8.4982e-014	8.2231e-006	
"26.06.2024 14:01:31.540"	1.0239e-010	-8.4767e-014	7.3153e-012	7.2021e-014	4.4776e-011	-8.2967e-014	8.2231e-006	
"26.06.2024 14:01:31.823"	1.0060e-010	-8.9134e-014	7.4301e-012	7.0059e-014	4.3465e-011	-8.2334e-014	8.2231e-006	
"26.06.2024 14:01:32.107"	1.0150e-010	-8.8064e-014	7.3689e-012	7.5388e-014	4.3827e-011	-8.0128e-014	8.2234e-006	
"26.06.2024 14:01:32.390"	1.0230e-010	-9.1932e-014	7.3092e-012	7.2324e-014	4.4699e-011	-8.1371e-014	8.2234e-006	
"26.06.2024 14:01:32.673"	1.0045e-010	-8.6118e-014	7.4199e-012	6.9161e-014	4.3441e-011	-8.1871e-014	8.2234e-006	
"26.06.2024 14:01:32.957"	1.0148e-010	-8.7196e-014	7.3888e-012	7.3193e-014	4.3683e-011	-7.9923e-014	8.2234e-006	
"26.06.2024 14:01:33.240"	1.0233e-010	-8.4002e-014	7.2938e-012	7.2335e-014	4.4692e-011	-8.3901e-014	8.2249e-006	
"26.06.2024 14:01:33.524"	1.0036e-010	-8.6746e-014	7.4265e-012	6.9784e-014	4.3551e-011	-7.7708e-014	8.2249e-006	
"26.06.2024 14:01:33.807"	1.0138e-010	-8.6217e-014	7.4347e-012	7.3840e-014	4.3742e-011	-8.1398e-014	8.2249e-006	
"26.06.2024 14:01:34.090"	1.0221e-010	-8.5050e-014	7.3133e-012	7.3503e-014	4.4572e-011	-8.5396e-014	8.2249e-006	
"26.06.2024 14:01:34.374"	1.0029e-010	-8.8429e-014	7.4337e-012	6.7694e-014	4.3654e-011	-7.7238e-014	8.2210e-006	
