"Spectra International Data File"
"[Scan Data (Pressures in mbar)]"
"Time"	"Mass 2"	"Mass 8"	"Mass 4"	"Mass 12"	"Mass 40"	"Mass 43"	"CirrusPressure"	
"26.06.2024 14:09:17.096"	1.0038e-010	-8.5743e-014	7.4067e-012	7.8040e-014	4.3594e-011	-7.8540e-014	8.2242e-006	
"26.06.2024 14:09:17.379"	1.0134e-010	-8.5058e-014	7.4725e-012	7.4839e-014	4.3458e-011	-7.8282e-014	8.2242e-006	
"26.06.2024 14:09:17.663"	1.0215e-010	-8.6683e-014	7.2720e-012	7.4648e-014	4.4274e-011	-8.2582e-014	8.2201e-006	
"26.06.2024 14:09:17.946"	1.0038e-010	-8.7031e-014	7.4051e-012	7.3238e-014	4.3693e-011	-8.2166e-014	8.2201e-006	
"26.06.2024 14:09:18.230"	1.0134e-010	-8.9227e-014	7.4964e-012	7.3748e-014	4.3410e-011	-7.7603e-014	8.2201e-006	
"26.06.2024 14:09:18.514"	1.0215e-010	-8.5623e-014	7.2745e-012	7.7554e-014	4.4192e-011	-8.0282e-014	8.2201e-006	
"26.06.2024 14:09:18.797"	1.0043e-010	-8.6141e-014	7.3949e-012	7.4031e-014	4.3812e-011	-7.7385e-014	8.2245e-006	
"26.06.2024 14:09:19.080"	1.0128e-010	-8.4606e-014	7.5021e-012	7.2818e-014	4.3325e-011	-8.0769e-014	8.2245e-006	
"26.06.2024 14:09:19.364"	1.0203e-010	-8.8776e-014	7.2684e-012	7.5500e-014	4.4161e-011	-8.5611e-014	8.2245e-006	
"26.06.2024 14:09:19.647"	1.0067e-010	-8.5524e-014	7.3551e-012	7.6243e-014	4.4007e-011	-8.0061e-014	8.2245e-006	
"26.06.2024 14:09:19.931"	1.0115e-010	-8.8183e-014	7.5251e-012	7.2783e-014	4.3289e-011	-8.2865e-014	8.2102e-006	
"26.06.2024 14:09:20.214"	1.0197e-010	-8.9404e-014	7.2729e-012	7.3758e-014	4.4147e-011	-8.0368e-014	8.2102e-006	
"26.06.2024 14:09:20.498"	1.0091e-010	-8.3626e-014	7.3663e-012	7.6052e-014	4.4182e-011	-7.5803e-014	8.2102e-006	
"26.06.2024 14:09:20.781"	1.0109e-010	-8.5008e-014	7.4746e-012	7.2711e-014	4.3283e-011	-8.2431e-014	8.2152e-006	
"26.06.2024 14:09:21.064"	1.0195e-010	-8.7260e-014	7.2582e-012	7.2020e-014	4.4037e-011	-8.1408e-014	8.2152e-006	
"26.06.2024 14:09:21.348"	1.0122e-010	-8.4976e-014	7.3730e-012	6.8103e-014	4.4338e-011	-7.8765e-014	8.2152e-006	
"26.06.2024 14:09:21.631"	1.0098e-010	-8.5785e-014	7.4858e-012	7.2115e-014	4.3250e-011	-8.1312e-014	8.2152e-006	
"26.06.2024 14:09:21.914"	1.0181e-010	-8.6425e-014	7.2388e-012	7.6959e-014	4.3936e-011	-8.1319e-014	8.2192e-006	
"26.06.2024 14:09:22.198"	1.0158e-010	-8.6903e-014	7.3760e-012	7.2451e-014	4.4538e-011	-8.2163e-014	8.2192e-006	
"26.06.2024 14:09:22.481"	1.0092e-010	-8.5755e-014	7.4878e-012	7.4960e-014	4.3177e-011	-7.9375e-014	8.2192e-006	
"26.06.2024 14:09:22.765"	1.0180e-010	-8.8233e-014	7.2428e-012	7.2956e-014	4.3967e-011	-8.4125e-014	8.2192e-006	
"26.06.2024 14:09:23.049"	1.0173e-010	-8.5535e-014	7.3541e-012	7.4264e-014	4.4647e-011	-8.1112e-014	8.2200e-006	
"26.06.2024 14:09:23.332"	1.0793e-010	-8.5691e-014	8.0557e-012	7.1766e-014	2.2037e-011	1.7393e-014	8.2200e-006	
"26.06.2024 14:09:23.616"	1.2179e-010	-8.6689e-014	8.5570e-012	9.2385e-014	8.1724e-012	6.7634e-014	8.2200e-006	
"26.06.2024 14:09:23.899"	1.2593e-010	-8.6810e-014	9.4240e-012	8.7685e-014	5.1743e-012	7.6785e-014	8.2200e-006	
"26.06.2024 14:09:24.182"	1.2843e-010	-8.4595e-014	1.0089e-011	8.2547e-014	3.9618e-012	7.8445e-014	8.4810e-006	
"26.06.2024 14:09:24.466"	1.3279e-010	-9.2816e-014	1.0071e-011	8.0818e-014	3.5435e-012	8.0516e-014	8.4810e-006	
"26.06.2024 14:09:24.749"	1.3397e-010	-8.4113e-014	1.0768e-011	7.8873e-014	3.2125e-012	7.8223e-014	8.4810e-006	
"26.06.2024 14:09:25.034"	1.3555e-010	-8.4681e-014	1.1167e-011	7.6232e-014	2.8216e-012	7.7541e-014	8.4810e-006	
"26.06.2024 14:09:25.318"	1.3817e-010	-8.5955e-014	1.0783e-011	7.7516e-014	2.6778e-012	7.9221e-014	9.3014e-006	
"26.06.2024 14:09:25.601"	1.3721e-010	-8.7723e-014	1.1187e-011	7.5574e-014	2.4769e-012	7.8568e-014	9.3014e-006	
"26.06.2024 14:09:25.885"	1.3709e-010	-8.5087e-014	1.1432e-011	7.2822e-014	2.2134e-012	7.8252e-014	9.3014e-006	
"26.06.2024 14:09:26.169"	1.3896e-010	-8.6308e-014	1.0883e-011	7.7036e-014	2.1398e-012	7.7601e-014	9.3014e-006	
"26.06.2024 14:09:26.452"	1.3791e-010	-8.9454e-014	1.1212e-011	7.6774e-014	2.0151e-012	7.7167e-014	9.7568e-006	
"26.06.2024 14:09:26.737"	1.3771e-010	-8.6208e-014	1.1475e-011	7.2918e-014	1.8442e-012	7.7567e-014	9.7568e-006	
"26.06.2024 14:09:27.020"	1.3896e-010	-8.7036e-014	1.0878e-011	7.6950e-014	1.7780e-012	7.6961e-014	9.7568e-006	
"26.06.2024 14:09:27.303"	1.3848e-010	-8.6563e-014	1.1296e-011	7.6759e-014	1.7176e-012	7.7163e-014	9.7568e-006	
"26.06.2024 14:09:27.587"	1.3788e-010	-8.4050e-014	1.1556e-011	7.2841e-014	1.5724e-012	7.6184e-014	9.8451e-006	
"26.06.2024 14:09:27.872"	1.3928e-010	-8.3850e-014	1.0906e-011	7.6340e-014	1.5445e-012	7.8837e-014	9.8451e-006	
"26.06.2024 14:09:28.155"	1.3882e-010	-8.6739e-014	1.1208e-011	7.5540e-014	1.4937e-012	7.5623e-014	9.8451e-006	
"26.06.2024 14:09:28.439"	1.3778e-010	-8.7830e-014	1.1486e-011	7.1837e-014	1.3911e-012	7.3067e-014	9.9039e-006	
"26.06.2024 14:09:28.722"	1.3960e-010	-8.6652e-014	1.0931e-011	7.5295e-014	1.3807e-012	7.7282e-014	9.9039e-006	
"26.06.2024 14:09:29.006"	1.3919e-010	-8.5063e-014	1.1198e-011	7.5413e-014	1.3411e-012	7.7954e-014	9.9039e-006	
"26.06.2024 14:09:29.289"	1.3735e-010	-8.4863e-014	1.1428e-011	7.4783e-014	1.2399e-012	7.4333e-014	9.9039e-006	
"26.06.2024 14:09:29.572"	1.3920e-010	-8.8713e-014	1.0968e-011	7.7660e-014	1.2456e-012	7.4467e-014	9.9432e-006	
"26.06.2024 14:09:29.856"	1.3979e-010	-8.4567e-014	1.1246e-011	7.5225e-014	1.2425e-012	7.7046e-014	9.9432e-006	
"26.06.2024 14:09:30.139"	1.3721e-010	-8.4282e-014	1.1413e-011	7.2720e-014	1.1408e-012	7.6208e-014	9.9432e-006	
"26.06.2024 14:09:30.423"	1.3895e-010	-8.8923e-014	1.0931e-011	7.8278e-014	1.1444e-012	7.2531e-014	9.9432e-006	
"26.06.2024 14:09:30.706"	1.4018e-010	-8.6094e-014	1.1188e-011	7.5136e-014	1.1507e-012	7.9594e-014	9.9795e-006	
"26.06.2024 14:09:30.990"	1.3732e-010	-8.7197e-014	1.1443e-011	7.4365e-014	1.0680e-012	7.6240e-014	9.9795e-006	
"26.06.2024 14:09:31.273"	1.3877e-010	-8.6829e-014	1.0990e-011	7.7935e-014	1.0642e-012	7.5759e-014	9.9795e-006	
"26.06.2024 14:09:31.556"	1.4038e-010	-8.5034e-014	1.1142e-011	7.4320e-014	1.0795e-012	7.3873e-014	9.9795e-006	
"26.06.2024 14:09:31.840"	1.3704e-010	-8.4741e-014	1.1385e-011	7.3681e-014	1.0047e-012	7.7761e-014	9.9993e-006	
"26.06.2024 14:09:32.124"	1.3916e-010	-8.7943e-014	1.1073e-011	7.7670e-014	1.0137e-012	7.5986e-014	9.9993e-006	
"26.06.2024 14:09:32.407"	1.4043e-010	-8.6599e-014	1.1117e-011	7.7032e-014	1.0192e-012	7.5936e-014	9.9993e-006	
"26.06.2024 14:09:32.691"	1.3689e-010	-8.5218e-014	1.1383e-011	7.5417e-014	9.5526e-013	7.4875e-014	9.9993e-006	
"26.06.2024 14:09:32.974"	1.3911e-010	-8.5798e-014	1.1123e-011	7.8187e-014	9.6949e-013	7.7760e-014	1.0028e-005	
"26.06.2024 14:09:33.257"	1.4025e-010	-8.9350e-014	1.1095e-011	7.4311e-014	9.6744e-013	7.4895e-014	1.0028e-005	
"26.06.2024 14:09:33.541"	1.3665e-010	-8.7526e-014	1.1330e-011	7.4215e-014	9.2213e-013	7.0022e-014	1.0028e-005	
"26.06.2024 14:09:33.824"	1.3885e-010	-8.5585e-014	1.1222e-011	7.7942e-014	9.1855e-013	7.5650e-014	1.0028e-005	
"26.06.2024 14:09:34.108"	1.4065e-010	-8.5144e-014	1.1116e-011	7.5497e-014	9.3836e-013	7.4351e-014	1.0034e-005	
"26.06.2024 14:09:34.391"	1.3650e-010	-8.4623e-014	1.1337e-011	7.4756e-014	8.8218e-013	7.2367e-014	1.0034e-005	
"26.06.2024 14:09:34.674"	1.3890e-010	-8.7128e-014	1.1282e-011	7.7762e-014	8.9078e-013	7.6587e-014	1.0034e-005	
"26.06.2024 14:09:34.958"	1.4040e-010	-8.6513e-014	1.1079e-011	7.6745e-014	9.0220e-013	7.3119e-014	1.0071e-005	
"26.06.2024 14:09:35.241"	1.3650e-010	-8.3454e-014	1.1294e-011	7.5519e-014	8.5731e-013	7.7686e-014	1.0071e-005	
"26.06.2024 14:09:35.525"	1.3842e-010	-8.5422e-014	1.1320e-011	7.5637e-014	8.5762e-013	7.6545e-014	1.0071e-005	
"26.06.2024 14:09:35.808"	1.4037e-010	-8.6960e-014	1.1109e-011	7.5600e-014	8.8624e-013	7.5469e-014	1.0071e-005	
"26.06.2024 14:09:36.092"	1.3649e-010	-8.6531e-014	1.1342e-011	7.5174e-014	8.3430e-013	7.5586e-014	1.0074e-005	
"26.06.2024 14:09:36.375"	1.3859e-010	-8.5272e-014	1.1383e-011	7.7633e-014	8.3389e-013	7.6428e-014	1.0074e-005	
"26.06.2024 14:09:36.659"	1.4028e-010	-8.8005e-014	1.1048e-011	7.6474e-014	8.5102e-013	6.8471e-014	1.0074e-005	
"26.06.2024 14:09:36.942"	1.3646e-010	-8.6416e-014	1.1356e-011	7.4672e-014	8.2431e-013	7.5035e-014	1.0074e-005	
"26.06.2024 14:09:37.226"	1.3841e-010	-8.5734e-014	1.1428e-011	7.7473e-014	8.0924e-013	7.2091e-014	1.0107e-005	
"26.06.2024 14:09:37.509"	1.4003e-010	-8.3806e-014	1.1076e-011	7.6294e-014	8.3484e-013	7.4016e-014	1.0107e-005	
"26.06.2024 14:09:37.793"	1.3666e-010	-8.4775e-014	1.1313e-011	7.4933e-014	8.0102e-013	7.5269e-014	1.0107e-005	
"26.06.2024 14:09:38.076"	1.3831e-010	-8.6179e-014	1.1462e-011	7.4998e-014	7.9041e-013	7.2913e-014	1.0107e-005	
"26.06.2024 14:09:38.359"	1.4013e-010	-9.0057e-014	1.1014e-011	7.5282e-014	8.1157e-013	7.3110e-014	1.0101e-005	
"26.06.2024 14:09:38.643"	1.3654e-010	-8.7876e-014	1.1314e-011	7.4218e-014	7.9265e-013	7.6152e-014	1.0101e-005	
"26.06.2024 14:09:38.926"	1.3836e-010	-8.6996e-014	1.1492e-011	7.6554e-014	7.7682e-013	7.3670e-014	1.0101e-005	
"26.06.2024 14:09:39.210"	1.4000e-010	-8.6422e-014	1.1018e-011	7.6702e-014	7.9653e-013	7.4506e-014	1.0101e-005	
"26.06.2024 14:09:39.493"	1.3700e-010	-8.8262e-014	1.1311e-011	7.4448e-014	7.8015e-013	7.4539e-014	1.0106e-005	
"26.06.2024 14:09:39.777"	1.3821e-010	-8.2818e-014	1.1481e-011	7.5808e-014	7.5916e-013	7.6620e-014	1.0106e-005	
"26.06.2024 14:09:40.062"	1.4002e-010	-8.6915e-014	1.0979e-011	7.5490e-014	7.8091e-013	7.2093e-014	1.0106e-005	
"26.06.2024 14:09:40.345"	1.3705e-010	-8.7258e-014	1.1271e-011	7.5202e-014	7.6548e-013	7.4436e-014	1.0106e-005	
"26.06.2024 14:09:40.628"	1.3806e-010	-8.6641e-014	1.1481e-011	7.3299e-014	7.4407e-013	7.5120e-014	1.0115e-005	
"26.06.2024 14:09:40.912"	1.3983e-010	-8.7517e-014	1.0960e-011	7.5835e-014	7.6040e-013	7.4705e-014	1.0115e-005	
"26.06.2024 14:09:41.196"	1.3773e-010	-8.4758e-014	1.1321e-011	7.3789e-014	7.5977e-013	7.4316e-014	1.0115e-005	
"26.06.2024 14:09:41.479"	1.3845e-010	-8.5019e-014	1.1501e-011	7.3685e-014	7.2895e-013	7.3585e-014	1.0115e-005	
"26.06.2024 14:09:41.763"	1.3984e-010	-9.1307e-014	1.0931e-011	7.6450e-014	7.4850e-013	7.7349e-014	1.0117e-005	
"26.06.2024 14:09:42.047"	1.3778e-010	-8.6668e-014	1.1227e-011	7.5907e-014	7.4023e-013	7.3625e-014	1.0117e-005	
"26.06.2024 14:09:42.330"	1.3815e-010	-8.4130e-014	1.1492e-011	7.5020e-014	7.1389e-013	7.5173e-014	1.0117e-005	
"26.06.2024 14:09:42.614"	1.3994e-010	-8.6075e-014	1.0977e-011	7.6443e-014	7.3901e-013	7.1336e-014	1.0116e-005	
"26.06.2024 14:09:42.898"	1.3805e-010	-8.6094e-014	1.1237e-011	7.5142e-014	7.3696e-013	6.9868e-014	1.0116e-005	
"26.06.2024 14:09:43.181"	1.3803e-010	-8.9342e-014	1.1462e-011	7.3181e-014	7.0573e-013	7.3435e-014	1.0116e-005	
"26.06.2024 14:09:43.465"	1.3977e-010	-8.7447e-014	1.0889e-011	7.5994e-014	7.2030e-013	7.4358e-014	1.0116e-005	
"26.06.2024 14:09:43.748"	1.3872e-010	-8.6144e-014	1.1222e-011	7.3514e-014	7.2522e-013	7.0294e-014	1.0136e-005	
"26.06.2024 14:09:44.032"	1.3790e-010	-8.6456e-014	1.1473e-011	7.3254e-014	6.8878e-013	7.5151e-014	1.0136e-005	
"26.06.2024 14:09:44.315"	1.3984e-010	-8.6695e-014	1.0955e-011	7.5538e-014	7.0637e-013	7.4406e-014	1.0136e-005	
"26.06.2024 14:09:44.599"	1.3906e-010	-8.1794e-014	1.1143e-011	7.5297e-014	7.2019e-013	7.2300e-014	1.0136e-005	
"26.06.2024 14:09:44.882"	1.3803e-010	-9.0312e-014	1.1429e-011	7.4100e-014	6.7598e-013	7.2105e-014	1.0148e-005	
"26.06.2024 14:09:45.165"	1.3972e-010	-8.3581e-014	1.0922e-011	7.6261e-014	6.9458e-013	7.3274e-014	1.0148e-005	
"26.06.2024 14:09:45.449"	1.3925e-010	-8.9118e-014	1.1269e-011	7.4160e-014	7.0855e-013	7.4611e-014	1.0148e-005	
"26.06.2024 14:09:45.733"	1.3786e-010	-8.2253e-014	1.1462e-011	7.3679e-014	6.6246e-013	6.9668e-014	1.0148e-005	
"26.06.2024 14:09:46.016"	1.3973e-010	-8.4435e-014	1.0929e-011	7.6255e-014	6.9427e-013	7.1607e-014	1.0148e-005	
"26.06.2024 14:09:46.300"	1.3968e-010	-8.7264e-014	1.1209e-011	7.5469e-014	6.9596e-013	7.3381e-014	1.0148e-005	
"26.06.2024 14:09:46.583"	1.3774e-010	-8.4388e-014	1.1453e-011	7.2141e-014	6.5934e-013	6.9778e-014	1.0148e-005	
"26.06.2024 14:09:46.866"	1.3961e-010	-8.6314e-014	1.0962e-011	7.7378e-014	6.7202e-013	6.7861e-014	1.0148e-005	
"26.06.2024 14:09:47.150"	1.3988e-010	-8.5725e-014	1.1230e-011	7.4977e-014	6.8846e-013	6.9813e-014	1.0151e-005	
"26.06.2024 14:09:47.433"	1.3766e-010	-8.4682e-014	1.1410e-011	7.3883e-014	6.5268e-013	7.0285e-014	1.0151e-005	
"26.06.2024 14:09:47.717"	1.3951e-010	-8.6034e-014	1.0915e-011	7.7288e-014	6.6285e-013	7.2928e-014	1.0151e-005	
"26.06.2024 14:09:48.000"	1.4032e-010	-8.3843e-014	1.1197e-011	7.7229e-014	6.7983e-013	7.4728e-014	1.0151e-005	
"26.06.2024 14:09:48.284"	1.3779e-010	-8.4774e-014	1.1490e-011	7.3831e-014	6.3605e-013	7.2860e-014	1.0151e-005	
"26.06.2024 14:09:48.567"	1.3927e-010	-8.7389e-014	1.0965e-011	7.7565e-014	6.5330e-013	7.4379e-014	1.0151e-005	
"26.06.2024 14:09:48.851"	1.4033e-010	-8.7549e-014	1.1192e-011	7.6628e-014	6.6694e-013	7.2154e-014	1.0151e-005	
"26.06.2024 14:09:49.134"	1.3769e-010	-8.5637e-014	1.1477e-011	7.2332e-014	6.3195e-013	7.2434e-014	1.0162e-005	
"26.06.2024 14:09:49.418"	1.3924e-010	-8.7847e-014	1.1009e-011	7.7494e-014	6.4134e-013	6.9408e-014	1.0162e-005	
"26.06.2024 14:09:49.701"	1.4053e-010	-8.5840e-014	1.1183e-011	7.5653e-014	6.6016e-013	7.4356e-014	1.0162e-005	
"26.06.2024 14:09:49.984"	1.3756e-010	-8.4717e-014	1.1445e-011	7.4954e-014	6.2248e-013	7.2344e-014	1.0162e-005	
"26.06.2024 14:09:50.268"	1.3925e-010	-8.5806e-014	1.1048e-011	7.7266e-014	6.2994e-013	7.2436e-014	1.0156e-005	
"26.06.2024 14:09:50.552"	1.4068e-010	-8.8773e-014	1.1153e-011	7.6529e-014	6.4452e-013	7.2814e-014	1.0156e-005	
"26.06.2024 14:09:50.835"	1.3723e-010	-8.7196e-014	1.1425e-011	7.3544e-014	6.1300e-013	7.0261e-014	1.0156e-005	
"26.06.2024 14:09:51.118"	1.3943e-010	-8.4811e-014	1.1108e-011	7.7521e-014	6.2736e-013	7.3892e-014	1.0156e-005	
"26.06.2024 14:09:51.402"	1.4065e-010	-8.8579e-014	1.1154e-011	7.6111e-014	6.3991e-013	7.3351e-014	1.0159e-005	
"26.06.2024 14:09:51.685"	1.3712e-010	-8.7273e-014	1.1443e-011	7.4004e-014	6.0874e-013	7.1812e-014	1.0159e-005	
"26.06.2024 14:09:51.969"	1.3921e-010	-8.7920e-014	1.1136e-011	7.8280e-014	6.1254e-013	7.1889e-014	1.0159e-005	
"26.06.2024 14:09:52.252"	1.4082e-010	-8.7308e-014	1.1145e-011	7.5230e-014	6.3600e-013	7.3561e-014	1.0159e-005	
"26.06.2024 14:09:52.536"	1.3670e-010	-8.6548e-014	1.1363e-011	7.5444e-014	5.9196e-013	7.0888e-014	1.0174e-005	
"26.06.2024 14:09:52.819"	1.3923e-010	-8.5086e-014	1.1262e-011	7.7490e-014	6.0789e-013	7.1390e-014	1.0174e-005	
"26.06.2024 14:09:53.102"	1.4077e-010	-9.1922e-014	1.1182e-011	7.6675e-014	6.2074e-013	7.1241e-014	1.0174e-005	
"26.06.2024 14:09:53.386"	1.3655e-010	-8.6299e-014	1.1330e-011	7.2942e-014	5.8977e-013	7.2250e-014	1.0174e-005	
"26.06.2024 14:09:53.669"	1.3892e-010	-8.9188e-014	1.1324e-011	7.7395e-014	5.9314e-013	7.1121e-014	1.0171e-005	
"26.06.2024 14:09:53.953"	1.4055e-010	-8.3943e-014	1.1145e-011	7.7151e-014	6.1273e-013	7.2267e-014	1.0171e-005	
"26.06.2024 14:09:54.236"	1.3695e-010	-8.7135e-014	1.1359e-011	7.5692e-014	5.8705e-013	7.0937e-014	1.0171e-005	
"26.06.2024 14:09:54.519"	1.3885e-010	-8.4858e-014	1.1316e-011	7.8311e-014	5.8443e-013	7.1142e-014	1.0171e-005	
"26.06.2024 14:09:54.803"	1.4057e-010	-8.7242e-014	1.1102e-011	7.5926e-014	6.0116e-013	7.4206e-014	1.0183e-005	
"26.06.2024 14:09:55.089"	1.3673e-010	-8.2487e-014	1.1381e-011	7.3530e-014	5.7239e-013	7.2077e-014	1.0183e-005	
"26.06.2024 14:09:55.372"	1.3913e-010	-8.5752e-014	1.1386e-011	7.7260e-014	5.7760e-013	7.0745e-014	1.0183e-005	
"26.06.2024 14:09:55.655"	1.4019e-010	-8.6683e-014	1.1058e-011	7.6160e-014	5.9534e-013	7.2930e-014	1.0183e-005	
"26.06.2024 14:09:55.939"	1.3657e-010	-8.9368e-014	1.1355e-011	7.4894e-014	5.7392e-013	6.4620e-014	1.0182e-005	
"26.06.2024 14:09:56.222"	1.3898e-010	-8.6699e-014	1.1381e-011	7.7891e-014	5.7552e-013	6.7988e-014	1.0182e-005	
"26.06.2024 14:09:56.507"	1.4076e-010	-8.8019e-014	1.1153e-011	7.5670e-014	5.9162e-013	7.1237e-014	1.0182e-005	
"26.06.2024 14:09:56.791"	1.3659e-010	-8.7974e-014	1.1331e-011	7.4425e-014	5.6397e-013	6.7728e-014	1.0182e-005	
"26.06.2024 14:09:57.074"	1.3881e-010	-8.5486e-014	1.1390e-011	7.4940e-014	5.7200e-013	7.1422e-014	1.0182e-005	
"26.06.2024 14:09:57.358"	1.4059e-010	-8.7528e-014	1.1083e-011	7.7038e-014	5.8471e-013	7.0346e-014	1.0182e-005	
"26.06.2024 14:09:57.641"	1.3678e-010	-8.3879e-014	1.1371e-011	7.4147e-014	5.5740e-013	7.4273e-014	1.0182e-005	
"26.06.2024 14:09:57.925"	1.3894e-010	-8.6060e-014	1.1405e-011	7.7874e-014	5.5610e-013	6.8768e-014	1.0187e-005	
"26.06.2024 14:09:58.209"	1.4031e-010	-8.5711e-014	1.1046e-011	7.6932e-014	5.7150e-013	7.2527e-014	1.0187e-005	
"26.06.2024 14:09:58.492"	1.3673e-010	-8.5579e-014	1.1376e-011	7.4324e-014	5.5486e-013	6.6085e-014	1.0187e-005	
"26.06.2024 14:09:58.776"	1.3868e-010	-8.6261e-014	1.1439e-011	7.6951e-014	5.5340e-013	7.0622e-014	1.0187e-005	
"26.06.2024 14:09:59.059"	1.4034e-010	-8.4694e-014	1.1059e-011	7.6845e-014	5.6717e-013	7.1361e-014	1.0191e-005	
"26.06.2024 14:09:59.343"	1.3671e-010	-8.7725e-014	1.1300e-011	7.3276e-014	5.5147e-013	6.9856e-014	1.0191e-005	
"26.06.2024 14:09:59.627"	1.3873e-010	-8.4780e-014	1.1468e-011	7.5330e-014	5.4239e-013	6.8614e-014	1.0191e-005	
"26.06.2024 14:09:59.910"	1.4027e-010	-8.4902e-014	1.1002e-011	7.5046e-014	5.6094e-013	7.2525e-014	1.0191e-005	
"26.06.2024 14:10:00.193"	1.3688e-010	-8.5187e-014	1.1370e-011	7.3886e-014	5.5239e-013	7.0090e-014	1.0188e-005	
"26.06.2024 14:10:00.477"	1.3851e-010	-8.7257e-014	1.1519e-011	7.5789e-014	5.3691e-013	6.6132e-014	1.0188e-005	
"26.06.2024 14:10:00.760"	1.4029e-010	-8.4969e-014	1.1022e-011	7.5219e-014	5.5263e-013	7.1360e-014	1.0188e-005	
"26.06.2024 14:10:01.044"	1.3711e-010	-8.2803e-014	1.1297e-011	7.5245e-014	5.4177e-013	7.0858e-014	1.0188e-005	
"26.06.2024 14:10:01.327"	1.3857e-010	-8.5180e-014	1.1541e-011	7.5031e-014	5.2879e-013	7.0499e-014	1.0184e-005	
"26.06.2024 14:10:01.610"	1.3974e-010	-8.6979e-014	1.0926e-011	7.7736e-014	5.4354e-013	7.3093e-014	1.0184e-005	
"26.06.2024 14:10:01.894"	1.3773e-010	-8.6661e-014	1.1298e-011	7.3259e-014	5.4295e-013	6.7809e-014	1.0184e-005	
"26.06.2024 14:10:02.177"	1.3865e-010	-8.7865e-014	1.1566e-011	7.4278e-014	5.1895e-013	6.9170e-014	1.0184e-005	
"26.06.2024 14:10:02.461"	1.3999e-010	-8.6491e-014	1.0945e-011	7.6129e-014	5.3786e-013	7.1470e-014	1.0188e-005	
"26.06.2024 14:10:02.744"	1.3816e-010	-8.3619e-014	1.1234e-011	7.6062e-014	5.4473e-013	7.2325e-014	1.0188e-005	
"26.06.2024 14:10:03.028"	1.3827e-010	-8.2728e-014	1.1516e-011	7.4233e-014	5.1919e-013	9.2651e-014	1.0188e-005	
"26.06.2024 14:10:03.311"	1.4007e-010	-9.0215e-014	1.0963e-011	7.6933e-014	5.3416e-013	7.1261e-014	1.0187e-005	
"26.06.2024 14:10:03.595"	1.3835e-010	-8.5141e-014	1.1265e-011	7.4488e-014	5.3083e-013	9.2793e-014	1.0187e-005	
"26.06.2024 14:10:03.878"	1.3837e-010	-8.2278e-014	1.1519e-011	7.4091e-014	5.1378e-013	9.2332e-014	1.0187e-005	
"26.06.2024 14:10:04.162"	1.3968e-010	-8.8535e-014	1.0911e-011	7.6081e-014	5.1490e-013	9.2273e-014	1.0187e-005	
"26.06.2024 14:10:04.445"	1.3887e-010	-8.3085e-014	1.1224e-011	7.5115e-014	5.2605e-013	9.2117e-014	1.0192e-005	
"26.06.2024 14:10:04.729"	1.3813e-010	-8.8935e-014	1.1481e-011	7.4815e-014	5.0815e-013	9.0580e-014	1.0192e-005	
"26.06.2024 14:10:05.012"	1.4006e-010	-8.5820e-014	1.0921e-011	7.6441e-014	5.1945e-013	9.2793e-014	1.0192e-005	
"26.06.2024 14:10:05.295"	1.3927e-010	-8.8197e-014	1.1173e-011	7.4816e-014	5.2037e-013	9.2259e-014	1.0192e-005	
"26.06.2024 14:10:05.579"	1.3768e-010	-8.6149e-014	1.1426e-011	7.3893e-014	4.9433e-013	8.9212e-014	1.0197e-005	
"26.06.2024 14:10:05.862"	1.3957e-010	-8.7745e-014	1.0912e-011	7.6553e-014	5.0824e-013	9.1304e-014	1.0197e-005	
"26.06.2024 14:10:06.146"	1.4003e-010	-8.8319e-014	1.1274e-011	7.4634e-014	5.1766e-013	9.2204e-014	1.0197e-005	
"26.06.2024 14:10:06.429"	1.3784e-010	-8.7754e-014	1.1456e-011	7.4113e-014	4.8919e-013	8.8429e-014	1.0197e-005	
"26.06.2024 14:10:06.712"	1.3927e-010	-8.2195e-014	1.0943e-011	7.7296e-014	5.0392e-013	9.0441e-014	1.0208e-005	
"26.06.2024 14:10:06.996"	1.4033e-010	-8.7016e-014	1.1192e-011	7.5375e-014	5.1308e-013	9.1503e-014	1.0208e-005	
"26.06.2024 14:10:07.279"	1.3775e-010	-8.8076e-014	1.1468e-011	7.3655e-014	4.8496e-013	8.8319e-014	1.0208e-005	
"26.06.2024 14:10:07.563"	1.3943e-010	-8.6703e-014	1.0975e-011	7.7169e-014	4.9530e-013	9.0248e-014	1.0208e-005	
"26.06.2024 14:10:07.846"	1.4050e-010	-8.5377e-014	1.1170e-011	7.5038e-014	5.1571e-013	9.1547e-014	1.0200e-005	
"26.06.2024 14:10:08.130"	1.3771e-010	-8.6303e-014	1.1430e-011	7.4294e-014	4.8019e-013	8.7541e-014	1.0200e-005	
"26.06.2024 14:10:08.413"	1.3931e-010	-8.4706e-014	1.0983e-011	7.8011e-014	4.9433e-013	8.8731e-014	1.0200e-005	
"26.06.2024 14:10:08.697"	1.4059e-010	-8.6212e-014	1.1180e-011	7.5117e-014	5.0548e-013	9.0632e-014	1.0200e-005	
"26.06.2024 14:10:08.980"	1.3719e-010	-8.8289e-014	1.1461e-011	7.4945e-014	4.7132e-013	8.6034e-014	1.0199e-005	
"26.06.2024 14:10:09.264"	1.3950e-010	-8.8753e-014	1.1121e-011	7.7451e-014	4.8428e-013	8.7847e-014	1.0199e-005	
"26.06.2024 14:10:09.547"	1.4094e-010	-8.5080e-014	1.1138e-011	7.7104e-014	4.9689e-013	8.9345e-014	1.0199e-005	
"26.06.2024 14:10:09.831"	1.3704e-010	-8.5363e-014	1.1355e-011	7.2596e-014	4.9179e-013	8.8911e-014	1.0212e-005	
"26.06.2024 14:10:10.116"	1.3921e-010	-8.7362e-014	1.1074e-011	7.7931e-014	4.9508e-013	9.0564e-014	1.0212e-005	
"26.06.2024 14:10:10.399"	1.4092e-010	-8.4868e-014	1.1209e-011	7.5367e-014	5.1464e-013	9.0669e-014	1.0212e-005	
"26.06.2024 14:10:10.683"	1.3708e-010	-8.6190e-014	1.1383e-011	7.3462e-014	4.9309e-013	8.9392e-014	1.0212e-005	
"26.06.2024 14:10:10.966"	1.3283e-010	-8.4967e-014	1.1931e-011	7.2567e-014	1.9041e-011	2.3874e-014	1.0192e-005	
"26.06.2024 14:10:11.250"	1.1977e-010	-8.2421e-014	9.9037e-012	8.6035e-014	4.3789e-011	-8.2167e-014	1.0192e-005	
"26.06.2024 14:10:11.534"	1.1295e-010	-8.5492e-014	9.0318e-012	7.2331e-014	4.8450e-011	-8.5842e-014	1.0192e-005	
"26.06.2024 14:10:11.818"	1.1280e-010	-8.8653e-014	8.8569e-012	7.1548e-014	5.1365e-011	-8.9339e-014	1.0192e-005	
"26.06.2024 14:10:12.101"	1.1270e-010	-8.7101e-014	8.8309e-012	7.0343e-014	5.2386e-011	-8.6818e-014	9.8737e-006	
"26.06.2024 14:10:12.385"	1.1042e-010	-8.3786e-014	8.9109e-012	7.2085e-014	4.9730e-011	-8.2502e-014	9.8737e-006	
"26.06.2024 14:10:12.668"	1.1134e-010	-8.5064e-014	8.7361e-012	7.3307e-014	5.0848e-011	-8.6536e-014	9.8737e-006	
"26.06.2024 14:10:12.952"	1.1108e-010	-8.5862e-014	8.5494e-012	6.9542e-014	5.1799e-011	-8.8710e-014	9.8737e-006	
"26.06.2024 14:10:13.236"	1.0783e-010	-8.4970e-014	8.5585e-012	7.6205e-014	4.9671e-011	-8.6548e-014	9.7197e-006	
"26.06.2024 14:10:13.519"	1.0865e-010	-8.6890e-014	8.4331e-012	7.2859e-014	4.9640e-011	-8.9510e-014	9.7197e-006	
"26.06.2024 14:10:13.802"	1.0879e-010	-8.5917e-014	8.1617e-012	7.2785e-014	5.0005e-011	-8.7576e-014	9.7197e-006	
"26.06.2024 14:10:14.086"	1.0586e-010	-8.5263e-014	8.2291e-012	7.2165e-014	4.8276e-011	-8.2717e-014	9.7197e-006	
"26.06.2024 14:10:14.369"	1.0646e-010	-9.2505e-014	8.1714e-012	7.3710e-014	4.7285e-011	-8.7973e-014	9.4118e-006	
"26.06.2024 14:10:14.653"	1.0652e-010	-8.8468e-014	7.8271e-012	7.6480e-014	4.7601e-011	-8.6492e-014	9.4118e-006	
"26.06.2024 14:10:14.936"	1.0421e-010	-8.5129e-014	7.8608e-012	7.5086e-014	4.6507e-011	-8.4263e-014	9.4118e-006	
"26.06.2024 14:10:15.220"	1.0419e-010	-8.8306e-014	7.8719e-012	7.4456e-014	4.5050e-011	-8.2876e-014	9.4118e-006	
"26.06.2024 14:10:15.503"	1.0431e-010	-8.5865e-014	7.4974e-012	7.2898e-014	4.5255e-011	-8.7969e-014	9.0587e-006	
"26.06.2024 14:10:15.787"	1.0259e-010	-8.4792e-014	7.5429e-012	7.1640e-014	4.4759e-011	-8.1825e-014	9.0587e-006	
"26.06.2024 14:10:16.070"	1.0226e-010	-8.7603e-014	7.6510e-012	7.6467e-014	4.3247e-011	-8.2059e-014	9.0587e-006	
"26.06.2024 14:10:16.353"	1.0292e-010	-8.7869e-014	7.3393e-012	6.9038e-014	4.3860e-011	-8.1624e-014	9.0587e-006	
"26.06.2024 14:10:16.637"	1.0213e-010	-8.5192e-014	7.4296e-012	7.3908e-014	4.4149e-011	-8.1336e-014	8.7201e-006	
"26.06.2024 14:10:16.920"	1.0165e-010	-8.5693e-014	7.5363e-012	7.0816e-014	4.2808e-011	-8.0639e-014	8.7201e-006	
"26.06.2024 14:10:17.204"	1.0232e-010	-8.7063e-014	7.3015e-012	7.3033e-014	4.3619e-011	-8.5416e-014	8.7201e-006	
"26.06.2024 14:10:17.488"	1.0207e-010	-8.6661e-014	7.3765e-012	7.0462e-014	4.4116e-011	-8.2016e-014	8.5415e-006	
"26.06.2024 14:10:17.771"	1.0135e-010	-8.5311e-014	7.5128e-012	7.5502e-014	4.2835e-011	-7.7065e-014	8.5415e-006	
"26.06.2024 14:10:18.054"	1.0218e-010	-8.7670e-014	7.2893e-012	7.2420e-014	4.3593e-011	-8.4928e-014	8.5415e-006	
"26.06.2024 14:10:18.338"	1.0233e-010	-8.5642e-014	7.3806e-012	7.5298e-014	4.4284e-011	-7.9665e-014	8.5415e-006	
"26.06.2024 14:10:18.621"	1.0117e-010	-8.5956e-014	7.4893e-012	7.3498e-014	4.2845e-011	-7.7037e-014	8.4704e-006	
"26.06.2024 14:10:18.905"	1.0200e-010	-9.0223e-014	7.2760e-012	7.1859e-014	4.3599e-011	-8.4202e-014	8.4704e-006	
"26.06.2024 14:10:19.188"	1.0239e-010	-8.4530e-014	7.3658e-012	7.4626e-014	4.4336e-011	-8.1769e-014	8.4704e-006	
"26.06.2024 14:10:19.471"	1.0107e-010	-8.5661e-014	7.4893e-012	7.5261e-014	4.2849e-011	-7.7848e-014	8.4704e-006	
"26.06.2024 14:10:19.755"	1.0196e-010	-8.4931e-014	7.2806e-012	7.3369e-014	4.3500e-011	-8.1344e-014	8.4253e-006	
"26.06.2024 14:10:20.038"	1.0261e-010	-8.7440e-014	7.3714e-012	7.2656e-014	4.4366e-011	-8.2390e-014	8.4253e-006	
"26.06.2024 14:10:20.322"	1.0089e-010	-8.8749e-014	7.4801e-012	7.3280e-014	4.2802e-011	-7.5053e-014	8.4253e-006	
"26.06.2024 14:10:20.605"	1.0186e-010	-8.6763e-014	7.3076e-012	7.2861e-014	4.3445e-011	-8.0523e-014	8.4253e-006	
"26.06.2024 14:10:20.888"	1.0266e-010	-8.6511e-014	7.3286e-012	7.6201e-014	4.4367e-011	-8.4715e-014	8.3909e-006	
"26.06.2024 14:10:21.172"	1.0084e-010	-8.3207e-014	7.4608e-012	7.6616e-014	4.2971e-011	-7.5903e-014	8.3909e-006	
"26.06.2024 14:10:21.455"	1.0170e-010	-8.3523e-014	7.3699e-012	7.7585e-014	4.3409e-011	-7.9319e-014	8.3909e-006	
"26.06.2024 14:10:21.739"	1.0263e-010	-8.6480e-014	7.3240e-012	7.6591e-014	4.4260e-011	-8.3441e-014	8.3909e-006	
"26.06.2024 14:10:22.023"	1.0071e-010	-8.8062e-014	7.4480e-012	7.4250e-014	4.3020e-011	-8.1110e-014	8.3587e-006	
"26.06.2024 14:10:22.306"	1.0170e-010	-8.7298e-014	7.3903e-012	7.2725e-014	4.3389e-011	-7.7045e-014	8.3587e-006	
"26.06.2024 14:10:22.590"	1.0250e-010	-8.9266e-014	7.3204e-012	7.4152e-014	4.4241e-011	-8.2770e-014	8.3587e-006	
"26.06.2024 14:10:22.873"	1.0062e-010	-8.6684e-014	7.4266e-012	7.4852e-014	4.3034e-011	-7.8964e-014	8.3587e-006	
"26.06.2024 14:10:23.156"	1.0156e-010	-8.8528e-014	7.4398e-012	7.4620e-014	4.3283e-011	-8.1187e-014	8.3520e-006	
"26.06.2024 14:10:23.440"	1.0243e-010	-8.6568e-014	7.2954e-012	7.3876e-014	4.4249e-011	-8.2526e-014	8.3520e-006	
"26.06.2024 14:10:23.723"	1.0055e-010	-8.3277e-014	7.4138e-012	7.1051e-014	4.3167e-011	-7.6378e-014	8.3520e-006	
"26.06.2024 14:10:24.007"	1.0148e-010	-8.7296e-014	7.4485e-012	7.1176e-014	4.3289e-011	-7.8615e-014	8.3345e-006	
"26.06.2024 14:10:24.290"	1.0235e-010	-8.7177e-014	7.2995e-012	7.4333e-014	4.4152e-011	-8.2846e-014	8.3345e-006	
"26.06.2024 14:10:24.574"	1.0043e-010	-8.5553e-014	7.4296e-012	7.2118e-014	4.3246e-011	-7.9149e-014	8.3345e-006	
"26.06.2024 14:10:24.858"	1.0155e-010	-8.3559e-014	7.4597e-012	7.3752e-014	4.3349e-011	-8.1977e-014	8.3345e-006	
"26.06.2024 14:10:25.142"	1.0233e-010	-8.8029e-014	7.3086e-012	7.3232e-014	4.4134e-011	-8.3480e-014	8.3190e-006	
"26.06.2024 14:10:25.425"	1.0044e-010	-8.6420e-014	7.4158e-012	7.4108e-014	4.3346e-011	-8.1073e-014	8.3190e-006	
"26.06.2024 14:10:25.709"	1.0140e-010	-8.4975e-014	7.4674e-012	7.6647e-014	4.3223e-011	-8.2454e-014	8.3190e-006	
"26.06.2024 14:10:25.992"	1.0228e-010	-8.4059e-014	7.2817e-012	7.6146e-014	4.4128e-011	-8.3654e-014	8.3190e-006	
"26.06.2024 14:10:26.276"	1.0039e-010	-8.8137e-014	7.4291e-012	7.6009e-014	4.3386e-011	-7.9637e-014	8.3191e-006	
"26.06.2024 14:10:26.561"	1.0139e-010	-8.4589e-014	7.4720e-012	7.3071e-014	4.3330e-011	-7.8102e-014	8.3191e-006	
"26.06.2024 14:10:26.845"	1.0225e-010	-8.4809e-014	7.2959e-012	7.3933e-014	4.4195e-011	-8.1789e-014	8.3191e-006	
"26.06.2024 14:10:27.128"	1.0041e-010	-8.6502e-014	7.4000e-012	7.5713e-014	4.3448e-011	-8.1422e-014	8.3191e-006	
"26.06.2024 14:10:27.412"	1.0139e-010	-8.8462e-014	7.4954e-012	7.2226e-014	4.3223e-011	-8.1267e-014	8.3087e-006	
"26.06.2024 14:10:27.695"	1.0224e-010	-8.6063e-014	7.3000e-012	7.2854e-014	4.4115e-011	-8.2869e-014	8.3087e-006	
"26.06.2024 14:10:27.979"	1.0048e-010	-8.5102e-014	7.4122e-012	7.2813e-014	4.3590e-011	-7.7571e-014	8.3087e-006	
"26.06.2024 14:10:28.263"	1.0132e-010	-8.6218e-014	7.5026e-012	7.3150e-014	4.3233e-011	-7.9235e-014	8.3087e-006	
"26.06.2024 14:10:28.546"	1.0221e-010	-8.3545e-014	7.2816e-012	7.5594e-014	4.3985e-011	-8.4219e-014	8.3034e-006	
"26.06.2024 14:10:28.830"	1.0068e-010	-8.6193e-014	7.3786e-012	7.1942e-014	4.3930e-011	-8.1686e-014	8.3034e-006	
"26.06.2024 14:10:29.113"	1.0117e-010	-8.7344e-014	7.4944e-012	7.3807e-014	4.3182e-011	-7.7153e-014	8.3034e-006	
"26.06.2024 14:10:29.396"	1.0206e-010	-8.3840e-014	7.2591e-012	7.3031e-014	4.4030e-011	-8.2642e-014	8.3034e-006	
"26.06.2024 14:10:29.680"	1.0101e-010	-8.8808e-014	7.3566e-012	7.3248e-014	4.4040e-011	-8.2032e-014	8.2844e-006	
"26.06.2024 14:10:29.964"	1.0116e-010	-8.3046e-014	7.5005e-012	7.3840e-014	4.3154e-011	-7.9044e-014	8.2844e-006	
"26.06.2024 14:10:30.247"	1.0201e-010	-8.6293e-014	7.2444e-012	7.1288e-014	4.4049e-011	-8.2141e-014	8.2844e-006	
"26.06.2024 14:10:30.530"	1.0132e-010	-8.4906e-014	7.3745e-012	7.3412e-014	4.4294e-011	-7.8948e-014	8.2844e-006	
"26.06.2024 14:10:30.814"	1.0705e-010	-8.4794e-014	8.0148e-012	7.2135e-014	2.3661e-011	9.7037e-015	8.2876e-006	
"26.06.2024 14:10:31.098"	1.2166e-010	-8.9766e-014	8.5626e-012	9.3215e-014	8.3841e-012	6.9792e-014	8.2876e-006	
"26.06.2024 14:10:31.381"	1.2541e-010	-8.7906e-014	9.4754e-012	8.5925e-014	5.0792e-012	7.7093e-014	8.2876e-006	
"26.06.2024 14:10:31.665"	1.2887e-010	-8.7965e-014	1.0216e-011	8.1838e-014	3.8733e-012	7.5570e-014	8.6167e-006	
"26.06.2024 14:10:31.948"	1.3326e-010	-8.4989e-014	1.0174e-011	8.2281e-014	3.3969e-012	7.8393e-014	8.6167e-006	
"26.06.2024 14:10:32.231"	1.3357e-010	-8.4694e-014	1.0739e-011	7.8627e-014	2.9971e-012	7.5243e-014	8.6167e-006	
"26.06.2024 14:10:32.515"	1.3574e-010	-8.5462e-014	1.1206e-011	7.6213e-014	2.6331e-012	7.7822e-014	8.6167e-006	
"26.06.2024 14:10:32.798"	1.3804e-010	-8.4730e-014	1.0778e-011	7.8020e-014	2.4522e-012	7.7657e-014	9.4579e-006	
"26.06.2024 14:10:33.082"	1.3682e-010	-8.7571e-014	1.1178e-011	7.5969e-014	2.2484e-012	7.6791e-014	9.4579e-006	
"26.06.2024 14:10:33.365"	1.3720e-010	-8.6500e-014	1.1454e-011	7.4128e-014	2.0058e-012	7.7537e-014	9.4579e-006	
"26.06.2024 14:10:33.648"	1.3903e-010	-8.6912e-014	1.0915e-011	7.5102e-014	1.9108e-012	7.7166e-014	9.4579e-006	
"26.06.2024 14:10:33.932"	1.3768e-010	-9.1778e-014	1.1157e-011	7.6034e-014	1.7837e-012	7.7400e-014	9.8150e-006	
"26.06.2024 14:10:34.215"	1.3749e-010	-8.8584e-014	1.1457e-011	7.4252e-014	1.6228e-012	7.8752e-014	9.8150e-006	
"26.06.2024 14:10:34.498"	1.3911e-010	-8.7149e-014	1.0910e-011	7.7250e-014	1.5724e-012	7.9320e-014	9.8150e-006	
"26.06.2024 14:10:34.782"	1.3834e-010	-8.7702e-014	1.1221e-011	7.5249e-014	1.4983e-012	7.6540e-014	9.8150e-006	
"26.06.2024 14:10:35.065"	1.3715e-010	-8.4651e-014	1.1392e-011	7.2354e-014	1.3568e-012	7.9544e-014	9.8955e-006	
"26.06.2024 14:10:35.349"	1.3910e-010	-8.8869e-014	1.0861e-011	7.7792e-014	1.3344e-012	7.8766e-014	9.8955e-006	
"26.06.2024 14:10:35.633"	1.3894e-010	-8.4804e-014	1.1236e-011	7.4724e-014	1.3004e-012	7.8051e-014	9.8955e-006	
"26.06.2024 14:10:35.916"	1.3736e-010	-8.9426e-014	1.1398e-011	7.3755e-014	1.1688e-012	7.3783e-014	9.8955e-006	
"26.06.2024 14:10:36.199"	1.3888e-010	-8.4938e-014	1.0877e-011	7.7920e-014	1.1602e-012	7.4040e-014	9.9560e-006	
"26.06.2024 14:10:36.483"	1.3948e-010	-8.8745e-014	1.1219e-011	7.3861e-014	1.1408e-012	7.6547e-014	9.9560e-006	
"26.06.2024 14:10:36.766"	1.3754e-010	-9.1721e-014	1.1454e-011	7.4786e-014	1.0500e-012	7.5072e-014	9.9560e-006	
"26.06.2024 14:10:37.050"	1.3887e-010	-8.4307e-014	1.0919e-011	7.7323e-014	1.0366e-012	7.4980e-014	9.9560e-006	
"26.06.2024 14:10:37.333"	1.4002e-010	-8.5767e-014	1.1180e-011	7.4363e-014	1.0239e-012	7.8704e-014	9.9923e-006	
"26.06.2024 14:10:37.617"	1.3710e-010	-8.6727e-014	1.1451e-011	7.3406e-014	9.5721e-013	7.6349e-014	9.9923e-006	
"26.06.2024 14:10:37.900"	1.3932e-010	-8.6828e-014	1.0980e-011	7.8422e-014	9.4550e-013	7.6787e-014	9.9923e-006	
"26.06.2024 14:10:38.183"	1.4034e-010	-8.5755e-014	1.1137e-011	7.5659e-014	9.4577e-013	7.4280e-014	1.0028e-005	
"26.06.2024 14:10:38.467"	1.3670e-010	-8.4729e-014	1.1389e-011	7.4437e-014	8.7580e-013	7.5372e-014	1.0028e-005	
"26.06.2024 14:10:38.750"	1.3892e-010	-8.6490e-014	1.1066e-011	7.6207e-014	8.7335e-013	6.7008e-014	1.0028e-005	
"26.06.2024 14:10:39.034"	1.4076e-010	-8.9292e-014	1.1182e-011	7.5133e-014	8.8409e-013	7.5194e-014	1.0028e-005	
"26.06.2024 14:10:39.317"	1.3691e-010	-8.8635e-014	1.1401e-011	7.4655e-014	8.1069e-013	7.6437e-014	1.0056e-005	
"26.06.2024 14:10:39.601"	1.3870e-010	-8.8463e-014	1.1099e-011	7.8386e-014	8.1399e-013	7.6036e-014	1.0056e-005	
"26.06.2024 14:10:39.885"	1.4049e-010	-8.6983e-014	1.1152e-011	7.5367e-014	8.2990e-013	7.4729e-014	1.0056e-005	
"26.06.2024 14:10:40.170"	1.3704e-010	-8.8209e-014	1.1425e-011	7.3039e-014	7.7022e-013	7.4507e-014	1.0056e-005	
"26.06.2024 14:10:40.453"	1.3917e-010	-8.4325e-014	1.1120e-011	7.6491e-014	7.7648e-013	7.4813e-014	1.0075e-005	
"26.06.2024 14:10:40.737"	1.4046e-010	-8.6280e-014	1.1108e-011	7.5087e-014	7.7954e-013	7.4351e-014	1.0075e-005	
"26.06.2024 14:10:41.020"	1.3647e-010	-8.2809e-014	1.1320e-011	7.2949e-014	7.2910e-013	7.4329e-014	1.0075e-005	
"26.06.2024 14:10:41.303"	1.3902e-010	-8.5094e-014	1.1230e-011	7.7368e-014	7.4078e-013	7.6206e-014	1.0075e-005	
"26.06.2024 14:10:41.588"	1.4074e-010	-8.7431e-014	1.1151e-011	7.5684e-014	7.5953e-013	7.3280e-014	1.0084e-005	
"26.06.2024 14:10:41.872"	1.3673e-010	-8.5232e-014	1.1339e-011	7.3958e-014	7.0242e-013	7.6438e-014	1.0084e-005	
"26.06.2024 14:10:42.155"	1.3875e-010	-8.5648e-014	1.1209e-011	7.8510e-014	7.0790e-013	7.3707e-014	1.0084e-005	
"26.06.2024 14:10:42.439"	1.4044e-010	-8.6219e-014	1.1140e-011	7.5533e-014	7.2751e-013	7.3528e-014	1.0084e-005	
"26.06.2024 14:10:42.722"	1.3694e-010	-8.7883e-014	1.1394e-011	7.4548e-014	6.8555e-013	7.3851e-014	1.0106e-005	
"26.06.2024 14:10:43.007"	1.3893e-010	-8.5300e-014	1.1241e-011	7.6225e-014	6.7667e-013	7.4461e-014	1.0106e-005	
"26.06.2024 14:10:43.290"	1.4017e-010	-8.4861e-014	1.1093e-011	7.6796e-014	6.9519e-013	7.4453e-014	1.0106e-005	
"26.06.2024 14:10:43.573"	1.3641e-010	-8.4686e-014	1.1303e-011	7.5015e-014	6.5705e-013	7.2074e-014	1.0106e-005	
"26.06.2024 14:10:43.857"	1.3901e-010	-8.4687e-014	1.1332e-011	7.6387e-014	6.6756e-013	7.0060e-014	1.0116e-005	
"26.06.2024 14:10:44.140"	1.4043e-010	-9.2850e-014	1.1065e-011	7.6237e-014	6.7676e-013	7.2352e-014	1.0116e-005	
"26.06.2024 14:10:44.424"	1.3626e-010	-8.7314e-014	1.1351e-011	7.4165e-014	6.4069e-013	7.3017e-014	1.0116e-005	
"26.06.2024 14:10:44.709"	1.3875e-010	-8.7356e-014	1.1375e-011	7.6923e-014	6.4816e-013	6.9125e-014	1.0116e-005	
"26.06.2024 14:10:44.992"	1.4046e-010	-8.5458e-014	1.1114e-011	7.4929e-014	6.6380e-013	7.2606e-014	1.0126e-005	
"26.06.2024 14:10:45.275"	1.3648e-010	-8.8854e-014	1.1322e-011	7.4250e-014	6.2293e-013	7.0635e-014	1.0126e-005	
"26.06.2024 14:10:45.559"	1.3859e-010	-8.4850e-014	1.1394e-011	7.8187e-014	6.2639e-013	7.2989e-014	1.0126e-005	
"26.06.2024 14:10:45.842"	1.4034e-010	-8.7956e-014	1.1047e-011	7.7389e-014	6.3597e-013	7.3917e-014	1.0139e-005	
"26.06.2024 14:10:46.126"	1.3653e-010	-8.4500e-014	1.1347e-011	7.3142e-014	6.1280e-013	7.0798e-014	1.0139e-005	
"26.06.2024 14:10:46.409"	1.3843e-010	-8.4343e-014	1.1474e-011	7.4817e-014	6.1189e-013	7.1170e-014	1.0139e-005	
"26.06.2024 14:10:46.692"	1.3976e-010	-8.7626e-014	1.0999e-011	7.6299e-014	6.2231e-013	7.1216e-014	1.0139e-005	
"26.06.2024 14:10:46.976"	1.3680e-010	-8.8306e-014	1.1285e-011	7.3917e-014	6.0703e-013	7.0769e-014	1.0148e-005	
"26.06.2024 14:10:47.259"	1.3867e-010	-8.5688e-014	1.1525e-011	7.7033e-014	6.0227e-013	7.1273e-014	1.0148e-005	
"26.06.2024 14:10:47.543"	1.3991e-010	-8.2180e-014	1.0948e-011	7.6847e-014	6.1005e-013	7.2205e-014	1.0148e-005	
"26.06.2024 14:10:47.826"	1.3716e-010	-8.8309e-014	1.1265e-011	7.3719e-014	6.0521e-013	6.8433e-014	1.0148e-005	
"26.06.2024 14:10:48.109"	1.3849e-010	-8.4194e-014	1.1576e-011	7.3626e-014	5.8863e-013	7.2343e-014	1.0153e-005	
"26.06.2024 14:10:48.393"	1.3988e-010	-8.3933e-014	1.0963e-011	7.7031e-014	6.0420e-013	7.3143e-014	1.0153e-005	
"26.06.2024 14:10:48.676"	1.3802e-010	-8.2634e-014	1.1253e-011	7.6369e-014	5.9766e-013	6.7928e-014	1.0153e-005	
"26.06.2024 14:10:48.960"	1.3830e-010	-8.7439e-014	1.1506e-011	7.3623e-014	5.7754e-013	7.1758e-014	1.0153e-005	
"26.06.2024 14:10:49.243"	1.4003e-010	-8.5859e-014	1.0954e-011	7.5381e-014	5.9089e-013	6.9022e-014	1.0166e-005	
"26.06.2024 14:10:49.527"	1.3835e-010	-8.7427e-014	1.1231e-011	7.4705e-014	5.8448e-013	6.9377e-014	1.0166e-005	
"26.06.2024 14:10:49.810"	1.3815e-010	-8.6858e-014	1.1486e-011	7.3763e-014	5.5946e-013	7.0140e-014	1.0166e-005	
"26.06.2024 14:10:50.094"	1.3982e-010	-8.8418e-014	1.0935e-011	7.6988e-014	5.8096e-013	7.2020e-014	1.0166e-005	
"26.06.2024 14:10:50.377"	1.3898e-010	-8.8383e-014	1.1283e-011	7.4041e-014	5.8185e-013	7.2347e-014	1.0177e-005	
"26.06.2024 14:10:50.661"	1.3769e-010	-8.5777e-014	1.1435e-011	7.3206e-014	5.5274e-013	6.9351e-014	1.0177e-005	
"26.06.2024 14:10:50.944"	1.3941e-010	-8.7715e-014	1.0905e-011	7.8279e-014	5.6502e-013	6.8001e-014	1.0177e-005	
"26.06.2024 14:10:51.228"	1.3964e-010	-8.5663e-014	1.1232e-011	7.4442e-014	5.7550e-013	7.0154e-014	1.0177e-005	
"26.06.2024 14:10:51.511"	1.3810e-010	-8.6659e-014	1.1476e-011	7.1975e-014	5.4713e-013	6.9473e-014	1.0178e-005	
"26.06.2024 14:10:51.794"	1.3943e-010	-8.7172e-014	1.0930e-011	7.6758e-014	5.5898e-013	7.1245e-014	1.0178e-005	
"26.06.2024 14:10:52.078"	1.3991e-010	-8.4558e-014	1.1223e-011	7.6427e-014	5.6984e-013	6.9276e-014	1.0178e-005	
"26.06.2024 14:10:52.361"	1.3783e-010	-8.5779e-014	1.1485e-011	7.1835e-014	5.3126e-013	6.8244e-014	1.0182e-005	
"26.06.2024 14:10:52.645"	1.3914e-010	-8.6150e-014	1.0950e-011	7.8351e-014	5.4408e-013	6.8761e-014	1.0182e-005	
"26.06.2024 14:10:52.928"	1.4059e-010	-8.8151e-014	1.1200e-011	7.5741e-014	5.6839e-013	7.1788e-014	1.0182e-005	
"26.06.2024 14:10:53.211"	1.3753e-010	-8.4875e-014	1.1458e-011	7.4408e-014	5.2640e-013	7.0209e-014	1.0182e-005	
"26.06.2024 14:10:53.495"	1.3942e-010	-8.6894e-014	1.0999e-011	7.8091e-014	5.3677e-013	7.0847e-014	1.0173e-005	
"26.06.2024 14:10:53.779"	1.4058e-010	-8.4527e-014	1.1179e-011	7.5732e-014	5.4954e-013	6.9899e-014	1.0173e-005	
"26.06.2024 14:10:54.062"	1.3747e-010	-8.6241e-014	1.1433e-011	7.3729e-014	5.2075e-013	9.2802e-014	1.0173e-005	
"26.06.2024 14:10:54.346"	1.3927e-010	-8.7139e-014	1.1012e-011	7.8454e-014	5.2500e-013	6.9663e-014	1.0173e-005	
"26.06.2024 14:10:54.629"	1.4057e-010	-8.4704e-014	1.1128e-011	7.5717e-014	5.3915e-013	9.3161e-014	1.0180e-005	
"26.06.2024 14:10:54.913"	1.3718e-010	-8.5228e-014	1.1416e-011	7.4133e-014	5.1621e-013	9.2730e-014	1.0180e-005	
"26.06.2024 14:10:55.198"	1.3948e-010	-8.5997e-014	1.1105e-011	7.8754e-014	5.2249e-013	9.2941e-014	1.0180e-005	
"26.06.2024 14:10:55.481"	1.4081e-010	-8.5859e-014	1.1130e-011	7.5447e-014	5.3327e-013	7.0483e-014	1.0180e-005	
"26.06.2024 14:10:55.765"	1.3689e-010	-8.8489e-014	1.1402e-011	7.4703e-014	5.0959e-013	9.1621e-014	1.0183e-005	
"26.06.2024 14:10:56.048"	1.3910e-010	-8.5721e-014	1.1167e-011	7.6465e-014	5.1369e-013	9.2227e-014	1.0183e-005	
"26.06.2024 14:10:56.331"	1.4094e-010	-8.5312e-014	1.1221e-011	7.6529e-014	5.3018e-013	9.3329e-014	1.0183e-005	
"26.06.2024 14:10:56.616"	1.3703e-010	-8.7851e-014	1.1377e-011	7.5358e-014	4.9693e-013	8.9257e-014	1.0183e-005	
"26.06.2024 14:10:56.899"	1.3898e-010	-8.5286e-014	1.1189e-011	7.7367e-014	5.0702e-013	9.1620e-014	1.0181e-005	
"26.06.2024 14:10:57.183"	1.4064e-010	-8.7045e-014	1.1157e-011	7.5763e-014	5.2180e-013	9.3363e-014	1.0181e-005	
"26.06.2024 14:10:57.466"	1.3703e-010	-8.7872e-014	1.1391e-011	7.2654e-014	4.9534e-013	8.9180e-014	1.0181e-005	
"26.06.2024 14:10:57.749"	1.3895e-010	-8.3855e-014	1.1205e-011	7.6944e-014	5.0059e-013	9.0307e-014	1.0181e-005	
"26.06.2024 14:10:58.034"	1.4063e-010	-8.5322e-014	1.1134e-011	7.5363e-014	5.1645e-013	9.2166e-014	1.0187e-005	
"26.06.2024 14:10:58.318"	1.3694e-010	-8.3732e-014	1.1409e-011	7.4939e-014	4.9153e-013	8.8386e-014	1.0187e-005	
"26.06.2024 14:10:58.601"	1.3891e-010	-8.5734e-014	1.1269e-011	7.7980e-014	4.9332e-013	8.9389e-014	1.0187e-005	
"26.06.2024 14:10:58.884"	1.4037e-010	-8.4288e-014	1.1101e-011	7.5906e-014	5.0530e-013	9.0646e-014	1.0187e-005	
"26.06.2024 14:10:59.168"	1.3655e-010	-8.6283e-014	1.1375e-011	7.4320e-014	4.7954e-013	8.6708e-014	1.0190e-005	
"26.06.2024 14:10:59.451"	1.3920e-010	-8.6447e-014	1.1306e-011	7.6270e-014	4.9013e-013	8.8191e-014	1.0190e-005	
"26.06.2024 14:10:59.736"	1.4051e-010	-8.6301e-014	1.1135e-011	7.5432e-014	4.9929e-013	9.0160e-014	1.0190e-005	
"26.06.2024 14:11:00.020"	1.3658e-010	-8.8265e-014	1.1352e-011	7.4671e-014	4.8089e-013	8.6161e-014	1.0193e-005	
"26.06.2024 14:11:00.303"	1.3900e-010	-8.6830e-014	1.1292e-011	7.5164e-014	4.8195e-013	8.7789e-014	1.0193e-005	
"26.06.2024 14:11:00.587"	1.4057e-010	-8.4442e-014	1.1116e-011	7.4054e-014	4.9299e-013	8.8977e-014	1.0193e-005	
"26.06.2024 14:11:00.870"	1.3652e-010	-8.7965e-014	1.1330e-011	7.4046e-014	4.7146e-013	8.4706e-014	1.0193e-005	
"26.06.2024 14:11:01.153"	1.3886e-010	-9.0067e-014	1.1389e-011	7.7434e-014	4.7941e-013	8.7219e-014	1.0194e-005	
"26.06.2024 14:11:01.437"	1.4056e-010	-8.7980e-014	1.1139e-011	7.5654e-014	4.8975e-013	8.8352e-014	1.0194e-005	
"26.06.2024 14:11:01.720"	1.3643e-010	-8.5657e-014	1.1320e-011	7.6039e-014	4.6834e-013	8.4095e-014	1.0194e-005	
"26.06.2024 14:11:02.004"	1.3873e-010	-8.7183e-014	1.1423e-011	7.6845e-014	4.6453e-013	8.4242e-014	1.0194e-005	
"26.06.2024 14:11:02.287"	1.4038e-010	-8.4725e-014	1.1081e-011	7.6213e-014	4.8518e-013	8.7417e-014	1.0198e-005	
"26.06.2024 14:11:02.570"	1.3650e-010	-8.7121e-014	1.1294e-011	7.4303e-014	4.6135e-013	8.2598e-014	1.0198e-005	
"26.06.2024 14:11:02.854"	1.3845e-010	-8.6240e-014	1.1480e-011	7.6876e-014	4.6076e-013	8.3009e-014	1.0198e-005	
"26.06.2024 14:11:03.138"	1.4030e-010	-8.6286e-014	1.1034e-011	7.6323e-014	4.7258e-013	8.6427e-014	1.0198e-005	
"26.06.2024 14:11:03.421"	1.3665e-010	-8.6649e-014	1.1332e-011	7.3910e-014	4.5998e-013	8.2310e-014	1.0190e-005	
"26.06.2024 14:11:03.705"	1.3877e-010	-8.7341e-014	1.1515e-011	7.5802e-014	4.5436e-013	8.2959e-014	1.0190e-005	
"26.06.2024 14:11:03.988"	1.3986e-010	-8.6291e-014	1.0970e-011	7.6417e-014	4.6136e-013	8.4485e-014	1.0190e-005	
"26.06.2024 14:11:04.272"	1.3702e-010	-8.5902e-014	1.1308e-011	7.4169e-014	4.5831e-013	8.0940e-014	1.0190e-005	
"26.06.2024 14:11:04.555"	1.3856e-010	-8.4434e-014	1.1551e-011	7.4277e-014	4.5296e-013	8.2374e-014	1.0192e-005	
"26.06.2024 14:11:04.839"	1.3998e-010	-8.7229e-014	1.0971e-011	7.6087e-014	4.5961e-013	8.3633e-014	1.0192e-005	
"26.06.2024 14:11:05.122"	1.3740e-010	-8.4837e-014	1.1273e-011	7.4439e-014	4.5613e-013	8.0527e-014	1.0192e-005	
"26.06.2024 14:11:05.405"	1.3863e-010	-8.7312e-014	1.1558e-011	7.1819e-014	4.4323e-013	8.0197e-014	1.0192e-005	
"26.06.2024 14:11:05.689"	1.3998e-010	-8.7259e-014	1.0968e-011	7.6964e-014	4.5426e-013	8.2302e-014	1.0192e-005	
"26.06.2024 14:11:05.972"	1.3796e-010	-8.2521e-014	1.1288e-011	7.5099e-014	4.5741e-013	8.1289e-014	1.0192e-005	
"26.06.2024 14:11:06.256"	1.3837e-010	-8.6450e-014	1.1529e-011	7.4159e-014	4.3846e-013	7.8912e-014	1.0192e-005	
"26.06.2024 14:11:06.539"	1.3996e-010	-8.2880e-014	1.0942e-011	7.6414e-014	4.5376e-013	8.1320e-014	1.0207e-005	
"26.06.2024 14:11:06.822"	1.3841e-010	-8.6243e-014	1.1212e-011	7.5306e-014	4.5261e-013	8.0707e-014	1.0207e-005	
"26.06.2024 14:11:07.106"	1.3832e-010	-8.3510e-014	1.1486e-011	7.4296e-014	4.3949e-013	7.8011e-014	1.0207e-005	
"26.06.2024 14:11:07.390"	1.3994e-010	-8.7399e-014	1.0969e-011	7.6840e-014	4.4306e-013	7.9733e-014	1.0207e-005	
"26.06.2024 14:11:07.673"	1.3872e-010	-8.6708e-014	1.1246e-011	7.3501e-014	4.4430e-013	7.8974e-014	1.0205e-005	
"26.06.2024 14:11:07.957"	1.3802e-010	-8.5421e-014	1.1452e-011	7.3248e-014	4.2552e-013	7.5409e-014	1.0205e-005	
"26.06.2024 14:11:08.240"	1.3959e-010	-8.7502e-014	1.0903e-011	7.6986e-014	4.3905e-013	7.8787e-014	1.0205e-005	
"26.06.2024 14:11:08.524"	1.3935e-010	-8.6395e-014	1.1285e-011	7.5358e-014	4.3974e-013	7.7891e-014	1.0205e-005	
"26.06.2024 14:11:08.807"	1.3781e-010	-8.5890e-014	1.1436e-011	7.4351e-014	4.2482e-013	7.3817e-014	1.0199e-005	
"26.06.2024 14:11:09.090"	1.3954e-010	-8.3367e-014	1.0914e-011	7.6089e-014	4.3403e-013	7.6796e-014	1.0199e-005	
"26.06.2024 14:11:09.374"	1.3978e-010	-8.5644e-014	1.1196e-011	7.4731e-014	4.4399e-013	7.9438e-014	1.0199e-005	
"26.06.2024 14:11:09.657"	1.3818e-010	-8.5527e-014	1.1458e-011	7.4696e-014	4.2015e-013	7.3735e-014	1.0199e-005	
"26.06.2024 14:11:09.941"	1.3958e-010	-8.5774e-014	1.0912e-011	7.7523e-014	4.2183e-013	7.5131e-014	1.0211e-005	
"26.06.2024 14:11:10.226"	1.3970e-010	-8.6228e-014	1.1219e-011	7.5901e-014	4.3472e-013	7.6950e-014	1.0211e-005	
"26.06.2024 14:11:10.509"	1.3780e-010	-8.4824e-014	1.1428e-011	7.4699e-014	4.1604e-013	7.3184e-014	1.0211e-005	
