"Spectra International Data File"
"[Scan Data (Pressures in mbar)]"
"Time"	"Mass 2"	"Mass 8"	"Mass 4"	"Mass 12"	"Mass 40"	"Mass 43"	"CirrusPressure"	
"20.10.2023 14:39:30.334"	9.7976e-012	8.0336e-014	3.4177e-013	4.9706e-014	2.4154e-012	7.5766e-014	1.0626e-005	
"20.10.2023 14:39:30.618"	9.8276e-012	8.0729e-014	3.4150e-013	5.0384e-014	2.3403e-012	7.2800e-014	1.0626e-005	
"20.10.2023 14:39:30.901"	9.7120e-012	8.1771e-014	3.4283e-013	4.9955e-014	2.3126e-012	7.2417e-014	1.0626e-005	
"20.10.2023 14:39:31.185"	9.7808e-012	8.1803e-014	3.4095e-013	4.9491e-014	2.3969e-012	7.6546e-014	1.0626e-005	
"20.10.2023 14:39:31.468"	9.7802e-012	8.1455e-014	3.4399e-013	5.1542e-014	2.4545e-012	7.5534e-014	1.0566e-005	
"20.10.2023 14:39:31.752"	9.9724e-012	7.9850e-014	3.5158e-013	5.3168e-014	2.3372e-012	7.5301e-014	1.0566e-005	
"20.10.2023 14:39:32.035"	9.9378e-012	8.0542e-014	3.3435e-013	4.7537e-014	2.3254e-012	7.2715e-014	1.0566e-005	
"20.10.2023 14:39:32.319"	9.8139e-012	8.3089e-014	3.3766e-013	4.9272e-014	2.3928e-012	7.5943e-014	1.0566e-005	
"20.10.2023 14:39:32.602"	9.6543e-012	8.1975e-014	3.3852e-013	4.9360e-014	2.3650e-012	7.3294e-014	1.0554e-005	
"20.10.2023 14:39:32.886"	9.7272e-012	8.1554e-014	3.4166e-013	4.9863e-014	2.4139e-012	7.5501e-014	1.0554e-005	
"20.10.2023 14:39:33.169"	9.8328e-012	8.0510e-014	3.4077e-013	5.0881e-014	2.4479e-012	7.4414e-014	1.0554e-005	
"20.10.2023 14:39:33.453"	9.8858e-012	7.9691e-014	3.5010e-013	5.3036e-014	2.3393e-012	7.5015e-014	1.0552e-005	
"20.10.2023 14:39:33.736"	1.0025e-011	7.9793e-014	3.4569e-013	4.9207e-014	2.3527e-012	7.5512e-014	1.0552e-005	
"20.10.2023 14:39:34.020"	1.0101e-011	7.9124e-014	3.3483e-013	4.8617e-014	2.3800e-012	7.3384e-014	1.0552e-005	
"20.10.2023 14:39:34.303"	9.5901e-012	8.2083e-014	3.3804e-013	4.8768e-014	2.3198e-012	7.6368e-014	1.0552e-005	
"20.10.2023 14:39:34.586"	9.7660e-012	8.1100e-014	3.4368e-013	5.0568e-014	2.4314e-012	7.4049e-014	1.0562e-005	
"20.10.2023 14:39:34.870"	9.7894e-012	8.0862e-014	3.4073e-013	4.9821e-014	2.4108e-012	7.3404e-014	1.0562e-005	
"20.10.2023 14:39:35.153"	9.8068e-012	8.1662e-014	3.4285e-013	5.1047e-014	2.3238e-012	7.1853e-014	1.0562e-005	
"20.10.2023 14:39:35.436"	9.9954e-012	8.0240e-014	3.5315e-013	5.1897e-014	2.3357e-012	7.7925e-014	1.0562e-005	
"20.10.2023 14:39:35.720"	1.0275e-011	7.8851e-014	3.4579e-013	5.0562e-014	1.8748e-012	7.4086e-014	1.0533e-005	
"20.10.2023 14:39:36.003"	1.0282e-011	7.8590e-014	3.6414e-013	5.6501e-014	1.2640e-012	7.0194e-014	1.0533e-005	
"20.10.2023 14:39:36.287"	1.0646e-011	7.5860e-014	3.8911e-013	6.3401e-014	9.1186e-013	7.2009e-014	1.0533e-005	
"20.10.2023 14:39:36.570"	1.0523e-011	7.5939e-014	3.8401e-013	6.1713e-014	7.4267e-013	7.1951e-014	1.0533e-005	
"20.10.2023 14:39:36.854"	1.0627e-011	7.7538e-014	3.8935e-013	6.3981e-014	6.1579e-013	6.6524e-014	1.0682e-005	
"20.10.2023 14:39:37.139"	1.0566e-011	7.6104e-014	3.9742e-013	6.6560e-014	5.4346e-013	9.0031e-014	1.0682e-005	
"20.10.2023 14:39:37.423"	1.0737e-011	7.4677e-014	3.9467e-013	6.5818e-014	4.6579e-013	8.2183e-014	1.0682e-005	
"20.10.2023 14:39:37.706"	1.0750e-011	7.5986e-014	4.1458e-013	7.1168e-014	4.2988e-013	7.4025e-014	1.0682e-005	
"20.10.2023 14:39:37.990"	1.0592e-011	7.6195e-014	4.2774e-013	7.4073e-014	3.6712e-013	5.8691e-014	1.0795e-005	
"20.10.2023 14:39:38.274"	1.0805e-011	7.4905e-014	4.3744e-013	7.6763e-014	3.5706e-013	5.5912e-014	1.0795e-005	
"20.10.2023 14:39:38.559"	1.0744e-011	7.6621e-014	4.3279e-013	7.4869e-014	3.1479e-013	4.2222e-014	1.0795e-005	
"20.10.2023 14:39:38.843"	1.0953e-011	7.3897e-014	4.5744e-013	8.0250e-014	2.8098e-013	3.4472e-014	1.0795e-005	
"20.10.2023 14:39:39.126"	1.0716e-011	7.4963e-014	4.3854e-013	7.5838e-014	2.5383e-013	2.9723e-014	1.0806e-005	
"20.10.2023 14:39:39.410"	1.0872e-011	7.4292e-014	4.3452e-013	7.5467e-014	2.3088e-013	2.5307e-014	1.0806e-005	
"20.10.2023 14:39:39.693"	1.0790e-011	7.4466e-014	4.4928e-013	7.8253e-014	2.1437e-013	2.2162e-014	1.0806e-005	
"20.10.2023 14:39:39.976"	1.1258e-011	7.1967e-014	4.6431e-013	8.0405e-014	2.0911e-013	2.1501e-014	1.0806e-005	
"20.10.2023 14:39:40.260"	1.1361e-011	7.2331e-014	4.4948e-013	7.8229e-014	1.8642e-013	1.8088e-014	1.0861e-005	
"20.10.2023 14:39:40.543"	1.0537e-011	7.6321e-014	4.3048e-013	7.4215e-014	1.5601e-013	1.4141e-014	1.0861e-005	
"20.10.2023 14:39:40.827"	1.1038e-011	7.3302e-014	4.2742e-013	7.3743e-014	1.4310e-013	1.3233e-014	1.0861e-005	
"20.10.2023 14:39:41.110"	1.0947e-011	7.4354e-014	4.4404e-013	7.7855e-014	1.4003e-013	1.2972e-014	1.0942e-005	
"20.10.2023 14:39:41.394"	1.0712e-011	7.5586e-014	4.3518e-013	7.5533e-014	1.2141e-013	1.0936e-014	1.0942e-005	
"20.10.2023 14:39:41.677"	1.1170e-011	7.2253e-014	4.3911e-013	7.5280e-014	1.0779e-013	9.9755e-015	1.0942e-005	
"20.10.2023 14:39:41.961"	1.0841e-011	7.4232e-014	4.1989e-013	7.2706e-014	1.0089e-013	8.8931e-015	1.0942e-005	
"20.10.2023 14:39:42.244"	1.1103e-011	7.1618e-014	4.5616e-013	8.0135e-014	9.9175e-014	8.3959e-015	1.0891e-005	
"20.10.2023 14:39:42.528"	1.0820e-011	7.4350e-014	4.3419e-013	7.5574e-014	8.3547e-014	7.2909e-015	1.0891e-005	
"20.10.2023 14:39:42.811"	1.0868e-011	7.4617e-014	4.3901e-013	7.6490e-014	8.2029e-014	7.2444e-015	1.0891e-005	
"20.10.2023 14:39:43.094"	1.0817e-011	7.6241e-014	4.3047e-013	7.4700e-014	7.3153e-014	6.2394e-015	1.0891e-005	
"20.10.2023 14:39:43.378"	1.0874e-011	7.4526e-014	4.3577e-013	7.5807e-014	6.5227e-014	5.5456e-015	1.0930e-005	
"20.10.2023 14:39:43.661"	1.0838e-011	7.4958e-014	4.2229e-013	7.2733e-014	6.0520e-014	5.4193e-015	1.0930e-005	
"20.10.2023 14:39:43.945"	1.0948e-011	7.4852e-014	4.2869e-013	7.4419e-014	5.6430e-014	4.8435e-015	1.0930e-005	
"20.10.2023 14:39:44.228"	1.0889e-011	7.4942e-014	4.3604e-013	7.5894e-014	5.2393e-014	4.6838e-015	1.0930e-005	
"20.10.2023 14:39:44.511"	1.0994e-011	7.3561e-014	4.2255e-013	7.2716e-014	4.7622e-014	4.1461e-015	1.0906e-005	
"20.10.2023 14:39:44.795"	1.0996e-011	7.4350e-014	4.3072e-013	7.5100e-014	4.4894e-014	3.8612e-015	1.0906e-005	
"20.10.2023 14:39:45.078"	1.1171e-011	7.2388e-014	4.5111e-013	7.8763e-014	4.1934e-014	3.5978e-015	1.0906e-005	
"20.10.2023 14:39:45.362"	1.1158e-011	7.2494e-014	4.3025e-013	7.4233e-014	3.7393e-014	3.1042e-015	1.0906e-005	
"20.10.2023 14:39:45.645"	1.0982e-011	7.5509e-014	4.2444e-013	7.3345e-014	3.4466e-014	2.9695e-015	1.0993e-005	
"20.10.2023 14:39:45.929"	1.0993e-011	7.4042e-014	4.3777e-013	7.6826e-014	3.1827e-014	2.7216e-015	1.0993e-005	
"20.10.2023 14:39:46.213"	1.0914e-011	7.3215e-014	4.2602e-013	7.3144e-014	2.9032e-014	2.5916e-015	1.0993e-005	
"20.10.2023 14:39:46.496"	1.1397e-011	7.4305e-014	4.3523e-013	7.5374e-014	2.8249e-014	2.4259e-015	1.0993e-005	
"20.10.2023 14:39:46.779"	1.0778e-011	7.5358e-014	4.2864e-013	7.4517e-014	2.5072e-014	2.3091e-015	1.0974e-005	
"20.10.2023 14:39:47.063"	1.0886e-011	7.4514e-014	4.2275e-013	7.2503e-014	2.2951e-014	2.1422e-015	1.0974e-005	
"20.10.2023 14:39:47.346"	1.1357e-011	7.3257e-014	4.2869e-013	7.4061e-014	2.2637e-014	2.0337e-015	1.0974e-005	
"20.10.2023 14:39:47.630"	1.0903e-011	7.4146e-014	4.3307e-013	7.5846e-014	2.0810e-014	1.8108e-015	1.0952e-005	
"20.10.2023 14:39:47.913"	1.1353e-011	7.0997e-014	4.3880e-013	7.6027e-014	1.9864e-014	1.6975e-015	1.0952e-005	
"20.10.2023 14:39:48.196"	1.0999e-011	7.3942e-014	4.2269e-013	7.2663e-014	1.8075e-014	1.4305e-015	1.0952e-005	
"20.10.2023 14:39:48.480"	1.0875e-011	7.4569e-014	4.3509e-013	7.5164e-014	1.7197e-014	1.4782e-015	1.0952e-005	
"20.10.2023 14:39:48.763"	1.0905e-011	7.4164e-014	4.3624e-013	7.5426e-014	1.6136e-014	1.3971e-015	1.0997e-005	
"20.10.2023 14:39:49.047"	1.1232e-011	7.2457e-014	4.2895e-013	7.4108e-014	1.5583e-014	1.3530e-015	1.0997e-005	
"20.10.2023 14:39:49.330"	1.0775e-011	7.4822e-014	4.2665e-013	7.4435e-014	1.4603e-014	1.2028e-015	1.0997e-005	
"20.10.2023 14:39:49.614"	1.0863e-011	7.3941e-014	4.3652e-013	7.5225e-014	1.3706e-014	1.2970e-015	1.0997e-005	
"20.10.2023 14:39:49.897"	1.1659e-011	6.8624e-014	4.3797e-013	7.6969e-014	1.3660e-014	1.2076e-015	1.0994e-005	
"20.10.2023 14:39:50.180"	1.0782e-011	7.6226e-014	4.2351e-013	7.2989e-014	1.2281e-014	1.0932e-015	1.0994e-005	
"20.10.2023 14:39:50.464"	1.1188e-011	7.2768e-014	4.4289e-013	7.7632e-014	1.1729e-014	1.1611e-015	1.0994e-005	
"20.10.2023 14:39:50.748"	1.1026e-011	7.3874e-014	4.2845e-013	7.5058e-014	1.1458e-014	9.7394e-016	1.0994e-005	
"20.10.2023 14:39:51.031"	1.1094e-011	7.3771e-014	4.3941e-013	7.6430e-014	1.1585e-014	9.5368e-016	1.1035e-005	
"20.10.2023 14:39:51.315"	1.0739e-011	7.4847e-014	4.2568e-013	7.3743e-014	1.0356e-014	8.9288e-016	1.1035e-005	
"20.10.2023 14:39:51.598"	1.0897e-011	7.4207e-014	4.1762e-013	7.1607e-014	9.7788e-015	6.8546e-016	1.1035e-005	
"20.10.2023 14:39:51.881"	1.1049e-011	7.5192e-014	4.2901e-013	7.4926e-014	1.0078e-014	8.3805e-016	1.1035e-005	
"20.10.2023 14:39:52.166"	1.1265e-011	7.1013e-014	4.5157e-013	7.9439e-014	1.0289e-014	8.9169e-016	1.0985e-005	
"20.10.2023 14:39:52.449"	1.1466e-011	7.0950e-014	4.3452e-013	7.6272e-014	9.5106e-015	9.9898e-016	1.0985e-005	
"20.10.2023 14:39:52.733"	1.0960e-011	7.5077e-014	4.1951e-013	7.2171e-014	8.4103e-015	9.0361e-016	1.0985e-005	
"20.10.2023 14:39:53.018"	1.1081e-011	7.2499e-014	4.4133e-013	7.7025e-014	8.5509e-015	8.4758e-016	1.0985e-005	
"20.10.2023 14:39:53.301"	1.0954e-011	7.4231e-014	4.3535e-013	7.5301e-014	8.8358e-015	8.3089e-016	1.1108e-005	
"20.10.2023 14:39:53.586"	1.1027e-011	7.4547e-014	4.2632e-013	7.3688e-014	8.2219e-015	7.7129e-016	1.1108e-005	
"20.10.2023 14:39:53.870"	1.0842e-011	7.3916e-014	4.3249e-013	7.4692e-014	7.8607e-015	7.9632e-016	1.1108e-005	
"20.10.2023 14:39:54.153"	1.0862e-011	7.4244e-014	4.3290e-013	7.4510e-014	7.9632e-015	6.3300e-016	1.1108e-005	
"20.10.2023 14:39:54.437"	1.1015e-011	7.3915e-014	4.1991e-013	7.3319e-014	7.8464e-015	7.7844e-016	1.0936e-005	
"20.10.2023 14:39:54.720"	1.1025e-011	7.3768e-014	4.4002e-013	7.6980e-014	7.4983e-015	7.4268e-016	1.0936e-005	
"20.10.2023 14:39:55.004"	1.0856e-011	7.4967e-014	4.2632e-013	7.3301e-014	7.3088e-015	6.7711e-016	1.0936e-005	
"20.10.2023 14:39:55.287"	1.0981e-011	7.3479e-014	4.2228e-013	7.2517e-014	7.0930e-015	6.1155e-016	1.0990e-005	
"20.10.2023 14:39:55.571"	1.0867e-011	7.4408e-014	4.3499e-013	7.5500e-014	7.0310e-015	7.0691e-016	1.0990e-005	
"20.10.2023 14:39:55.854"	1.0890e-011	7.4267e-014	4.3244e-013	7.5112e-014	7.0799e-015	7.0811e-016	1.0990e-005	
"20.10.2023 14:39:56.137"	1.1156e-011	7.1578e-014	4.2906e-013	7.4035e-014	7.0656e-015	6.3896e-016	1.0990e-005	
"20.10.2023 14:39:56.421"	1.0893e-011	7.4947e-014	4.3324e-013	7.5320e-014	7.0227e-015	7.5698e-016	1.0986e-005	
"20.10.2023 14:39:56.704"	1.0992e-011	7.4169e-014	4.3763e-013	7.5723e-014	6.7437e-015	7.7486e-016	1.0986e-005	
"20.10.2023 14:39:56.988"	1.0958e-011	7.3080e-014	4.2745e-013	7.3808e-014	6.6305e-015	8.1301e-016	1.0986e-005	
"20.10.2023 14:39:57.271"	1.0889e-011	7.5599e-014	4.2834e-013	7.4809e-014	6.7389e-015	6.5923e-016	1.0986e-005	
"20.10.2023 14:39:57.555"	1.1163e-011	7.2958e-014	4.4481e-013	7.6604e-014	6.5351e-015	7.0572e-016	1.1004e-005	
"20.10.2023 14:39:57.838"	1.0925e-011	7.4299e-014	4.2434e-013	7.3417e-014	6.7032e-015	6.0916e-016	1.1004e-005	
"20.10.2023 14:39:58.121"	1.1014e-011	7.4706e-014	4.3035e-013	7.5208e-014	6.5518e-015	5.5194e-016	1.1004e-005	
"20.10.2023 14:39:58.405"	1.0878e-011	7.4771e-014	4.3549e-013	7.5683e-014	6.4874e-015	6.7473e-016	1.1004e-005	
"20.10.2023 14:39:58.688"	1.1038e-011	7.3557e-014	4.2048e-013	7.3271e-014	6.1393e-015	6.0201e-016	1.0982e-005	
"20.10.2023 14:39:58.972"	1.1168e-011	7.3541e-014	4.5191e-013	7.9191e-014	6.7556e-015	4.7446e-016	1.0982e-005	
"20.10.2023 14:39:59.255"	1.0876e-011	7.4939e-014	4.3390e-013	7.5659e-014	6.2967e-015	5.0068e-016	1.0982e-005	
"20.10.2023 14:39:59.539"	1.1416e-011	7.1183e-014	4.2935e-013	7.4269e-014	6.2096e-015	5.4240e-016	1.0982e-005	
"20.10.2023 14:39:59.822"	1.1049e-011	7.4113e-014	4.2802e-013	7.3613e-014	6.4493e-015	6.9857e-016	1.1029e-005	
"20.10.2023 14:40:00.106"	1.0865e-011	7.4915e-014	4.3061e-013	7.5553e-014	6.0308e-015	7.2480e-016	1.1029e-005	
"20.10.2023 14:40:00.389"	1.1057e-011	7.3513e-014	4.3972e-013	7.6423e-014	6.5863e-015	6.0559e-016	1.1029e-005	
"20.10.2023 14:40:00.673"	1.1107e-011	7.3189e-014	4.2567e-013	7.3589e-014	6.1405e-015	7.0334e-016	1.1029e-005	
"20.10.2023 14:40:00.956"	1.1199e-011	7.1180e-014	4.5341e-013	7.9480e-014	6.0439e-015	5.4598e-016	1.0992e-005	
"20.10.2023 14:40:01.240"	1.0963e-011	7.3337e-014	4.3014e-013	7.3796e-014	6.0225e-015	5.3883e-016	1.0992e-005	
"20.10.2023 14:40:01.523"	1.1459e-011	7.2956e-014	4.3470e-013	7.5367e-014	5.9533e-015	7.6056e-016	1.0992e-005	
"20.10.2023 14:40:01.807"	1.0801e-011	7.4463e-014	4.3157e-013	7.4463e-014	6.1381e-015	7.0095e-016	1.1030e-005	
"20.10.2023 14:40:02.090"	1.0924e-011	7.4312e-014	4.2998e-013	7.3661e-014	5.7125e-015	6.2228e-016	1.1030e-005	
"20.10.2023 14:40:02.373"	1.1228e-011	7.2537e-014	4.2195e-013	7.2602e-014	5.8711e-015	6.8546e-016	1.1030e-005	
"20.10.2023 14:40:02.657"	1.1061e-011	7.2946e-014	4.4583e-013	7.7753e-014	5.9259e-015	7.1645e-016	1.1030e-005	
"20.10.2023 14:40:02.940"	1.0916e-011	7.3231e-014	4.3271e-013	7.5130e-014	5.8580e-015	4.2200e-016	1.0972e-005	
"20.10.2023 14:40:03.224"	1.1467e-011	7.0213e-014	4.3355e-013	7.4694e-014	5.9700e-015	6.1631e-016	1.0972e-005	
"20.10.2023 14:40:03.507"	1.0858e-011	7.4538e-014	4.3158e-013	7.5015e-014	5.7221e-015	5.6267e-016	1.0972e-005	
"20.10.2023 14:40:03.790"	1.1111e-011	7.2641e-014	4.4288e-013	7.7196e-014	5.9641e-015	5.6386e-016	1.0972e-005	
"20.10.2023 14:40:04.074"	1.0959e-011	7.3785e-014	4.2137e-013	7.2379e-014	5.8842e-015	5.7817e-016	1.1030e-005	
"20.10.2023 14:40:04.358"	1.0779e-011	7.6201e-014	4.2454e-013	7.3109e-014	5.8532e-015	6.5208e-016	1.1030e-005	
"20.10.2023 14:40:04.641"	1.0992e-011	7.4100e-014	4.3958e-013	7.6925e-014	5.6577e-015	5.4956e-016	1.1030e-005	
"20.10.2023 14:40:04.925"	1.0910e-011	7.4456e-014	4.2766e-013	7.3508e-014	5.9903e-015	7.2599e-016	1.1030e-005	
"20.10.2023 14:40:05.208"	1.1200e-011	7.3399e-014	4.3828e-013	7.6143e-014	6.1417e-015	6.4969e-016	1.0953e-005	
"20.10.2023 14:40:05.492"	1.0888e-011	7.4685e-014	4.3719e-013	7.5808e-014	5.9235e-015	4.6373e-016	1.0953e-005	
"20.10.2023 14:40:05.775"	1.1022e-011	7.2657e-014	4.2256e-013	7.2443e-014	5.6470e-015	5.3406e-016	1.0953e-005	
"20.10.2023 14:40:06.058"	1.1123e-011	7.3322e-014	4.4709e-013	7.8601e-014	6.2919e-015	4.8042e-016	1.0953e-005	
"20.10.2023 14:40:06.342"	1.0877e-011	7.4301e-014	4.3049e-013	7.5537e-014	5.8449e-015	6.1274e-016	1.1037e-005	
"20.10.2023 14:40:06.625"	1.1292e-011	7.2226e-014	4.2216e-013	7.3675e-014	5.8472e-015	4.6730e-016	1.1037e-005	
"20.10.2023 14:40:06.909"	1.1049e-011	7.2760e-014	4.3498e-013	7.5887e-014	5.8556e-015	6.4016e-016	1.1037e-005	
"20.10.2023 14:40:07.192"	1.0894e-011	7.4154e-014	4.3525e-013	7.3859e-014	5.8019e-015	6.7830e-016	1.1037e-005	
"20.10.2023 14:40:07.476"	1.1691e-011	6.9119e-014	4.4302e-013	7.7479e-014	6.2859e-015	5.4956e-016	1.0997e-005	
"20.10.2023 14:40:07.760"	1.1112e-011	7.3234e-014	4.2397e-013	7.1979e-014	5.8067e-015	5.1618e-016	1.0997e-005	
"20.10.2023 14:40:08.044"	1.1081e-011	7.2563e-014	4.4976e-013	7.8359e-014	5.8496e-015	6.6877e-016	1.0997e-005	
"20.10.2023 14:40:08.328"	1.1029e-011	7.4427e-014	4.3528e-013	7.5316e-014	5.8580e-015	5.7936e-016	1.1083e-005	
"20.10.2023 14:40:08.613"	1.1359e-011	7.2090e-014	4.3552e-013	7.5931e-014	6.0499e-015	7.0453e-016	1.1083e-005	
"20.10.2023 14:40:08.897"	1.0744e-011	7.4494e-014	4.2731e-013	7.4059e-014	5.7221e-015	6.1989e-016	1.1083e-005	
"20.10.2023 14:40:09.180"	1.1066e-011	7.3309e-014	4.3635e-013	7.5040e-014	5.6505e-015	4.9949e-016	1.1083e-005	
"20.10.2023 14:40:09.464"	1.1114e-011	7.2900e-014	4.2989e-013	7.4250e-014	5.6219e-015	5.5433e-016	1.1072e-005	
"20.10.2023 14:40:09.747"	1.1035e-011	7.3004e-014	4.3897e-013	7.6930e-014	5.6613e-015	6.2108e-016	1.1072e-005	
"20.10.2023 14:40:10.031"	1.0846e-011	7.4847e-014	4.3170e-013	7.3998e-014	5.6708e-015	7.5102e-016	1.1072e-005	
"20.10.2023 14:40:10.314"	1.0914e-011	7.3155e-014	4.1633e-013	7.2080e-014	5.4479e-015	6.4969e-016	1.1072e-005	
"20.10.2023 14:40:10.597"	1.0791e-011	7.5432e-014	4.3078e-013	7.4330e-014	5.5683e-015	5.4717e-016	1.0992e-005	
"20.10.2023 14:40:10.881"	1.0986e-011	7.4059e-014	4.3697e-013	7.6688e-014	5.9474e-015	5.5909e-016	1.0992e-005	
"20.10.2023 14:40:11.164"	1.1095e-011	7.3409e-014	4.2229e-013	7.3433e-014	5.8317e-015	6.1393e-016	1.0992e-005	
"20.10.2023 14:40:11.448"	1.0916e-011	7.4085e-014	4.3395e-013	7.5869e-014	5.6243e-015	5.9367e-016	1.0992e-005	
"20.10.2023 14:40:11.731"	1.1279e-011	7.1848e-014	4.5122e-013	7.9180e-014	5.9128e-015	7.0453e-016	1.1000e-005	
"20.10.2023 14:40:12.014"	1.1863e-011	6.7411e-014	4.5967e-013	8.0835e-014	6.2180e-015	6.3539e-016	1.1000e-005	
"20.10.2023 14:40:12.298"	1.0993e-011	7.4873e-014	4.3356e-013	7.5132e-014	6.0189e-015	5.3525e-016	1.1000e-005	
"20.10.2023 14:40:12.581"	1.0692e-011	7.5177e-014	4.2638e-013	7.3402e-014	5.3406e-015	6.0439e-016	1.1000e-005	
"20.10.2023 14:40:12.864"	1.1262e-011	7.1789e-014	4.2601e-013	7.3177e-014	5.3895e-015	4.9472e-016	1.1230e-005	
"20.10.2023 14:40:13.149"	1.1010e-011	7.4470e-014	4.3383e-013	7.5292e-014	5.7912e-015	5.5075e-016	1.1230e-005	
"20.10.2023 14:40:13.432"	1.0833e-011	7.4203e-014	4.3304e-013	7.4919e-014	5.5313e-015	5.8413e-016	1.1230e-005	
"20.10.2023 14:40:13.715"	1.0969e-011	7.3434e-014	4.2070e-013	7.1842e-014	5.4527e-015	6.6758e-016	1.1230e-005	
"20.10.2023 14:40:13.999"	1.1088e-011	7.3587e-014	4.4737e-013	7.7842e-014	5.8723e-015	6.1989e-016	1.0970e-005	
"20.10.2023 14:40:14.282"	1.0840e-011	7.5288e-014	4.3114e-013	7.5206e-014	5.6064e-015	4.1247e-016	1.0970e-005	
"20.10.2023 14:40:14.566"	1.0972e-011	7.4472e-014	4.2275e-013	7.2687e-014	5.7733e-015	6.9857e-016	1.0970e-005	
"20.10.2023 14:40:14.849"	1.1069e-011	7.2890e-014	4.4613e-013	7.8071e-014	5.9212e-015	4.8757e-016	1.0970e-005	
"20.10.2023 14:40:15.133"	1.0837e-011	7.5701e-014	4.3095e-013	7.4911e-014	5.3168e-015	5.8055e-016	1.0975e-005	
"20.10.2023 14:40:15.416"	1.1427e-011	7.0435e-014	4.3019e-013	7.5213e-014	5.5373e-015	5.4598e-016	1.0975e-005	
"20.10.2023 14:40:15.699"	1.1055e-011	7.3141e-014	4.2833e-013	7.3227e-014	5.5647e-015	6.1512e-016	1.0975e-005	
"20.10.2023 14:40:15.983"	1.0775e-011	7.5175e-014	4.3071e-013	7.4716e-014	5.4407e-015	4.9114e-016	1.1022e-005	
"20.10.2023 14:40:16.266"	1.1253e-011	7.1988e-014	4.3258e-013	7.4432e-014	5.5218e-015	6.5327e-016	1.1022e-005	
"20.10.2023 14:40:16.550"	1.1198e-011	7.1471e-014	4.4533e-013	7.8030e-014	5.7590e-015	5.4956e-016	1.1022e-005	
"20.10.2023 14:40:16.833"	1.0987e-011	7.3408e-014	4.3731e-013	7.6292e-014	5.5349e-015	5.9724e-016	1.1022e-005	
"20.10.2023 14:40:17.116"	1.0751e-011	7.5877e-014	4.2647e-013	7.3789e-014	5.2417e-015	6.8426e-016	1.1074e-005	
"20.10.2023 14:40:17.400"	1.1031e-011	7.2804e-014	4.2487e-013	7.3153e-014	5.4205e-015	4.4465e-016	1.1074e-005	
"20.10.2023 14:40:17.684"	1.0863e-011	7.4724e-014	4.3445e-013	7.4942e-014	5.7662e-015	5.1141e-016	1.1074e-005	
"20.10.2023 14:40:17.967"	1.0966e-011	7.4350e-014	4.3578e-013	7.6089e-014	5.3907e-015	3.4571e-016	1.1074e-005	
"20.10.2023 14:40:18.251"	1.1397e-011	7.1276e-014	4.4056e-013	7.7004e-014	5.8472e-015	6.0678e-016	1.0996e-005	
"20.10.2023 14:40:18.534"	1.0866e-011	7.5113e-014	4.2739e-013	7.3878e-014	5.4431e-015	6.3420e-016	1.0996e-005	
"20.10.2023 14:40:18.817"	1.1295e-011	7.1783e-014	4.5086e-013	7.8286e-014	5.6219e-015	3.4332e-016	1.0996e-005	
"20.10.2023 14:40:19.101"	1.0990e-011	7.3356e-014	4.2365e-013	7.3089e-014	5.5290e-015	6.1512e-016	1.0996e-005	
"20.10.2023 14:40:19.384"	1.1043e-011	7.4946e-014	4.3602e-013	7.5940e-014	5.5957e-015	4.7207e-016	1.1081e-005	
"20.10.2023 14:40:19.668"	1.0878e-011	7.4054e-014	4.3347e-013	7.5412e-014	5.7364e-015	5.0783e-016	1.1081e-005	
"20.10.2023 14:40:19.951"	1.1148e-011	7.2134e-014	4.2425e-013	7.3687e-014	5.4133e-015	4.8042e-016	1.1081e-005	
"20.10.2023 14:40:20.235"	1.1040e-011	7.5399e-014	4.2433e-013	7.3946e-014	5.4050e-015	5.5671e-016	1.1081e-005	
"20.10.2023 14:40:20.518"	1.0770e-011	7.4643e-014	4.2760e-013	7.4476e-014	5.1320e-015	4.2558e-016	1.1046e-005	
"20.10.2023 14:40:20.801"	1.1056e-011	7.3128e-014	4.2912e-013	7.3512e-014	5.6052e-015	5.2452e-016	1.1046e-005	
"20.10.2023 14:40:21.085"	1.1103e-011	7.2719e-014	4.3042e-013	7.4970e-014	5.4968e-015	6.5804e-016	1.1046e-005	
"20.10.2023 14:40:21.368"	1.0963e-011	7.3402e-014	4.3782e-013	7.6458e-014	5.4527e-015	5.7221e-016	1.1046e-005	
"20.10.2023 14:40:21.652"	1.0966e-011	7.3997e-014	4.3531e-013	7.5358e-014	5.6422e-015	4.5181e-016	1.1038e-005	
"20.10.2023 14:40:21.935"	1.1008e-011	7.3059e-014	4.2747e-013	7.3437e-014	5.3966e-015	6.0559e-016	1.1038e-005	
"20.10.2023 14:40:22.220"	1.0762e-011	7.5188e-014	4.2875e-013	7.4797e-014	5.4598e-015	6.2466e-016	1.1038e-005	
"20.10.2023 14:40:22.503"	1.1077e-011	7.3954e-014	4.3700e-013	7.5596e-014	5.7793e-015	6.0439e-016	1.0972e-005	
"20.10.2023 14:40:22.788"	1.1260e-011	7.2155e-014	4.2890e-013	7.3572e-014	5.5957e-015	5.9009e-016	1.0972e-005	
"20.10.2023 14:40:23.072"	1.0799e-011	7.5250e-014	4.3004e-013	7.3729e-014	5.2858e-015	5.8651e-016	1.0972e-005	
"20.10.2023 14:40:23.356"	1.1139e-011	7.1252e-014	4.4316e-013	7.7234e-014	5.5647e-015	6.6638e-016	1.0972e-005	
"20.10.2023 14:40:23.641"	1.1134e-011	7.3048e-014	4.2644e-013	7.3935e-014	5.4336e-015	3.8266e-016	1.1091e-005	
"20.10.2023 14:40:23.924"	1.0936e-011	7.3616e-014	4.4104e-013	7.6344e-014	5.4240e-015	6.2824e-016	1.1091e-005	
"20.10.2023 14:40:24.207"	1.1509e-011	7.0703e-014	4.4895e-013	7.7147e-014	5.5790e-015	3.7432e-016	1.1091e-005	
"20.10.2023 14:40:24.491"	1.1064e-011	7.4443e-014	4.1980e-013	7.2946e-014	5.5826e-015	4.4584e-016	1.1091e-005	
"20.10.2023 14:40:24.774"	1.1120e-011	7.2375e-014	4.5055e-013	7.9221e-014	5.4670e-015	5.4002e-016	1.1063e-005	
