"Spectra International Data File"
"[Scan Data (Pressures in mbar)]"
"Time"	"Mass 2"	"Mass 8"	"Mass 4"	"Mass 12"	"Mass 40"	"Mass 43"	"CirrusPressure"	
"20.10.2023 11:35:08.616"	1.0692e-011	7.7703e-014	6.4844e-013	6.8359e-014	3.5334e-015	5.1379e-016	9.5797e-006	
"20.10.2023 11:35:08.899"	1.0659e-011	7.6355e-014	6.5687e-013	7.3498e-014	3.2723e-015	2.3961e-016	9.5839e-006	
"20.10.2023 11:35:09.183"	1.0739e-011	7.6431e-014	6.4068e-013	7.0789e-014	3.2520e-015	3.3140e-016	9.5839e-006	
"20.10.2023 11:35:09.466"	1.0755e-011	7.8149e-014	6.4865e-013	7.0414e-014	3.4440e-015	4.3631e-016	9.5839e-006	
"20.10.2023 11:35:09.750"	1.0661e-011	7.7123e-014	6.5499e-013	6.8789e-014	3.2318e-015	2.7418e-016	9.5839e-006	
"20.10.2023 11:35:10.033"	1.0739e-011	7.7223e-014	6.4462e-013	6.9292e-014	3.5262e-015	4.3869e-016	9.5887e-006	
"20.10.2023 11:35:10.317"	1.0805e-011	7.7216e-014	6.4833e-013	6.8056e-014	3.3713e-015	2.9087e-016	9.5887e-006	
"20.10.2023 11:35:10.600"	1.0648e-011	7.6776e-014	6.5361e-013	7.0626e-014	3.4011e-015	2.4200e-016	9.5887e-006	
"20.10.2023 11:35:10.883"	1.0723e-011	7.6872e-014	6.4128e-013	6.9634e-014	3.2342e-015	4.1247e-016	9.5845e-006	
"20.10.2023 11:35:11.167"	1.0804e-011	7.5237e-014	6.4537e-013	7.0118e-014	3.4166e-015	2.4200e-016	9.5845e-006	
"20.10.2023 11:35:11.450"	1.0642e-011	7.7087e-014	6.5588e-013	6.8461e-014	3.4166e-015	4.7684e-016	9.5845e-006	
"20.10.2023 11:35:11.734"	1.0709e-011	7.6912e-014	6.4916e-013	7.0131e-014	3.2926e-015	2.8134e-016	9.5845e-006	
"20.10.2023 11:35:12.017"	1.0783e-011	7.6335e-014	6.4618e-013	6.9571e-014	3.2008e-015	4.7446e-016	9.5981e-006	
"20.10.2023 11:35:12.301"	1.0617e-011	7.7297e-014	6.5145e-013	7.2986e-014	3.3415e-015	2.9087e-016	9.5981e-006	
"20.10.2023 11:35:12.584"	1.0707e-011	7.6523e-014	6.5525e-013	6.7286e-014	3.2962e-015	4.7684e-016	9.5981e-006	
"20.10.2023 11:35:12.868"	1.0770e-011	7.5633e-014	6.4281e-013	6.9665e-014	3.4213e-015	2.4915e-016	9.5981e-006	
"20.10.2023 11:35:13.151"	1.0593e-011	7.6838e-014	6.5038e-013	6.6413e-014	3.3248e-015	3.6597e-016	9.5931e-006	
"20.10.2023 11:35:13.435"	1.0689e-011	7.6963e-014	6.5434e-013	7.2809e-014	3.1984e-015	3.3140e-016	9.5931e-006	
"20.10.2023 11:35:13.718"	1.0781e-011	7.6447e-014	6.4210e-013	6.8906e-014	3.4118e-015	3.9935e-016	9.5931e-006	
"20.10.2023 11:35:14.001"	1.0630e-011	7.6566e-014	6.5126e-013	6.9317e-014	3.3629e-015	3.2187e-016	9.5931e-006	
"20.10.2023 11:35:14.285"	1.0687e-011	7.6534e-014	6.5514e-013	6.6727e-014	3.2497e-015	3.3260e-016	9.5842e-006	
"20.10.2023 11:35:14.568"	1.0760e-011	7.5916e-014	6.4419e-013	7.0015e-014	3.3283e-015	3.1591e-016	9.5842e-006	
"20.10.2023 11:35:14.852"	1.0679e-011	7.7708e-014	6.4521e-013	6.9723e-014	3.3546e-015	6.3062e-016	9.5842e-006	
"20.10.2023 11:35:15.135"	1.0677e-011	7.6855e-014	6.5441e-013	6.9779e-014	3.2735e-015	3.3260e-016	9.5842e-006	
"20.10.2023 11:35:15.420"	1.0764e-011	7.6149e-014	6.4107e-013	7.0663e-014	3.2866e-015	3.7670e-016	9.5851e-006	
"20.10.2023 11:35:15.704"	1.0691e-011	7.7711e-014	6.4749e-013	6.8210e-014	3.2771e-015	3.2425e-016	9.5851e-006	
"20.10.2023 11:35:15.988"	1.0680e-011	7.6502e-014	6.5547e-013	7.0158e-014	3.2175e-015	3.1352e-016	9.5851e-006	
"20.10.2023 11:35:16.271"	1.0759e-011	7.5363e-014	6.4065e-013	7.0940e-014	3.2473e-015	3.5763e-016	9.5851e-006	
"20.10.2023 11:35:16.556"	1.0660e-011	7.8218e-014	6.3173e-013	6.6644e-014	4.1336e-013	7.4061e-014	9.5855e-006	
"20.10.2023 11:35:16.840"	1.0227e-011	7.9801e-014	5.9921e-013	6.9287e-014	1.3473e-012	7.3958e-014	9.5855e-006	
"20.10.2023 11:35:17.125"	1.0064e-011	8.1264e-014	5.6460e-013	9.3326e-014	1.8673e-012	7.1009e-014	9.5855e-006	
"20.10.2023 11:35:17.408"	9.9576e-012	8.3323e-014	5.5871e-013	9.2891e-014	2.1835e-012	7.6495e-014	9.5855e-006	
"20.10.2023 11:35:17.691"	9.8149e-012	8.2705e-014	5.5378e-013	9.1783e-014	2.3256e-012	7.4538e-014	9.5698e-006	
"20.10.2023 11:35:17.975"	9.7971e-012	8.2820e-014	5.3881e-013	9.1515e-014	2.4712e-012	7.3346e-014	9.5698e-006	
"20.10.2023 11:35:18.258"	9.8154e-012	8.2561e-014	5.4233e-013	9.1720e-014	2.6002e-012	7.4840e-014	9.5698e-006	
"20.10.2023 11:35:18.542"	9.6773e-012	8.3094e-014	5.4234e-013	9.1740e-014	2.6424e-012	7.6819e-014	9.5415e-006	
"20.10.2023 11:35:18.825"	9.6829e-012	8.2757e-014	5.3287e-013	9.0626e-014	2.7199e-012	7.4975e-014	9.5415e-006	
"20.10.2023 11:35:19.109"	9.7247e-012	8.2397e-014	5.3032e-013	9.0619e-014	2.8031e-012	7.4713e-014	9.5415e-006	
"20.10.2023 11:35:19.392"	9.5844e-012	8.3076e-014	5.3487e-013	9.0856e-014	2.8190e-012	7.3727e-014	9.5415e-006	
"20.10.2023 11:35:19.675"	9.6212e-012	8.4182e-014	5.2828e-013	8.9873e-014	2.8801e-012	7.7754e-014	9.5448e-006	
"20.10.2023 11:35:19.959"	9.6589e-012	8.3789e-014	5.2156e-013	9.0040e-014	2.9494e-012	7.5139e-014	9.5448e-006	
"20.10.2023 11:35:20.242"	9.5090e-012	8.4219e-014	5.2394e-013	9.0012e-014	2.9432e-012	7.5165e-014	9.5448e-006	
"20.10.2023 11:35:20.526"	9.5656e-012	8.4074e-014	5.2666e-013	8.9921e-014	2.9894e-012	7.1849e-014	9.5448e-006	
"20.10.2023 11:35:20.809"	9.6069e-012	8.4021e-014	5.1606e-013	8.9459e-014	3.0525e-012	7.3115e-014	9.5063e-006	
"20.10.2023 11:35:21.092"	9.4467e-012	8.4304e-014	5.1965e-013	8.9455e-014	3.0499e-012	7.6314e-014	9.5063e-006	
"20.10.2023 11:35:21.376"	9.4998e-012	8.3981e-014	5.2491e-013	8.9958e-014	3.0792e-012	7.5060e-014	9.5063e-006	
"20.10.2023 11:35:21.660"	9.5507e-012	8.4322e-014	5.1221e-013	8.9171e-014	3.1289e-012	7.4604e-014	9.5063e-006	
"20.10.2023 11:35:21.943"	9.4427e-012	8.4691e-014	5.1617e-013	8.9252e-014	3.1387e-012	7.3888e-014	9.5055e-006	
"20.10.2023 11:35:22.227"	9.4671e-012	8.4188e-014	5.2012e-013	8.9411e-014	3.1397e-012	7.5862e-014	9.5055e-006	
"20.10.2023 11:35:22.510"	9.5340e-012	8.3983e-014	5.1158e-013	8.8796e-014	3.1833e-012	7.4343e-014	9.5055e-006	
"20.10.2023 11:35:22.794"	9.4691e-012	8.4645e-014	5.1125e-013	8.8599e-014	3.2053e-012	7.1634e-014	9.5055e-006	
"20.10.2023 11:35:23.077"	9.4457e-012	8.4793e-014	5.1634e-013	8.9270e-014	3.1797e-012	7.3769e-014	9.4746e-006	
"20.10.2023 11:35:23.361"	9.4967e-012	8.4358e-014	5.0911e-013	8.8189e-014	3.2207e-012	7.3066e-014	9.4746e-006	
"20.10.2023 11:35:23.644"	9.4860e-012	8.5026e-014	5.1302e-013	8.8796e-014	3.2525e-012	7.5705e-014	9.4746e-006	
"20.10.2023 11:35:23.927"	9.4228e-012	8.3957e-014	5.1308e-013	8.9176e-014	3.2130e-012	7.7364e-014	9.4746e-006	
"20.10.2023 11:35:24.211"	9.4621e-012	8.4819e-014	5.0432e-013	8.8045e-014	3.2326e-012	7.6320e-014	9.4692e-006	
"20.10.2023 11:35:24.494"	9.4870e-012	8.4358e-014	5.0818e-013	8.8314e-014	3.2848e-012	7.3919e-014	9.4692e-006	
"20.10.2023 11:35:24.778"	9.3819e-012	8.5414e-014	5.1074e-013	8.8923e-014	3.2371e-012	7.3027e-014	9.4692e-006	
"20.10.2023 11:35:25.061"	9.4411e-012	8.4355e-014	5.1008e-013	8.8102e-014	3.2688e-012	7.3743e-014	9.4586e-006	
"20.10.2023 11:35:25.344"	9.4799e-012	8.4354e-014	5.0811e-013	8.8137e-014	3.3032e-012	7.6658e-014	9.4586e-006	
"20.10.2023 11:35:25.628"	9.3759e-012	8.4718e-014	5.0966e-013	8.8786e-014	3.2535e-012	7.2743e-014	9.4586e-006	
"20.10.2023 11:35:25.912"	9.4243e-012	8.4132e-014	5.0494e-013	8.7772e-014	3.2827e-012	7.4650e-014	9.4586e-006	
"20.10.2023 11:35:26.195"	9.4621e-012	8.4089e-014	5.0443e-013	8.8228e-014	3.3135e-012	7.3738e-014	9.4395e-006	
"20.10.2023 11:35:26.479"	9.3432e-012	8.5113e-014	5.0829e-013	8.8381e-014	3.2735e-012	7.6749e-014	9.4395e-006	
"20.10.2023 11:35:26.762"	9.4110e-012	8.4167e-014	5.1354e-013	8.8231e-014	3.3012e-012	6.9883e-014	9.4395e-006	
"20.10.2023 11:35:27.045"	9.4508e-012	8.4066e-014	5.0502e-013	8.8051e-014	3.3340e-012	7.5609e-014	9.4395e-006	
"20.10.2023 11:35:27.329"	9.3147e-012	8.5026e-014	5.0827e-013	8.8307e-014	3.2961e-012	7.7574e-014	9.4327e-006	
"20.10.2023 11:35:27.612"	9.3917e-012	8.4418e-014	5.1084e-013	8.8331e-014	3.2997e-012	7.1619e-014	9.4327e-006	
"20.10.2023 11:35:27.896"	9.4422e-012	8.4191e-014	5.0634e-013	8.7793e-014	3.3325e-012	7.2235e-014	9.4327e-006	
"20.10.2023 11:35:28.179"	9.3335e-012	8.5378e-014	5.0981e-013	8.8336e-014	3.3201e-012	7.4896e-014	9.4327e-006	
"20.10.2023 11:35:28.462"	9.3983e-012	8.4281e-014	5.1073e-013	8.9053e-014	3.3042e-012	7.2367e-014	9.4249e-006	
"20.10.2023 11:35:28.746"	9.4161e-012	8.4252e-014	5.0092e-013	8.7561e-014	3.3365e-012	7.3494e-014	9.4249e-006	
"20.10.2023 11:35:29.029"	9.3662e-012	8.5271e-014	5.0767e-013	8.8170e-014	3.3335e-012	7.4150e-014	9.4249e-006	
"20.10.2023 11:35:29.313"	9.3723e-012	8.4539e-014	5.1274e-013	8.8799e-014	3.3099e-012	7.5971e-014	9.4249e-006	
"20.10.2023 11:35:29.596"	9.4166e-012	8.4470e-014	5.0215e-013	8.7822e-014	3.3319e-012	7.5379e-014	9.4112e-006	
"20.10.2023 11:35:29.880"	9.4080e-012	8.5926e-014	5.0473e-013	8.8196e-014	3.3509e-012	7.4840e-014	9.4112e-006	
"20.10.2023 11:35:30.163"	9.3641e-012	8.4448e-014	5.0524e-013	8.8581e-014	3.3089e-012	7.3149e-014	9.4112e-006	
"20.10.2023 11:35:30.448"	9.4055e-012	8.4099e-014	5.0294e-013	8.7830e-014	3.3335e-012	7.4740e-014	9.4112e-006	
"20.10.2023 11:35:30.731"	9.3962e-012	8.5643e-014	5.0396e-013	8.7973e-014	3.3540e-012	7.1634e-014	9.3941e-006	
"20.10.2023 11:35:31.016"	9.3396e-012	8.4030e-014	5.1018e-013	8.8548e-014	3.3104e-012	7.3013e-014	9.3941e-006	
"20.10.2023 11:35:31.300"	9.4192e-012	8.4942e-014	5.0022e-013	8.7641e-014	3.3412e-012	7.4015e-014	9.3941e-006	
"20.10.2023 11:35:31.584"	9.4228e-012	8.5792e-014	5.0717e-013	8.8066e-014	3.3724e-012	7.7071e-014	9.3941e-006	
"20.10.2023 11:35:31.869"	9.3473e-012	8.5168e-014	5.1274e-013	8.8817e-014	3.3140e-012	7.3691e-014	9.3938e-006	
"20.10.2023 11:35:32.154"	9.4090e-012	8.4268e-014	5.0057e-013	8.7626e-014	3.3391e-012	7.4514e-014	9.3938e-006	
"20.10.2023 11:35:32.437"	9.4488e-012	8.4927e-014	5.0500e-013	8.7903e-014	3.3760e-012	7.5518e-014	9.3938e-006	
"20.10.2023 11:35:32.720"	9.3381e-012	8.4572e-014	5.0686e-013	8.8588e-014	3.3073e-012	7.6979e-014	9.3918e-006	
"20.10.2023 11:35:33.004"	9.3804e-012	8.4764e-014	5.0267e-013	8.7289e-014	3.3314e-012	7.6238e-014	9.3918e-006	
"20.10.2023 11:35:33.287"	9.4585e-012	8.4901e-014	5.0485e-013	8.7971e-014	3.3760e-012	7.2995e-014	9.3918e-006	
"20.10.2023 11:35:33.571"	9.3177e-012	8.5867e-014	5.0403e-013	8.8509e-014	3.3027e-012	7.5691e-014	9.3918e-006	
"20.10.2023 11:35:33.854"	9.3809e-012	8.4124e-014	5.0579e-013	8.7588e-014	3.3355e-012	7.2841e-014	9.3972e-006	
"20.10.2023 11:35:34.138"	9.4238e-012	8.4579e-014	5.0612e-013	8.7876e-014	3.3596e-012	7.3995e-014	9.3972e-006	
"20.10.2023 11:35:34.421"	9.3187e-012	8.5401e-014	5.0744e-013	8.8370e-014	3.3160e-012	7.6117e-014	9.3972e-006	
"20.10.2023 11:35:34.704"	9.3672e-012	8.4638e-014	5.0759e-013	8.7792e-014	3.3422e-012	7.7651e-014	9.3972e-006	
"20.10.2023 11:35:34.988"	9.4437e-012	8.4426e-014	5.0268e-013	8.8067e-014	3.3642e-012	7.7339e-014	9.3945e-006	
"20.10.2023 11:35:35.272"	9.2912e-012	8.4532e-014	5.0358e-013	8.7611e-014	3.3227e-012	7.4425e-014	9.3945e-006	
"20.10.2023 11:35:35.555"	9.3509e-012	8.4120e-014	5.0633e-013	8.8392e-014	3.3273e-012	7.7730e-014	9.3945e-006	
"20.10.2023 11:35:35.838"	9.4177e-012	8.5155e-014	5.0290e-013	8.7878e-014	3.3653e-012	7.4948e-014	9.3945e-006	
"20.10.2023 11:35:36.122"	9.3116e-012	8.5632e-014	5.0789e-013	8.8222e-014	3.3396e-012	7.6384e-014	9.3948e-006	
"20.10.2023 11:35:36.405"	9.3483e-012	8.5749e-014	5.0857e-013	8.8569e-014	3.3161e-012	7.6657e-014	9.3948e-006	
"20.10.2023 11:35:36.689"	9.4044e-012	8.3800e-014	4.9897e-013	8.7777e-014	3.3539e-012	7.5078e-014	9.3948e-006	
"20.10.2023 11:35:36.972"	9.3713e-012	8.6034e-014	5.0588e-013	8.8116e-014	3.3653e-012	7.4232e-014	9.3948e-006	
"20.10.2023 11:35:37.255"	9.3524e-012	8.5545e-014	5.1199e-013	8.8879e-014	3.3243e-012	7.4363e-014	9.3904e-006	
"20.10.2023 11:35:37.539"	9.4034e-012	8.4718e-014	5.0179e-013	8.7760e-014	3.3463e-012	7.5490e-014	9.3904e-006	
"20.10.2023 11:35:37.822"	9.4049e-012	8.5650e-014	5.0654e-013	8.8151e-014	3.3719e-012	7.6195e-014	9.3904e-006	
"20.10.2023 11:35:38.106"	9.3498e-012	8.5403e-014	5.0865e-013	8.8693e-014	3.3212e-012	7.5121e-014	9.3904e-006	
"20.10.2023 11:35:38.389"	9.3927e-012	8.4333e-014	4.9977e-013	8.7589e-014	3.3325e-012	7.7656e-014	9.3951e-006	
"20.10.2023 11:35:38.673"	9.4371e-012	8.5118e-014	5.0590e-013	8.8255e-014	3.3817e-012	7.4187e-014	9.3951e-006	
"20.10.2023 11:35:38.956"	9.3386e-012	8.5793e-014	5.0638e-013	8.8462e-014	3.3165e-012	7.6480e-014	9.3951e-006	
"20.10.2023 11:35:39.239"	9.3835e-012	8.5216e-014	5.0043e-013	8.7530e-014	3.3401e-012	7.1435e-014	9.3766e-006	
"20.10.2023 11:35:39.523"	9.4268e-012	8.4072e-014	5.0606e-013	8.7533e-014	3.3683e-012	7.5469e-014	9.3766e-006	
"20.10.2023 11:35:39.807"	9.3346e-012	8.4718e-014	5.0647e-013	8.8615e-014	3.3192e-012	7.3084e-014	9.3766e-006	
"20.10.2023 11:35:40.090"	9.3815e-012	8.4789e-014	5.0506e-013	8.7508e-014	3.3279e-012	7.4697e-014	9.3766e-006	
"20.10.2023 11:35:40.374"	9.4325e-012	8.4117e-014	5.0367e-013	8.8120e-014	3.3606e-012	7.3626e-014	9.3667e-006	
"20.10.2023 11:35:40.657"	9.3004e-012	8.5392e-014	5.0684e-013	8.8375e-014	3.3176e-012	7.4885e-014	9.3667e-006	
"20.10.2023 11:35:40.941"	9.3809e-012	8.5169e-014	5.1071e-013	8.7837e-014	3.3196e-012	7.4641e-014	9.3667e-006	
"20.10.2023 11:35:41.224"	9.4162e-012	8.4042e-014	5.0003e-013	8.7985e-014	3.3607e-012	7.4069e-014	9.3667e-006	
"20.10.2023 11:35:41.507"	9.2928e-012	8.4988e-014	5.0354e-013	8.8171e-014	3.3151e-012	7.5195e-014	9.3614e-006	
"20.10.2023 11:35:41.791"	9.3580e-012	8.4420e-014	5.1035e-013	8.8221e-014	3.3325e-012	7.4392e-014	9.3614e-006	
"20.10.2023 11:35:42.074"	9.4228e-012	8.5137e-014	5.0121e-013	8.7822e-014	3.3663e-012	7.4924e-014	9.3614e-006	
"20.10.2023 11:35:42.358"	9.3121e-012	8.5707e-014	5.0804e-013	8.8413e-014	3.3381e-012	7.6731e-014	9.3614e-006	
"20.10.2023 11:35:42.641"	9.3442e-012	8.5408e-014	5.1051e-013	8.8528e-014	3.3242e-012	7.6047e-014	9.3584e-006	
"20.10.2023 11:35:42.924"	9.4136e-012	8.4701e-014	5.0082e-013	8.7797e-014	3.3612e-012	7.8050e-014	9.3584e-006	
"20.10.2023 11:35:43.208"	9.3453e-012	8.4758e-014	5.0178e-013	8.8344e-014	3.3561e-012	7.4673e-014	9.3584e-006	
"20.10.2023 11:35:43.491"	9.3458e-012	8.4241e-014	5.0883e-013	8.8628e-014	3.3268e-012	7.7668e-014	9.3584e-006	
"20.10.2023 11:35:43.775"	9.4069e-012	8.4359e-014	5.0049e-013	8.7570e-014	3.3432e-012	7.2401e-014	9.3579e-006	
"20.10.2023 11:35:44.059"	9.3759e-012	8.5739e-014	5.0674e-013	8.7910e-014	3.3638e-012	7.3677e-014	9.3579e-006	
"20.10.2023 11:35:44.342"	9.3397e-012	8.5196e-014	5.0573e-013	8.8574e-014	3.3135e-012	6.8977e-014	9.3579e-006	
"20.10.2023 11:35:44.625"	9.4034e-012	8.5184e-014	5.0019e-013	8.7859e-014	3.3483e-012	7.2838e-014	9.3579e-006	
"20.10.2023 11:35:44.909"	9.4325e-012	8.5042e-014	5.0554e-013	8.7998e-014	3.3730e-012	7.7500e-014	9.3579e-006	
"20.10.2023 11:35:45.192"	9.3376e-012	8.5177e-014	5.1151e-013	8.8629e-014	3.3160e-012	7.4624e-014	9.3579e-006	
"20.10.2023 11:35:45.477"	9.3926e-012	8.4991e-014	5.0224e-013	8.7510e-014	3.3447e-012	7.6553e-014	9.3579e-006	
"20.10.2023 11:35:45.760"	9.4335e-012	8.5214e-014	5.0451e-013	8.7486e-014	3.3694e-012	7.2496e-014	9.3581e-006	
"20.10.2023 11:35:46.045"	9.3432e-012	8.5195e-014	5.0707e-013	8.8393e-014	3.3099e-012	7.6060e-014	9.3581e-006	
"20.10.2023 11:35:46.329"	9.3927e-012	8.4787e-014	5.0260e-013	8.7426e-014	3.3386e-012	7.4482e-014	9.3581e-006	
"20.10.2023 11:35:46.614"	9.4289e-012	8.4023e-014	5.0114e-013	8.8035e-014	3.3760e-012	7.3145e-014	9.3581e-006	
"20.10.2023 11:35:46.899"	9.3442e-012	8.5507e-014	5.1102e-013	8.8553e-014	3.3211e-012	7.1921e-014	9.3597e-006	
"20.10.2023 11:35:47.182"	9.3830e-012	8.5072e-014	5.0440e-013	8.7320e-014	3.3345e-012	7.8592e-014	9.3597e-006	
"20.10.2023 11:35:47.466"	9.4381e-012	8.4402e-014	5.0230e-013	8.7769e-014	3.3678e-012	7.5331e-014	9.3597e-006	
"20.10.2023 11:35:47.749"	9.3223e-012	8.5545e-014	5.0492e-013	8.8413e-014	3.3201e-012	7.4124e-014	9.3597e-006	
"20.10.2023 11:35:48.032"	9.3646e-012	8.5355e-014	5.0779e-013	8.7569e-014	3.3375e-012	7.3452e-014	9.3585e-006	
"20.10.2023 11:35:48.316"	9.4324e-012	8.4312e-014	5.0403e-013	8.8283e-014	3.3729e-012	7.3944e-014	9.3585e-006	
"20.10.2023 11:35:48.600"	9.2974e-012	8.5415e-014	5.0699e-013	8.8491e-014	3.3166e-012	7.3514e-014	9.3585e-006	
"20.10.2023 11:35:48.883"	9.3647e-012	8.4726e-014	5.0940e-013	8.8023e-014	3.3350e-012	7.3136e-014	9.3585e-006	
"20.10.2023 11:35:49.167"	9.4238e-012	8.3948e-014	5.0059e-013	8.7736e-014	3.3657e-012	7.6616e-014	9.3617e-006	
"20.10.2023 11:35:49.450"	9.3009e-012	8.4942e-014	5.0729e-013	8.8334e-014	3.3196e-012	7.4895e-014	9.3617e-006	
"20.10.2023 11:35:49.734"	9.3498e-012	8.4221e-014	5.0889e-013	8.8664e-014	3.3232e-012	7.1578e-014	9.3617e-006	
"20.10.2023 11:35:50.017"	9.4283e-012	8.4414e-014	5.0570e-013	8.8029e-014	3.3611e-012	7.5875e-014	9.3617e-006	
"20.10.2023 11:35:50.300"	9.3147e-012	8.5543e-014	5.0627e-013	8.8394e-014	3.3433e-012	7.7208e-014	9.3665e-006	
"20.10.2023 11:35:50.584"	9.3463e-012	8.6004e-014	5.0959e-013	8.8398e-014	3.3212e-012	7.2896e-014	9.3665e-006	
"20.10.2023 11:35:50.867"	9.4004e-012	8.3974e-014	4.9921e-013	8.7754e-014	3.3514e-012	7.5094e-014	9.3665e-006	
"20.10.2023 11:35:51.151"	9.3692e-012	8.5814e-014	5.0437e-013	8.8180e-014	3.3657e-012	7.6022e-014	9.3665e-006	
"20.10.2023 11:35:51.434"	9.3356e-012	8.5285e-014	5.0902e-013	8.8361e-014	3.3222e-012	7.8651e-014	9.3638e-006	
"20.10.2023 11:35:51.718"	9.4070e-012	8.5611e-014	5.0028e-013	8.7482e-014	3.3545e-012	7.3016e-014	9.3638e-006	
"20.10.2023 11:35:52.001"	9.4080e-012	8.5898e-014	5.0526e-013	8.7834e-014	3.3734e-012	7.4964e-014	9.3638e-006	
"20.10.2023 11:35:52.284"	9.3325e-012	8.4892e-014	5.0512e-013	8.8249e-014	3.3181e-012	7.6062e-014	9.3638e-006	
"20.10.2023 11:35:52.568"	9.3901e-012	8.4181e-014	5.0423e-013	8.7731e-014	3.3421e-012	7.5285e-014	9.3572e-006	
"20.10.2023 11:35:52.851"	9.4366e-012	8.5037e-014	5.0309e-013	8.7866e-014	3.3719e-012	7.4553e-014	9.3572e-006	
"20.10.2023 11:35:53.135"	9.3254e-012	8.4370e-014	5.0925e-013	8.8265e-014	3.3191e-012	7.2508e-014	9.3572e-006	
"20.10.2023 11:35:53.418"	9.3917e-012	8.4464e-014	5.0126e-013	8.7455e-014	3.3427e-012	7.6091e-014	9.3568e-006	
"20.10.2023 11:35:53.702"	9.4361e-012	8.4731e-014	5.0389e-013	8.8151e-014	3.3801e-012	7.1898e-014	9.3568e-006	
"20.10.2023 11:35:53.985"	9.3182e-012	8.5451e-014	5.0847e-013	8.8170e-014	3.3063e-012	7.7576e-014	9.3568e-006	
"20.10.2023 11:35:54.269"	9.3825e-012	8.5117e-014	5.0839e-013	8.7861e-014	3.3427e-012	7.6688e-014	9.3568e-006	
"20.10.2023 11:35:54.552"	9.4396e-012	8.4421e-014	5.0319e-013	8.7783e-014	3.3596e-012	7.7088e-014	9.3605e-006	
"20.10.2023 11:35:54.836"	9.3024e-012	8.4944e-014	5.0550e-013	8.7940e-014	3.3109e-012	7.8025e-014	9.3605e-006	
"20.10.2023 11:35:55.119"	9.3759e-012	8.4439e-014	5.0911e-013	8.7823e-014	3.3278e-012	7.4780e-014	9.3605e-006	
"20.10.2023 11:35:55.402"	9.4238e-012	8.5096e-014	5.0412e-013	8.7930e-014	3.3673e-012	7.5973e-014	9.3605e-006	
"20.10.2023 11:35:55.686"	9.2892e-012	8.5143e-014	5.0548e-013	8.8314e-014	3.3232e-012	7.3105e-014	9.3607e-006	
"20.10.2023 11:35:55.969"	9.3748e-012	8.4583e-014	5.0984e-013	8.8442e-014	3.3375e-012	7.4392e-014	9.3607e-006	
"20.10.2023 11:35:56.253"	9.4263e-012	8.3814e-014	5.0130e-013	8.7692e-014	3.3499e-012	7.3047e-014	9.3607e-006	
