"Spectra International Data File"
"[Scan Data (Pressures in mbar)]"
"Time"	"Mass 2"	"Mass 8"	"Mass 4"	"Mass 12"	"Mass 40"	"Mass 43"	"CirrusPressure"	
"20.10.2023 14:06:56.224"	8.2901e-012	9.0224e-014	4.6797e-013	8.3454e-014	2.9082e-012	7.5103e-014	9.2116e-006	
"20.10.2023 14:06:56.507"	8.3696e-012	8.8689e-014	4.7222e-013	8.3244e-014	2.9205e-012	7.3723e-014	9.2118e-006	
"20.10.2023 14:06:56.791"	8.4318e-012	8.8967e-014	4.6328e-013	8.2889e-014	2.9559e-012	7.2225e-014	9.2118e-006	
"20.10.2023 14:06:57.074"	8.2820e-012	8.9662e-014	4.6811e-013	8.3923e-014	2.9205e-012	7.3467e-014	9.2118e-006	
"20.10.2023 14:06:57.358"	8.3590e-012	8.8906e-014	4.7164e-013	8.4093e-014	2.9220e-012	7.3049e-014	9.2096e-006	
"20.10.2023 14:06:57.641"	8.4197e-012	8.8445e-014	4.6112e-013	8.3031e-014	2.9518e-012	7.2476e-014	9.2096e-006	
"20.10.2023 14:06:57.925"	8.2992e-012	9.0361e-014	4.6782e-013	8.3477e-014	2.9343e-012	7.4243e-014	9.2096e-006	
"20.10.2023 14:06:58.208"	8.3508e-012	8.9258e-014	4.7058e-013	8.4043e-014	2.9144e-012	7.3995e-014	9.2096e-006	
"20.10.2023 14:06:58.492"	8.4161e-012	8.8948e-014	4.6398e-013	8.2813e-014	2.9457e-012	7.4402e-014	9.2115e-006	
"20.10.2023 14:06:58.775"	8.3431e-012	8.9140e-014	4.6600e-013	8.3367e-014	2.9487e-012	7.5308e-014	9.2115e-006	
"20.10.2023 14:06:59.058"	8.3457e-012	8.9740e-014	4.7167e-013	8.4497e-014	2.9098e-012	7.4961e-014	9.2115e-006	
"20.10.2023 14:06:59.342"	8.4013e-012	8.9380e-014	4.6011e-013	8.2834e-014	2.9462e-012	7.3924e-014	9.2115e-006	
"20.10.2023 14:06:59.625"	8.3946e-012	9.0383e-014	4.6823e-013	8.3568e-014	2.9662e-012	7.2792e-014	9.2126e-006	
"20.10.2023 14:06:59.909"	8.3391e-012	8.9003e-014	4.7104e-013	8.4224e-014	2.9041e-012	7.2568e-014	9.2126e-006	
"20.10.2023 14:07:00.192"	8.4043e-012	8.8318e-014	4.5932e-013	8.2744e-014	2.9379e-012	7.2396e-014	9.2126e-006	
"20.10.2023 14:07:00.475"	8.4253e-012	8.9958e-014	4.6417e-013	8.3294e-014	2.9677e-012	7.4048e-014	9.2126e-006	
"20.10.2023 14:07:00.759"	8.3156e-012	8.9541e-014	4.7021e-013	8.3887e-014	2.9051e-012	7.6953e-014	9.2124e-006
"20.10.2023 14:07:01.042"	8.3793e-012	8.9116e-014	4.6086e-013	8.2454e-014	2.9287e-012	7.4394e-014	9.2124e-006	
"20.10.2023 14:07:01.326"	8.4441e-012	8.9262e-014	4.6479e-013	8.3387e-014	2.9682e-012	7.4628e-014	9.2124e-006	
"20.10.2023 14:07:01.610"	8.3079e-012	8.9602e-014	4.6988e-013	8.3685e-014	2.9046e-012	7.2683e-014	9.2124e-006	
"20.10.2023 14:07:01.893"	8.3661e-012	8.9301e-014	4.6783e-013	8.2804e-014	2.9297e-012	7.6305e-014	9.2095e-006	
"20.10.2023 14:07:02.177"	8.4386e-012	8.8450e-014	4.6719e-013	8.3365e-014	2.9714e-012	7.5003e-014	9.2095e-006	
"20.10.2023 14:07:02.460"	8.2972e-012	8.9049e-014	4.6967e-013	8.3882e-014	2.9072e-012	7.4537e-014	9.2095e-006	
"20.10.2023 14:07:02.743"	8.3758e-012	8.9734e-014	4.6721e-013	8.2986e-014	2.9246e-012	7.3725e-014	9.2095e-006	
"20.10.2023 14:07:03.027"	8.4303e-012	8.9177e-014	4.6399e-013	8.3118e-014	2.9641e-012	7.2298e-014	9.2115e-006	
"20.10.2023 14:07:03.310"	8.2936e-012	9.0121e-014	4.6999e-013	8.3813e-014	2.9144e-012	7.2745e-014	9.2115e-006	
"20.10.2023 14:07:03.594"	8.3600e-012	8.9630e-014	4.7387e-013	8.3528e-014	2.9225e-012	7.2230e-014	9.2115e-006	
"20.10.2023 14:07:03.877"	8.4232e-012	8.8393e-014	4.6139e-013	8.2940e-014	2.9539e-012	7.4823e-014	9.2099e-006	
"20.10.2023 14:07:04.160"	8.2850e-012	9.0005e-014	4.6670e-013	8.3589e-014	2.9272e-012	7.3345e-014	9.2099e-006	
"20.10.2023 14:07:04.444"	8.3625e-012	8.8648e-014	4.7483e-013	8.4100e-014	2.9200e-012	7.4354e-014	9.2099e-006	
"20.10.2023 14:07:04.727"	8.4228e-012	8.8860e-014	4.6285e-013	8.2900e-014	2.9488e-012	7.2233e-014	9.2099e-006	
"20.10.2023 14:07:05.011"	8.3238e-012	8.9696e-014	4.6119e-013	8.3217e-014	2.9462e-012	7.3011e-014	9.2144e-006	
"20.10.2023 14:07:05.294"	8.3416e-012	8.9076e-014	4.6959e-013	8.3892e-014	2.9159e-012	7.1803e-014	9.2144e-006	
"20.10.2023 14:07:05.578"	8.4054e-012	8.9482e-014	4.6278e-013	8.2769e-014	2.9549e-012	7.2655e-014	9.2144e-006	
"20.10.2023 14:07:05.862"	8.3411e-012	8.9742e-014	4.6813e-013	8.3639e-014	2.9518e-012	7.3486e-014	9.2144e-006	
"20.10.2023 14:07:06.146"	8.3380e-012	8.7320e-014	4.7083e-013	8.4472e-014	2.9113e-012	7.3276e-014	9.2108e-006	
"20.10.2023 14:07:06.430"	8.4089e-012	8.8984e-014	4.6103e-013	8.2214e-014	2.9405e-012	7.4279e-014	9.2108e-006	
"20.10.2023 14:07:06.714"	8.3523e-012	9.0177e-014	4.6738e-013	8.3363e-014	2.9564e-012	7.5254e-014	9.2108e-006	
"20.10.2023 14:07:06.999"	8.3273e-012	8.9434e-014	4.7081e-013	8.2642e-014	2.9118e-012	7.4494e-014	9.2108e-006	
"20.10.2023 14:07:07.283"	8.4003e-012	8.8860e-014	4.6045e-013	8.2900e-014	2.9452e-012	7.4938e-014	9.2137e-006	
"20.10.2023 14:07:07.567"	8.3814e-012	8.9559e-014	4.6395e-013	8.3211e-014	2.9657e-012	6.8849e-014	9.2137e-006	
"20.10.2023 14:07:07.850"	8.3176e-012	8.9654e-014	4.7084e-013	8.3983e-014	2.9169e-012	7.1047e-014	9.2137e-006	
"20.10.2023 14:07:08.134"	8.3957e-012	8.8672e-014	4.6055e-013	8.2528e-014	2.9451e-012	7.6074e-014	9.2137e-006	
"20.10.2023 14:07:08.417"	8.4044e-012	8.9760e-014	4.6877e-013	8.3416e-014	2.9724e-012	7.3880e-014	9.2118e-006	
"20.10.2023 14:07:08.700"	8.3140e-012	8.9927e-014	4.6844e-013	8.3867e-014	2.9112e-012	7.4025e-014	9.2118e-006	
"20.10.2023 14:07:08.984"	8.3773e-012	8.8817e-014	4.6256e-013	8.2771e-014	2.9344e-012	7.3830e-014	9.2118e-006	
"20.10.2023 14:07:09.267"	8.4365e-012	8.9500e-014	4.6528e-013	8.3566e-014	2.9718e-012	7.5001e-014	9.2118e-006	
"20.10.2023 14:07:09.551"	8.3146e-012	8.9744e-014	4.7106e-013	8.3925e-014	2.9097e-012	7.4786e-014	9.2149e-006	
"20.10.2023 14:07:09.834"	8.3819e-012	8.8997e-014	4.6876e-013	8.2955e-014	2.9283e-012	7.4920e-014	9.2149e-006	
"20.10.2023 14:07:10.118"	8.4335e-012	8.8289e-014	4.6557e-013	8.3095e-014	2.9724e-012	7.4746e-014	9.2149e-006	
"20.10.2023 14:07:10.401"	8.2906e-012	8.9139e-014	4.6964e-013	8.3523e-014	2.9076e-012	7.4317e-014	9.2149e-006	
"20.10.2023 14:07:10.685"	8.3651e-012	8.8509e-014	4.6854e-013	8.3149e-014	2.9231e-012	7.1951e-014	9.2121e-006	
"20.10.2023 14:07:10.968"	8.4242e-012	8.9305e-014	4.6014e-013	8.2714e-014	2.9656e-012	7.1254e-014	9.2121e-006	
"20.10.2023 14:07:11.252"	8.2845e-012	8.9939e-014	4.6655e-013	8.3745e-014	2.9118e-012	7.1433e-014	9.2121e-006	
"20.10.2023 14:07:11.535"	8.3477e-012	8.9274e-014	4.6996e-013	8.3472e-014	2.9189e-012	7.2454e-014	9.2108e-006	
"20.10.2023 14:07:11.819"	8.4135e-012	8.8272e-014	4.6252e-013	8.3031e-014	2.9544e-012	7.6440e-014	9.2108e-006	
"20.10.2023 14:07:12.102"	8.2671e-012	8.9213e-014	4.6956e-013	8.3794e-014	2.9241e-012	7.4835e-014	9.2108e-006	
"20.10.2023 14:07:12.385"	8.3360e-012	8.9348e-014	4.6992e-013	8.4082e-014	2.9174e-012	7.1883e-014	9.2108e-006	
"20.10.2023 14:07:12.669"	8.4126e-012	8.8830e-014	4.6177e-013	8.2722e-014	2.9580e-012	7.4963e-014	9.2077e-006	
"20.10.2023 14:07:12.952"	8.2977e-012	8.9826e-014	4.6736e-013	8.3390e-014	2.9421e-012	7.6502e-014	9.2077e-006	
"20.10.2023 14:07:13.236"	8.3309e-012	8.9261e-014	4.7174e-013	8.4409e-014	2.9190e-012	7.4849e-014	9.2077e-006	
"20.10.2023 14:07:13.519"	8.3947e-012	8.9482e-014	4.5703e-013	8.2879e-014	2.9509e-012	7.5339e-014	9.2077e-006	
"20.10.2023 14:07:13.802"	8.3253e-012	9.0713e-014	4.6685e-013	8.3528e-014	2.9570e-012	7.6595e-014	9.2126e-006	
"20.10.2023 14:07:14.086"	8.3253e-012	8.8730e-014	4.7175e-013	8.4280e-014	2.9092e-012	7.6449e-014	9.2126e-006	
"20.10.2023 14:07:14.369"	8.3926e-012	8.8817e-014	4.6324e-013	8.2921e-014	2.9482e-012	7.6615e-014	9.2126e-006	
"20.10.2023 14:07:14.653"	8.3834e-012	8.9926e-014	4.6395e-013	8.3294e-014	2.9728e-012	7.3025e-014	9.2126e-006	
"20.10.2023 14:07:14.936"	8.3268e-012	8.9409e-014	4.7165e-013	8.4122e-014	2.9092e-012	7.5620e-014	9.2130e-006	
"20.10.2023 14:07:15.220"	8.3854e-012	8.8727e-014	4.5951e-013	8.2916e-014	2.9410e-012	7.3939e-014	9.2130e-006	
"20.10.2023 14:07:15.504"	8.4125e-012	9.0064e-014	4.6208e-013	8.3154e-014	2.9734e-012	7.3806e-014	9.2130e-006	
"20.10.2023 14:07:15.787"	8.3008e-012	8.9529e-014	4.6832e-013	8.4039e-014	2.9143e-012	7.5023e-014	9.2130e-006	
"20.10.2023 14:07:16.070"	8.3813e-012	8.8842e-014	4.6215e-013	8.2513e-014	2.9436e-012	7.2888e-014	9.2111e-006	
"20.10.2023 14:07:16.354"	8.4395e-012	8.9083e-014	4.6395e-013	8.2933e-014	2.9739e-012	7.3365e-014	9.2111e-006	
"20.10.2023 14:07:16.637"	8.3023e-012	8.9630e-014	4.6938e-013	8.3741e-014	2.9098e-012	7.3928e-014	9.2111e-006	
"20.10.2023 14:07:16.921"	8.3702e-012	8.8320e-014	4.6285e-013	8.2778e-014	2.9283e-012	7.2421e-014	9.2111e-006	
"20.10.2023 14:07:17.204"	8.4294e-012	8.8779e-014	4.6270e-013	8.3124e-014	2.9647e-012	7.2728e-014	9.2111e-006	
"20.10.2023 14:07:17.488"	8.2855e-012	8.9747e-014	4.6592e-013	8.3591e-014	2.9164e-012	6.9395e-014	9.2111e-006	
"20.10.2023 14:07:17.771"	8.3524e-012	8.9208e-014	4.6794e-013	8.2609e-014	2.9241e-012	7.3052e-014	9.2111e-006	
"20.10.2023 14:07:18.054"	8.4253e-012	8.9193e-014	4.6168e-013	8.2863e-014	2.9688e-012	7.2803e-014	9.2111e-006	
"20.10.2023 14:07:18.338"	8.2702e-012	8.9256e-014	4.6559e-013	8.3648e-014	2.9200e-012	7.5364e-014	9.2111e-006	
"20.10.2023 14:07:18.621"	8.3544e-012	8.9224e-014	4.7035e-013	8.3192e-014	2.9287e-012	7.3924e-014	9.2111e-006	
"20.10.2023 14:07:18.905"	8.4054e-012	8.8945e-014	4.6488e-013	8.3173e-014	2.9631e-012	7.6907e-014	9.2111e-006	
"20.10.2023 14:07:19.188"	8.2794e-012	8.9565e-014	4.6431e-013	8.3217e-014	2.9323e-012	7.2194e-014	9.2096e-006	
"20.10.2023 14:07:19.471"	8.3329e-012	8.9505e-014	4.7072e-013	8.3787e-014	2.9215e-012	7.4918e-014	9.2096e-006	
"20.10.2023 14:07:19.755"	8.3982e-012	8.8734e-014	4.5891e-013	8.2666e-014	2.9539e-012	7.4336e-014	9.2096e-006	
"20.10.2023 14:07:20.039"	8.2962e-012	8.9413e-014	4.6991e-013	8.2833e-014	2.9431e-012	7.2596e-014	9.2096e-006	
"20.10.2023 14:07:20.322"	8.3309e-012	9.0051e-014	4.6735e-013	8.4072e-014	2.9144e-012	7.6499e-014	9.2111e-006	
"20.10.2023 14:07:20.606"	8.4038e-012	8.9003e-014	4.5983e-013	8.2221e-014	2.9482e-012	7.5961e-014	9.2111e-006	
"20.10.2023 14:07:20.891"	8.3289e-012	8.9851e-014	4.6972e-013	8.3473e-014	2.9518e-012	7.7534e-014	9.2111e-006	
"20.10.2023 14:07:21.174"	8.3304e-012	8.9065e-014	4.6901e-013	8.4125e-014	2.9159e-012	7.2836e-014	9.2111e-006	
"20.10.2023 14:07:21.458"	8.3967e-012	8.9215e-014	4.6071e-013	8.2752e-014	2.9467e-012	7.3853e-014	9.2125e-006	
