"Spectra International Data File"
"[Scan Data (Pressures in mbar)]"
"Time"	"Mass 2"	"Mass 8"	"Mass 4"	"Mass 12"	"Mass 40"	"Mass 43"	"CirrusPressure"	
"20.10.2023 15:29:02.035"	1.0887e-011	7.4932e-014	2.8142e-013	3.4843e-014	1.8837e-012	7.5925e-014	1.1236e-005	
"20.10.2023 15:29:02.318"	1.0559e-011	7.6728e-014	2.6577e-013	3.0751e-014	1.8573e-012	7.2385e-014	1.1236e-005	
"20.10.2023 15:29:02.601"	1.0936e-011	7.6390e-014	2.7365e-013	3.2586e-014	1.9518e-012	7.5023e-014	1.1259e-005	
"20.10.2023 15:29:02.885"	1.0433e-011	7.7350e-014	2.6727e-013	3.1434e-014	1.8289e-012	7.4901e-014	1.1259e-005	
"20.10.2023 15:29:03.168"	1.0957e-011	7.4035e-014	2.6946e-013	3.1675e-014	1.9012e-012	7.3036e-014	1.1259e-005	
"20.10.2023 15:29:03.452"	1.0676e-011	7.6002e-014	2.6699e-013	3.1079e-014	1.8848e-012	7.4855e-014	1.1259e-005	
"20.10.2023 15:29:03.736"	1.0638e-011	7.7113e-014	2.7464e-013	3.2841e-014	1.8812e-012	7.6070e-014	1.1246e-005	
"20.10.2023 15:29:04.019"	1.0524e-011	7.6967e-014	2.7152e-013	3.1710e-014	1.8481e-012	7.3562e-014	1.1246e-005	
"20.10.2023 15:29:04.302"	1.0893e-011	7.4314e-014	2.7870e-013	3.3368e-014	1.9849e-012	7.6033e-014	1.1246e-005	
"20.10.2023 15:29:04.586"	1.0594e-011	7.6342e-014	2.7599e-013	3.2610e-014	1.8687e-012	7.6332e-014	1.1246e-005	
"20.10.2023 15:29:04.869"	1.0431e-011	7.7656e-014	2.6945e-013	3.1843e-014	1.8491e-012	7.6970e-014	1.1338e-005	
"20.10.2023 15:29:05.153"	1.0754e-011	7.5570e-014	2.6663e-013	3.1779e-014	1.9116e-012	7.2251e-014	1.1338e-005	
"20.10.2023 15:29:05.436"	1.0556e-011	7.5711e-014	2.7053e-013	3.2208e-014	1.9121e-012	7.5597e-014	1.1338e-005	
"20.10.2023 15:29:05.720"	1.0670e-011	7.6222e-014	2.7362e-013	3.3183e-014	1.8635e-012	7.2832e-014	1.1338e-005	
"20.10.2023 15:29:06.003"	1.0658e-011	7.6113e-014	2.6523e-013	3.1237e-014	1.5752e-012	7.4451e-014	1.1260e-005	
"20.10.2023 15:29:06.286"	1.0995e-011	7.4871e-014	2.7748e-013	3.4118e-014	1.0291e-012	7.3635e-014	1.1260e-005	
"20.10.2023 15:29:06.570"	1.0905e-011	7.4957e-014	2.8625e-013	3.5740e-014	6.8795e-013	6.7493e-014	1.1260e-005	
"20.10.2023 15:29:06.853"	1.1567e-011	7.0678e-014	2.9119e-013	3.6997e-014	5.5880e-013	9.2466e-014	1.1260e-005	
"20.10.2023 15:29:07.137"	1.1189e-011	7.5339e-014	2.9475e-013	3.7632e-014	4.5299e-013	8.0245e-014	1.1275e-005	
"20.10.2023 15:29:07.420"	1.1532e-011	6.9021e-014	3.2229e-013	4.4728e-014	3.9609e-013	6.5961e-014	1.1275e-005	
"20.10.2023 15:29:07.704"	1.1194e-011	7.3520e-014	3.0914e-013	4.1273e-014	3.4316e-013	5.1416e-014	1.1275e-005	
"20.10.2023 15:29:07.987"	1.1305e-011	7.1947e-014	3.3557e-013	4.7621e-014	3.2708e-013	4.5248e-014	1.1278e-005	
"20.10.2023 15:29:08.271"	1.1045e-011	7.3750e-014	3.3150e-013	4.7337e-014	2.7803e-013	3.3745e-014	1.1278e-005	
"20.10.2023 15:29:08.554"	1.1247e-011	7.1820e-014	3.2859e-013	4.6321e-014	2.5160e-013	2.8949e-014	1.1278e-005	
"20.10.2023 15:29:08.839"	1.1381e-011	7.1414e-014	3.3978e-013	5.0245e-014	2.4186e-013	2.6374e-014	1.1278e-005	
"20.10.2023 15:29:09.122"	1.1033e-011	7.2501e-014	3.2874e-013	4.7004e-014	2.0860e-013	2.0878e-014	1.1242e-005	
"20.10.2023 15:29:09.406"	1.1611e-011	6.9859e-014	3.3335e-013	4.6873e-014	1.9406e-013	1.8874e-014	1.1242e-005	
"20.10.2023 15:29:09.689"	1.1322e-011	7.1776e-014	3.2715e-013	4.6536e-014	1.7844e-013	1.6903e-014	1.1242e-005	
"20.10.2023 15:29:09.974"	1.1420e-011	7.1380e-014	3.4090e-013	4.8657e-014	1.6091e-013	1.5198e-014	1.1242e-005	
"20.10.2023 15:29:10.259"	1.1261e-011	7.2506e-014	3.2466e-013	4.4773e-014	1.4355e-013	1.3161e-014	1.1293e-005	
"20.10.2023 15:29:10.542"	1.1406e-011	7.0252e-014	3.4554e-013	5.0564e-014	1.4604e-013	1.3157e-014	1.1293e-005	
"20.10.2023 15:29:10.825"	1.1223e-011	7.2298e-014	3.3255e-013	4.7447e-014	1.1970e-013	1.0718e-014	1.1293e-005	
"20.10.2023 15:29:11.109"	1.1352e-011	7.1328e-014	3.3347e-013	4.7779e-014	1.1735e-013	1.0519e-014	1.1293e-005	
"20.10.2023 15:29:11.392"	1.1488e-011	7.1731e-014	3.2547e-013	4.5330e-014	1.0181e-013	9.0671e-015	1.1305e-005	
"20.10.2023 15:29:11.676"	1.1191e-011	7.2502e-014	3.2754e-013	4.6979e-014	9.4393e-014	8.3518e-015	1.1305e-005	
"20.10.2023 15:29:11.959"	1.1284e-011	7.2114e-014	3.2851e-013	4.6249e-014	8.3545e-014	7.1466e-015	1.1305e-005	
"20.10.2023 15:29:12.243"	1.1494e-011	7.0378e-014	3.4341e-013	5.0289e-014	8.4725e-014	7.3338e-015	1.1305e-005	
"20.10.2023 15:29:12.526"	1.1240e-011	7.1794e-014	3.2886e-013	4.6659e-014	7.1054e-014	5.9414e-015	1.1322e-005	
"20.10.2023 15:29:12.810"	1.1246e-011	7.2559e-014	3.3060e-013	4.6184e-014	6.5269e-014	5.7912e-015	1.1322e-005	
"20.10.2023 15:29:13.093"	1.1645e-011	6.9295e-014	3.2654e-013	4.6364e-014	6.1260e-014	5.3406e-015	1.1322e-005	
"20.10.2023 15:29:13.377"	1.1209e-011	7.3090e-014	3.2427e-013	4.5493e-014	5.5168e-014	4.6194e-015	1.1322e-005	
"20.10.2023 15:29:13.660"	1.1551e-011	7.0787e-014	3.3822e-013	4.9407e-014	5.2539e-014	4.6277e-015	1.1368e-005	
"20.10.2023 15:29:13.944"	1.2157e-011	6.6356e-014	3.4117e-013	4.9849e-014	5.0206e-014	4.3786e-015	1.1368e-005	
"20.10.2023 15:29:14.227"	1.1376e-011	7.3121e-014	3.2137e-013	4.5694e-014	4.3779e-014	3.6395e-015	1.1368e-005	
"20.10.2023 15:29:14.511"	1.1213e-011	7.3607e-014	3.2718e-013	4.5892e-014	3.9294e-014	3.5942e-015	1.1519e-005	
"20.10.2023 15:29:14.794"	1.1301e-011	7.2334e-014	3.2123e-013	4.4426e-014	3.5697e-014	3.1614e-015	1.1519e-005	
"20.10.2023 15:29:15.077"	1.1558e-011	7.1617e-014	3.2780e-013	4.6147e-014	3.4610e-014	2.9552e-015	1.1519e-005	
"20.10.2023 15:29:15.361"	1.1318e-011	7.1762e-014	3.3008e-013	4.6411e-014	3.0495e-014	2.5952e-015	1.1519e-005	
"20.10.2023 15:29:15.644"	1.1957e-011	6.7211e-014	3.3530e-013	4.6741e-014	2.9280e-014	2.5880e-015	1.1380e-005	
"20.10.2023 15:29:15.928"	1.1457e-011	7.2561e-014	3.2061e-013	4.4697e-014	2.6341e-014	2.3842e-015	1.1380e-005	
"20.10.2023 15:29:16.211"	1.1395e-011	7.0851e-014	3.3332e-013	4.7658e-014	2.3996e-014	2.2256e-015	1.1380e-005	
"20.10.2023 15:29:16.494"	1.1426e-011	7.1605e-014	3.2947e-013	4.6418e-014	2.3188e-014	1.9825e-015	1.1380e-005	
"20.10.2023 15:29:16.778"	1.1486e-011	7.0589e-014	3.2481e-013	4.5235e-014	2.1130e-014	1.9169e-015	1.1378e-005	
"20.10.2023 15:29:17.061"	1.1758e-011	6.7970e-014	3.4721e-013	5.1368e-014	1.9727e-014	1.7595e-015	1.1378e-005	
"20.10.2023 15:29:17.345"	1.1366e-011	7.1791e-014	3.2446e-013	4.4537e-014	1.7635e-014	1.5509e-015	1.1378e-005	
"20.10.2023 15:29:17.629"	1.1459e-011	7.0705e-014	3.3369e-013	4.7554e-014	1.7859e-014	1.4412e-015	1.1378e-005	
"20.10.2023 15:29:17.912"	1.1195e-011	7.2966e-014	3.2427e-013	4.5660e-014	1.5587e-014	1.2779e-015	1.1386e-005	
"20.10.2023 15:29:18.196"	1.1395e-011	7.1754e-014	3.2948e-013	4.5607e-014	1.4581e-014	1.3149e-015	1.1386e-005	
"20.10.2023 15:29:18.479"	1.1534e-011	6.9502e-014	3.3671e-013	4.8759e-014	1.4623e-014	1.3185e-015	1.1386e-005	
"20.10.2023 15:29:18.762"	1.1205e-011	7.2627e-014	3.2275e-013	4.5477e-014	1.3031e-014	1.3661e-015	1.1386e-005	
"20.10.2023 15:29:19.046"	1.1511e-011	7.0377e-014	3.3442e-013	4.8298e-014	1.2610e-014	1.2624e-015	1.1356e-005	
"20.10.2023 15:29:19.329"	1.1526e-011	7.1183e-014	3.2477e-013	4.4699e-014	1.1375e-014	1.1420e-015	1.1356e-005	
"20.10.2023 15:29:19.613"	1.1423e-011	7.0732e-014	3.3167e-013	4.7647e-014	1.1381e-014	1.0407e-015	1.1356e-005	
"20.10.2023 15:29:19.896"	1.1342e-011	7.1322e-014	3.2924e-013	4.6630e-014	1.0291e-014	9.7394e-016	1.1356e-005	
"20.10.2023 15:29:20.179"	1.1820e-011	6.9242e-014	3.2886e-013	4.6413e-014	1.0001e-014	9.5010e-016	1.1386e-005	
"20.10.2023 15:29:20.463"	1.1243e-011	7.3848e-014	3.2053e-013	4.4315e-014	9.2912e-015	8.7262e-016	1.1386e-005	
"20.10.2023 15:29:20.746"	1.1797e-011	6.8260e-014	3.4614e-013	5.1085e-014	8.9240e-015	8.8096e-016	1.1386e-005	
"20.10.2023 15:29:21.030"	1.1518e-011	7.0803e-014	3.2323e-013	4.4661e-014	8.4830e-015	7.9275e-016	1.1386e-005	
"20.10.2023 15:29:21.313"	1.1577e-011	7.1920e-014	3.3589e-013	4.8059e-014	8.4484e-015	8.7023e-016	1.1449e-005	
"20.10.2023 15:29:21.597"	1.1333e-011	7.1776e-014	3.2675e-013	4.6349e-014	7.7510e-015	8.2493e-016	1.1449e-005	
"20.10.2023 15:29:21.881"	1.1543e-011	7.0461e-014	3.3400e-013	4.7806e-014	7.6104e-015	8.5354e-016	1.1449e-005	
"20.10.2023 15:29:22.164"	1.1535e-011	7.2456e-014	3.2579e-013	4.4921e-014	7.5329e-015	8.7619e-016	1.1419e-005	
"20.10.2023 15:29:22.447"	1.1455e-011	7.0077e-014	3.3578e-013	4.7894e-014	7.0000e-015	7.3910e-016	1.1419e-005	
"20.10.2023 15:29:22.731"	1.1448e-011	7.1708e-014	3.2651e-013	4.5305e-014	6.8617e-015	8.0824e-016	1.1419e-005	
"20.10.2023 15:29:23.014"	1.1957e-011	6.6413e-014	3.4022e-013	4.9691e-014	7.0477e-015	7.5102e-016	1.1419e-005	
"20.10.2023 15:29:23.298"	1.1438e-011	7.1328e-014	3.3433e-013	4.7866e-014	6.1763e-015	7.0334e-016	1.1491e-005	
"20.10.2023 15:29:23.581"	1.1323e-011	7.2019e-014	3.2417e-013	4.4403e-014	5.9808e-015	5.1618e-016	1.1491e-005	
"20.10.2023 15:29:23.866"	1.1727e-011	6.9753e-014	3.3095e-013	4.6648e-014	6.0201e-015	5.8651e-016	1.1491e-005	
"20.10.2023 15:29:24.150"	1.1203e-011	7.1726e-014	3.2430e-013	4.5456e-014	5.4932e-015	5.4121e-016	1.1491e-005	
"20.10.2023 15:29:24.433"	1.1829e-011	6.8527e-014	3.3084e-013	4.6177e-014	5.5909e-015	5.4717e-016	1.1418e-005	
"20.10.2023 15:29:24.717"	1.1508e-011	7.1131e-014	3.2092e-013	4.4536e-014	5.4121e-015	6.4016e-016	1.1418e-005	
"20.10.2023 15:29:25.002"	1.1603e-011	6.8430e-014	3.4106e-013	4.9983e-014	5.6196e-015	4.5300e-016	1.1418e-005	
"20.10.2023 15:29:25.286"	1.2070e-011	6.7242e-014	3.4479e-013	4.9700e-014	5.5349e-015	6.2824e-016	1.1418e-005	
"20.10.2023 15:29:25.570"	1.1582e-011	6.9331e-014	3.2270e-013	4.4896e-014	5.0342e-015	6.0916e-016	1.1587e-005	
"20.10.2023 15:29:25.853"	1.1167e-011	7.2863e-014	3.2197e-013	4.5322e-014	4.9329e-015	4.5657e-016	1.1587e-005	
"20.10.2023 15:29:26.136"	1.1356e-011	7.1218e-014	3.3396e-013	4.6852e-014	4.8018e-015	4.3869e-016	1.1587e-005	
"20.10.2023 15:29:26.420"	1.1591e-011	7.0550e-014	3.4264e-013	5.0025e-014	5.3418e-015	5.7340e-016	1.1587e-005	
"20.10.2023 15:29:26.704"	1.1326e-011	7.1814e-014	3.3058e-013	4.6541e-014	4.7672e-015	5.8890e-016	1.1416e-005	
"20.10.2023 15:29:26.987"	1.1243e-011	7.1746e-014	3.2701e-013	4.5526e-014	4.5932e-015	4.8399e-016	1.1416e-005	
"20.10.2023 15:29:27.271"	1.1683e-011	6.8800e-014	3.2876e-013	4.6162e-014	4.7207e-015	4.6373e-016	1.1416e-005	
"20.10.2023 15:29:27.554"	1.1334e-011	7.3572e-014	3.2133e-013	4.4812e-014	4.8053e-015	5.3764e-016	1.1416e-005	
"20.10.2023 15:29:27.837"	1.1770e-011	6.9077e-014	3.4201e-013	5.0022e-014	4.4847e-015	4.7207e-016	1.1440e-005	
"20.10.2023 15:29:28.121"	1.1442e-011	7.0926e-014	3.1650e-013	4.3384e-014	4.5967e-015	3.2902e-016	1.1440e-005	
"20.10.2023 15:29:28.404"	1.1570e-011	7.0337e-014	3.4044e-013	5.0121e-014	4.7016e-015	4.1485e-016	1.1440e-005	
"20.10.2023 15:29:28.688"	1.1377e-011	7.1483e-014	3.3143e-013	4.6923e-014	4.5061e-015	4.1008e-016	1.1449e-005	
"20.10.2023 15:29:28.971"	1.1480e-011	7.1003e-014	3.3086e-013	4.7162e-014	4.6265e-015	3.5882e-016	1.1449e-005	
"20.10.2023 15:29:29.255"	1.1478e-011	7.3023e-014	3.2166e-013	4.4985e-014	4.5991e-015	3.9220e-016	1.1449e-005	
"20.10.2023 15:29:29.538"	1.1846e-011	6.7356e-014	3.4944e-013	5.2244e-014	4.5753e-015	4.5896e-016	1.1449e-005	
"20.10.2023 15:29:29.821"	1.1483e-011	7.0384e-014	3.2315e-013	4.4528e-014	4.1437e-015	3.8982e-016	1.1448e-005	
"20.10.2023 15:29:30.105"	1.1428e-011	7.1420e-014	3.2338e-013	4.5380e-014	4.1545e-015	5.2572e-016	1.1448e-005	
"20.10.2023 15:29:30.388"	1.1471e-011	7.1867e-014	3.3666e-013	4.7859e-014	4.0639e-015	5.8174e-016	1.1448e-005	
"20.10.2023 15:29:30.672"	1.1375e-011	7.1259e-014	3.2915e-013	4.4965e-014	4.3822e-015	4.4227e-016	1.1448e-005	
"20.10.2023 15:29:30.956"	1.1964e-011	7.0467e-014	3.3010e-013	4.6972e-014	4.4215e-015	4.7565e-016	1.1420e-005	
"20.10.2023 15:29:31.239"	1.1208e-011	7.2955e-014	3.2450e-013	4.5775e-014	3.9125e-015	5.4479e-016	1.1420e-005	
"20.10.2023 15:29:31.523"	1.1603e-011	7.0443e-014	3.2793e-013	4.4917e-014	4.2403e-015	3.9101e-016	1.1420e-005	
"20.10.2023 15:29:31.806"	1.1457e-011	7.0459e-014	3.3184e-013	4.7355e-014	4.4620e-015	5.7817e-016	1.1420e-005	
"20.10.2023 15:29:32.089"	1.1241e-011	7.2531e-014	3.2636e-013	4.5924e-014	4.1282e-015	3.5644e-016	1.1403e-005	
"20.10.2023 15:29:32.373"	1.1419e-011	7.0751e-014	3.2780e-013	4.6396e-014	4.0353e-015	4.6730e-016	1.1403e-005	
"20.10.2023 15:29:32.656"	1.1472e-011	7.0381e-014	3.2612e-013	4.6278e-014	4.0579e-015	4.9353e-016	1.1403e-005	
"20.10.2023 15:29:32.939"	1.1307e-011	7.0819e-014	3.2783e-013	4.6483e-014	4.2618e-015	3.6359e-016	1.1403e-005	
"20.10.2023 15:29:33.223"	1.1355e-011	7.1977e-014	3.2648e-013	4.6884e-014	4.2939e-015	5.0187e-016	1.1425e-005	
"20.10.2023 15:29:33.506"	1.1391e-011	7.0867e-014	3.2214e-013	4.3761e-014	4.1747e-015	3.0875e-016	1.1425e-005	
"20.10.2023 15:29:33.790"	1.1503e-011	7.0509e-014	3.3501e-013	4.8232e-014	4.0734e-015	5.7102e-016	1.1425e-005	
"20.10.2023 15:29:34.073"	1.1324e-011	7.2178e-014	3.2814e-013	4.6818e-014	3.9315e-015	4.2319e-016	1.1425e-005	
"20.10.2023 15:29:34.357"	1.1724e-011	6.9396e-014	3.2026e-013	4.4466e-014	3.8445e-015	3.3021e-016	1.1403e-005	
"20.10.2023 15:29:34.640"	1.1416e-011	7.1590e-014	3.2886e-013	4.6472e-014	3.9149e-015	3.0995e-016	1.1403e-005	
"20.10.2023 15:29:34.923"	1.1497e-011	7.0005e-014	3.3572e-013	4.7994e-014	3.9220e-015	3.6359e-016	1.1403e-005	
"20.10.2023 15:29:35.207"	1.1392e-011	7.0845e-014	3.2188e-013	4.4742e-014	3.8362e-015	4.1843e-016	1.1403e-005	
"20.10.2023 15:29:35.491"	1.1465e-011	7.1671e-014	3.2676e-013	4.5529e-014	3.9232e-015	3.5763e-016	1.1409e-005	
"20.10.2023 15:29:35.774"	1.1344e-011	7.2947e-014	3.3000e-013	4.6854e-014	4.1676e-015	4.9472e-016	1.1409e-005	
"20.10.2023 15:29:36.058"	1.1386e-011	7.1271e-014	3.2110e-013	4.4102e-014	3.8529e-015	4.7326e-016	1.1409e-005	
"20.10.2023 15:29:36.341"	1.1769e-011	7.0870e-014	3.3057e-013	4.7955e-014	3.9995e-015	4.9711e-016	1.1403e-005	
"20.10.2023 15:29:36.624"	1.1273e-011	7.2009e-014	3.2750e-013	4.6059e-014	3.9363e-015	3.9697e-016	1.1403e-005	
"20.10.2023 15:29:36.908"	1.1500e-011	7.0272e-014	3.3331e-013	4.7708e-014	4.3178e-015	4.5181e-016	1.1403e-005	
"20.10.2023 15:29:37.191"	1.1711e-011	6.9973e-014	3.2621e-013	4.5592e-014	4.2117e-015	4.3273e-016	1.1403e-005	
"20.10.2023 15:29:37.475"	1.1286e-011	7.1827e-014	3.2815e-013	4.6271e-014	3.8564e-015	5.0187e-016	1.1453e-005	
"20.10.2023 15:29:37.758"	1.1376e-011	7.1965e-014	3.2395e-013	4.5171e-014	3.8350e-015	5.7698e-016	1.1453e-005	
"20.10.2023 15:29:38.041"	1.1965e-011	6.8870e-014	3.2909e-013	4.6962e-014	4.1235e-015	4.2439e-016	1.1453e-005	
"20.10.2023 15:29:38.325"	1.1214e-011	7.2276e-014	3.2627e-013	4.5802e-014	3.9005e-015	5.0187e-016	1.1453e-005	
"20.10.2023 15:29:38.608"	1.1779e-011	6.9510e-014	3.2928e-013	4.6624e-014	4.0543e-015	3.8505e-016	1.1422e-005	
"20.10.2023 15:29:38.893"	1.1526e-011	7.0443e-014	3.2447e-013	4.5121e-014	3.8409e-015	3.6001e-016	1.1422e-005	
"20.10.2023 15:29:39.177"	1.1291e-011	7.2042e-014	3.2990e-013	4.6427e-014	3.7837e-015	3.8862e-016	1.1422e-005	
"20.10.2023 15:29:39.461"	1.1388e-011	7.1237e-014	3.3362e-013	4.6706e-014	3.7778e-015	5.1022e-016	1.1422e-005	
"20.10.2023 15:29:39.744"	1.1789e-011	6.7967e-014	3.3599e-013	4.7418e-014	3.8803e-015	5.3287e-016	1.1438e-005	
"20.10.2023 15:29:40.030"	1.1322e-011	7.0870e-014	3.2741e-013	4.6436e-014	3.9756e-015	5.3525e-016	1.1438e-005	
"20.10.2023 15:29:40.314"	1.1541e-011	7.0086e-014	3.3506e-013	4.8461e-014	4.1759e-015	5.5671e-016	1.1438e-005	
"20.10.2023 15:29:40.597"	1.1690e-011	6.9495e-014	3.2334e-013	4.5600e-014	3.9053e-015	4.2558e-016	1.1438e-005	
"20.10.2023 15:29:40.881"	1.1193e-011	7.2753e-014	3.2259e-013	4.5219e-014	3.9208e-015	4.6849e-016	1.1522e-005	
"20.10.2023 15:29:41.164"	1.1728e-011	6.9552e-014	3.4407e-013	5.0200e-014	4.1318e-015	3.7313e-016	1.1522e-005	
"20.10.2023 15:29:41.448"	1.1627e-011	7.0216e-014	3.2396e-013	4.5456e-014	3.9327e-015	5.1022e-016	1.1522e-005	
"20.10.2023 15:29:41.731"	1.1385e-011	7.1501e-014	3.2885e-013	4.6565e-014	3.7933e-015	4.6492e-016	1.1522e-005	
"20.10.2023 15:29:42.014"	1.1532e-011	7.1249e-014	3.3695e-013	4.8311e-014	3.8552e-015	3.7074e-016	1.1475e-005	
"20.10.2023 15:29:42.298"	1.1388e-011	7.1262e-014	3.1818e-013	4.3928e-014	3.8576e-015	4.1008e-016	1.1475e-005	
"20.10.2023 15:29:42.581"	1.1469e-011	7.0579e-014	3.2880e-013	4.7153e-014	3.9864e-015	2.4080e-016	1.1475e-005	
"20.10.2023 15:29:42.865"	1.1307e-011	7.1745e-014	3.3084e-013	4.6351e-014	3.9160e-015	3.7670e-016	1.1484e-005	
"20.10.2023 15:29:43.148"	1.1915e-011	6.8243e-014	3.2482e-013	4.6402e-014	3.8576e-015	5.6267e-016	1.1484e-005	
"20.10.2023 15:29:43.431"	1.1438e-011	7.2658e-014	3.2086e-013	4.4700e-014	3.8397e-015	3.0041e-016	1.1484e-005	
"20.10.2023 15:29:43.715"	1.1861e-011	6.6705e-014	3.5032e-013	5.2340e-014	4.0341e-015	3.5286e-016	1.1484e-005	
"20.10.2023 15:29:43.998"	1.1482e-011	7.0186e-014	3.2454e-013	4.4641e-014	3.8278e-015	2.9802e-016	1.1471e-005	
"20.10.2023 15:29:44.282"	1.1618e-011	6.9504e-014	3.4234e-013	5.0881e-014	4.2725e-015	4.9234e-016	1.1471e-005	
"20.10.2023 15:29:44.566"	1.1382e-011	7.2137e-014	3.3187e-013	4.7015e-014	3.4356e-015	3.7909e-016	1.1471e-005	
"20.10.2023 15:29:44.849"	1.1347e-011	7.1613e-014	3.3047e-013	4.5467e-014	3.9160e-015	4.0174e-016	1.1471e-005	
"20.10.2023 15:29:45.132"	1.1725e-011	6.8704e-014	3.2891e-013	4.6154e-014	3.7241e-015	3.3498e-016	1.1461e-005	
"20.10.2023 15:29:45.416"	1.1262e-011	7.1768e-014	3.2722e-013	4.6082e-014	3.9101e-015	4.4584e-016	1.1461e-005	
"20.10.2023 15:29:45.699"	1.1648e-011	6.9987e-014	3.3491e-013	4.7090e-014	3.8517e-015	5.2214e-016	1.1461e-005	
"20.10.2023 15:29:45.983"	1.1502e-011	7.1283e-014	3.2014e-013	4.4183e-014	3.9172e-015	3.9578e-016	1.1461e-005	
"20.10.2023 15:29:46.266"	1.1533e-011	7.0128e-014	3.3411e-013	4.8512e-014	4.2117e-015	3.3260e-016	1.1453e-005	
"20.10.2023 15:29:46.550"	1.1542e-011	7.0335e-014	3.3059e-013	4.6431e-014	3.8731e-015	4.6134e-016	1.1453e-005	
"20.10.2023 15:29:46.833"	1.1445e-011	7.0391e-014	3.2016e-013	4.5365e-014	3.6264e-015	4.0531e-016	1.1453e-005	
"20.10.2023 15:29:47.116"	1.1449e-011	6.9739e-014	3.3243e-013	4.7834e-014	3.7921e-015	4.3154e-016	1.1453e-005	
"20.10.2023 15:29:47.400"	1.1314e-011	7.1229e-014	3.2732e-013	4.6078e-014	3.7027e-015	3.5882e-016	1.1528e-005	
"20.10.2023 15:29:47.683"	1.1793e-011	6.8823e-014	3.2442e-013	4.4846e-014	3.8958e-015	5.6029e-016	1.1528e-005	
"20.10.2023 15:29:47.967"	1.1366e-011	7.1832e-014	3.2846e-013	4.5417e-014	3.6812e-015	4.1127e-016	1.1528e-005	
"20.10.2023 15:29:48.250"	1.1363e-011	7.0870e-014	3.2959e-013	4.6555e-014	3.7766e-015	3.9935e-016	1.1528e-005	
"20.10.2023 15:29:48.533"	1.1650e-011	6.9571e-014	3.3808e-013	4.9505e-014	4.1783e-015	3.9458e-016	1.1389e-005	
"20.10.2023 15:29:48.817"	1.1420e-011	7.1770e-014	3.2974e-013	4.6103e-014	3.9351e-015	5.2572e-016	1.1389e-005	
"20.10.2023 15:29:49.101"	1.1281e-011	7.2311e-014	3.2866e-013	4.6468e-014	3.7468e-015	3.7313e-016	1.1389e-005	
"20.10.2023 15:29:49.384"	1.1616e-011	6.9287e-014	3.2592e-013	4.5426e-014	3.8099e-015	3.7790e-016	1.1389e-005	
"20.10.2023 15:29:49.668"	1.1504e-011	7.1640e-014	3.2620e-013	4.5630e-014	3.6347e-015	3.8147e-016	1.1471e-005	
"20.10.2023 15:29:49.951"	1.1246e-011	7.1757e-014	3.2605e-013	4.5675e-014	3.7038e-015	3.1591e-016	1.1471e-005	
"20.10.2023 15:29:50.235"	1.1418e-011	7.1071e-014	3.2139e-013	4.3857e-014	3.6848e-015	3.3021e-016	1.1471e-005	
"20.10.2023 15:29:50.518"	1.1766e-011	6.9262e-014	3.3594e-013	4.8045e-014	3.8111e-015	4.9591e-016	1.1388e-005	
"20.10.2023 15:29:50.801"	1.1733e-011	6.9245e-014	3.4456e-013	5.0391e-014	3.8243e-015	4.0651e-016	1.1388e-005	
"20.10.2023 15:29:51.085"	1.1416e-011	7.1042e-014	3.2347e-013	4.4227e-014	3.6466e-015	5.0426e-016	1.1388e-005	
"20.10.2023 15:29:51.368"	1.1628e-011	6.9199e-014	3.3759e-013	4.9467e-014	4.0806e-015	2.5749e-016	1.1388e-005	
"20.10.2023 15:29:51.651"	1.1304e-011	7.2596e-014	3.2882e-013	4.6603e-014	3.5691e-015	3.8386e-016	1.1558e-005	
"20.10.2023 15:29:51.935"	1.1651e-011	6.8723e-014	3.2352e-013	4.4909e-014	3.7790e-015	3.9816e-016	1.1558e-005	
"20.10.2023 15:29:52.218"	1.1462e-011	7.1429e-014	3.2601e-013	4.5660e-014	3.9125e-015	3.6955e-016	1.1558e-005	
"20.10.2023 15:29:52.502"	1.1476e-011	7.1966e-014	3.3410e-013	4.8083e-014	3.6597e-015	3.5882e-016	1.1558e-005	
"20.10.2023 15:29:52.785"	1.1318e-011	7.2241e-014	3.2758e-013	4.6008e-014	3.7718e-015	4.6849e-016	1.1450e-005	
"20.10.2023 15:29:53.069"	1.1660e-011	6.9076e-014	3.3350e-013	4.7300e-014	3.8707e-015	4.1247e-016	1.1450e-005	
"20.10.2023 15:29:53.352"	1.1421e-011	7.1210e-014	3.3145e-013	4.7640e-014	3.8588e-015	3.7551e-016	1.1450e-005	
"20.10.2023 15:29:53.636"	1.1307e-011	7.1875e-014	3.3069e-013	4.6473e-014	3.6550e-015	4.4465e-016	1.1450e-005	
"20.10.2023 15:29:53.921"	1.1462e-011	7.1376e-014	3.1670e-013	4.3105e-014	3.6454e-015	5.2929e-016	1.1462e-005	
"20.10.2023 15:29:54.205"	1.1310e-011	7.1671e-014	3.2867e-013	4.6246e-014	3.7599e-015	4.7446e-016	1.1462e-005	
"20.10.2023 15:29:54.489"	1.1434e-011	7.1453e-014	3.3415e-013	4.7463e-014	3.7646e-015	4.4704e-016	1.1462e-005	
"20.10.2023 15:29:54.772"	1.1811e-011	6.8559e-014	3.2720e-013	4.5674e-014	4.0364e-015	2.2054e-016	1.1462e-005	
"20.10.2023 15:29:55.057"	1.1215e-011	7.3008e-014	3.2725e-013	4.5825e-014	3.8231e-015	3.5644e-016	1.1472e-005	
"20.10.2023 15:29:55.342"	1.1506e-011	7.0848e-014	3.3484e-013	4.8257e-014	3.8827e-015	3.2663e-016	1.1472e-005	
