"Spectra International Data File"
"[Scan Data (Pressures in mbar)]"
"Time"	"Mass 2"	"Mass 8"	"Mass 4"	"Mass 12"	"Mass 40"	"Mass 43"	"CirrusPressure"	
"20.10.2023 14:40:58.229"	1.0042e-011	7.9980e-014	3.5772e-013	5.4018e-014	2.5476e-012	7.7609e-014	1.0746e-005	
"20.10.2023 14:40:58.513"	9.9704e-012	7.9674e-014	3.5285e-013	5.3180e-014	2.4941e-012	7.4531e-014	1.0795e-005	
"20.10.2023 14:40:58.797"	1.0198e-011	7.8650e-014	3.5255e-013	5.2288e-014	2.4520e-012	7.2389e-014	1.0795e-005	
"20.10.2023 14:40:59.080"	9.8797e-012	8.0483e-014	3.3448e-013	4.8582e-014	2.3759e-012	7.3035e-014	1.0795e-005	
"20.10.2023 14:40:59.363"	9.7614e-012	8.1799e-014	3.4484e-013	5.0887e-014	2.3630e-012	7.4379e-014	1.0795e-005	
"20.10.2023 14:40:59.647"	9.9210e-012	8.0248e-014	3.4503e-013	5.0651e-014	2.3810e-012	7.4452e-014	1.0807e-005	
"20.10.2023 14:40:59.930"	1.0073e-011	7.9168e-014	3.3897e-013	4.9576e-014	2.4026e-012	7.4600e-014	1.0807e-005	
"20.10.2023 14:41:00.214"	9.6875e-012	8.2120e-014	3.4136e-013	4.9464e-014	2.3491e-012	7.5471e-014	1.0807e-005	
"20.10.2023 14:41:00.497"	9.7660e-012	8.1942e-014	3.3992e-013	5.0321e-014	2.3424e-012	7.4895e-014	1.0807e-005	
"20.10.2023 14:41:00.780"	9.8583e-012	7.9799e-014	3.3760e-013	4.9471e-014	2.3934e-012	7.3542e-014	1.0670e-005	
"20.10.2023 14:41:01.064"	9.7609e-012	8.0978e-014	3.4034e-013	5.0329e-014	2.3897e-012	7.5999e-014	1.0670e-005	
"20.10.2023 14:41:01.347"	9.8929e-012	8.0626e-014	3.4892e-013	5.2083e-014	2.3573e-012	7.6920e-014	1.0670e-005	
"20.10.2023 14:41:01.631"	9.9914e-012	8.0109e-014	3.3789e-013	4.8177e-014	2.3568e-012	7.7373e-014	1.0670e-005	
"20.10.2023 14:41:01.914"	9.6655e-012	8.1593e-014	3.4200e-013	4.9402e-014	2.3810e-012	7.4366e-014	1.0668e-005	
"20.10.2023 14:41:02.198"	9.8679e-012	8.1469e-014	3.4930e-013	5.1840e-014	2.3511e-012	7.6513e-014	1.0668e-005	
"20.10.2023 14:41:02.481"	1.0009e-011	7.9893e-014	3.3222e-013	4.8021e-014	2.3542e-012	7.2413e-014	1.0668e-005	
"20.10.2023 14:41:02.764"	9.6946e-012	8.1998e-014	3.3996e-013	4.9486e-014	2.3835e-012	7.4560e-014	1.0668e-005	
"20.10.2023 14:41:03.048"	9.7578e-012	8.1628e-014	3.4391e-013	5.0764e-014	2.3296e-012	7.2548e-014	1.0629e-005	
"20.10.2023 14:41:03.332"	9.7997e-012	8.1181e-014	3.3663e-013	4.8694e-014	2.3548e-012	7.3549e-014	1.0629e-005	
"20.10.2023 14:41:03.615"	9.8073e-012	8.2558e-014	3.3489e-013	4.8763e-014	2.3826e-012	7.0887e-014	1.0629e-005	
"20.10.2023 14:41:03.898"	1.0090e-011	7.9749e-014	3.5822e-013	5.4729e-014	2.3727e-012	7.4596e-014	1.0629e-005	
"20.10.2023 14:41:04.182"	9.8669e-012	8.1662e-014	3.4721e-013	5.0729e-014	2.4627e-012	7.5029e-014	1.0604e-005	
"20.10.2023 14:41:04.465"	9.9424e-012	7.9022e-014	3.5091e-013	5.3760e-014	2.5004e-012	7.4367e-014	1.0604e-005	
"20.10.2023 14:41:04.749"	9.8205e-012	8.0876e-014	3.4746e-013	5.1184e-014	2.4499e-012	7.5775e-014	1.0604e-005	
"20.10.2023 14:41:05.032"	9.9383e-012	8.0202e-014	3.5121e-013	5.2386e-014	2.5085e-012	7.6527e-014	1.0677e-005	
"20.10.2023 14:41:05.316"	9.9103e-012	8.0556e-014	3.3846e-013	4.9457e-014	2.3918e-012	7.3003e-014	1.0677e-005	
"20.10.2023 14:41:05.599"	9.6921e-012	8.2020e-014	3.4320e-013	5.0167e-014	2.4118e-012	7.4489e-014	1.0677e-005	
"20.10.2023 14:41:05.882"	9.8007e-012	8.0872e-014	3.3915e-013	4.9745e-014	2.3707e-012	7.5050e-014	1.0677e-005	
"20.10.2023 14:41:06.166"	9.9766e-012	8.0195e-014	3.3633e-013	4.8902e-014	2.3836e-012	7.1006e-014	1.0666e-005	
"20.10.2023 14:41:06.449"	9.6232e-012	8.1996e-014	3.3837e-013	4.9428e-014	2.3156e-012	7.4383e-014	1.0666e-005	
"20.10.2023 14:41:06.733"	9.7522e-012	8.1314e-014	3.4303e-013	4.9291e-014	2.3558e-012	7.3521e-014	1.0666e-005	
"20.10.2023 14:41:07.016"	9.9149e-012	8.0229e-014	3.3801e-013	4.9120e-014	2.3784e-012	7.5119e-014	1.0666e-005	
"20.10.2023 14:41:07.300"	9.7278e-012	8.2236e-014	3.4141e-013	5.0332e-014	2.3692e-012	7.3198e-014	1.0599e-005	
"20.10.2023 14:41:07.584"	9.9282e-012	8.1348e-014	3.4897e-013	5.1730e-014	2.3867e-012	7.5502e-014	1.0599e-005	
"20.10.2023 14:41:07.868"	1.0070e-011	7.8876e-014	3.5350e-013	5.3227e-014	2.5199e-012	7.4436e-014	1.0599e-005	
"20.10.2023 14:41:08.153"	9.7308e-012	8.1844e-014	3.4470e-013	5.0633e-014	2.3697e-012	7.5508e-014	1.0599e-005	
"20.10.2023 14:41:08.436"	9.8552e-012	8.0771e-014	3.4365e-013	5.0835e-014	2.3650e-012	7.5291e-014	1.0701e-005	
"20.10.2023 14:41:08.722"	9.9562e-012	8.0473e-014	3.4027e-013	5.0063e-014	2.4268e-012	7.3891e-014	1.0701e-005	
"20.10.2023 14:41:09.005"	9.7803e-012	8.1250e-014	3.4402e-013	5.0664e-014	2.3856e-012	7.4253e-014	1.0701e-005	
"20.10.2023 14:41:09.288"	9.9149e-012	8.0474e-014	3.4992e-013	5.2573e-014	2.4433e-012	7.0365e-014	1.0701e-005	
"20.10.2023 14:41:09.572"	9.9730e-012	8.0606e-014	3.3944e-013	4.9930e-014	2.4195e-012	7.5426e-014	1.0721e-005	
"20.10.2023 14:41:09.855"	9.8873e-012	8.1331e-014	3.4842e-013	5.1830e-014	2.4371e-012	7.3404e-014	1.0721e-005	
"20.10.2023 14:41:10.139"	1.0000e-011	8.0960e-014	3.5277e-013	5.3419e-014	2.5353e-012	7.3458e-014	1.0721e-005	
"20.10.2023 14:41:10.422"	9.9898e-012	8.0184e-014	3.4513e-013	5.0192e-014	2.4185e-012	7.3609e-014	1.0721e-005	
"20.10.2023 14:41:10.705"	9.7670e-012	8.1284e-014	3.4437e-013	5.0177e-014	2.3898e-012	7.4047e-014	1.0783e-005	
"20.10.2023 14:41:10.989"	9.8828e-012	8.0415e-014	3.4757e-013	5.2600e-014	2.4675e-012	7.4446e-014	1.0783e-005	
"20.10.2023 14:41:11.272"	9.8624e-012	8.1079e-014	3.3917e-013	4.9112e-014	2.3928e-012	7.6225e-014	1.0783e-005	
"20.10.2023 14:41:11.556"	1.0013e-011	8.1107e-014	3.4822e-013	5.1341e-014	2.4633e-012	7.3123e-014	1.0697e-005	
"20.10.2023 14:41:11.839"	9.9572e-012	8.0781e-014	3.5278e-013	5.3092e-014	2.4432e-012	7.4771e-014	1.0697e-005	
"20.10.2023 14:41:12.123"	1.0025e-011	8.0489e-014	3.4209e-013	5.0525e-014	2.4278e-012	7.3483e-014	1.0697e-005	
"20.10.2023 14:41:12.406"	1.0096e-011	7.9420e-014	3.5979e-013	5.5988e-014	2.5795e-012	7.7491e-014	1.0697e-005	
"20.10.2023 14:41:12.690"	9.8583e-012	8.1141e-014	3.5125e-013	5.1762e-014	2.3861e-012	7.7113e-014	1.0824e-005	
"20.10.2023 14:41:12.973"	9.9868e-012	8.0456e-014	3.4956e-013	5.1637e-014	2.4546e-012	7.5358e-014	1.0824e-005	
"20.10.2023 14:41:13.257"	1.0095e-011	8.0065e-014	3.4515e-013	5.1023e-014	2.4474e-012	7.4370e-014	1.0824e-005	
"20.10.2023 14:41:13.540"	1.0140e-011	7.8743e-014	3.6369e-013	5.5832e-014	2.4257e-012	7.6434e-014	1.0824e-005	
"20.10.2023 14:41:13.823"	9.9302e-012	8.0063e-014	3.4731e-013	5.1201e-014	2.4273e-012	7.2918e-014	1.0798e-005	
"20.10.2023 14:41:14.107"	1.0034e-011	7.9720e-014	3.3828e-013	5.0069e-014	2.4247e-012	7.4494e-014	1.0798e-005	
"20.10.2023 14:41:14.390"	9.8888e-012	7.9576e-014	3.4914e-013	5.2171e-014	2.3779e-012	7.1439e-014	1.0798e-005	
"20.10.2023 14:41:14.674"	9.8798e-012	7.9774e-014	3.4914e-013	5.2462e-014	2.4957e-012	7.8106e-014	1.0798e-005	
"20.10.2023 14:41:14.957"	9.9139e-012	8.0951e-014	3.4305e-013	5.0568e-014	2.4489e-012	7.1877e-014	1.0760e-005	
"20.10.2023 14:41:15.241"	9.9572e-012	7.9271e-014	3.4742e-013	5.2783e-014	2.4191e-012	7.6056e-014	1.0760e-005	
"20.10.2023 14:41:15.524"	9.8604e-012	8.1544e-014	3.5084e-013	5.1582e-014	2.4160e-012	7.6269e-014	1.0760e-005	
"20.10.2023 14:41:15.807"	9.9690e-012	7.9757e-014	3.3730e-013	4.9678e-014	2.4093e-012	7.4292e-014	1.0760e-005	
"20.10.2023 14:41:16.091"	9.8884e-012	8.0367e-014	3.5057e-013	5.2485e-014	2.4078e-012	7.7677e-014	1.0758e-005	
"20.10.2023 14:41:16.374"	9.8042e-012	8.0815e-014	3.5043e-013	5.1562e-014	2.4844e-012	7.2884e-014	1.0758e-005	
"20.10.2023 14:41:16.658"	9.9123e-012	8.0655e-014	3.4076e-013	5.0247e-014	2.4381e-012	7.5031e-014	1.0758e-005	
"20.10.2023 14:41:16.942"	9.9082e-012	8.0942e-014	3.4888e-013	5.1573e-014	2.4612e-012	7.4391e-014	1.0758e-005	
"20.10.2023 14:41:17.225"	9.8068e-012	8.0315e-014	3.4629e-013	5.1544e-014	2.3677e-012	7.3297e-014	1.0752e-005	
"20.10.2023 14:41:17.509"	9.9593e-012	8.0277e-014	3.3602e-013	4.9807e-014	2.4186e-012	7.3496e-014	1.0752e-005	
"20.10.2023 14:41:17.792"	1.0232e-011	7.9435e-014	3.6325e-013	5.6167e-014	2.5435e-012	7.5889e-014	1.0752e-005	
"20.10.2023 14:41:18.076"	9.8267e-012	8.0848e-014	3.4725e-013	5.1195e-014	2.3511e-012	7.1693e-014	1.0752e-005	
"20.10.2023 14:41:18.359"	1.0009e-011	8.0059e-014	3.3503e-013	4.8158e-014	2.3584e-012	7.2068e-014	1.0799e-005	
"20.10.2023 14:41:18.642"	9.8333e-012	8.2566e-014	3.3637e-013	4.9079e-014	2.3892e-012	7.3884e-014	1.0799e-005	
"20.10.2023 14:41:18.926"	9.7155e-012	8.1150e-014	3.4097e-013	5.0379e-014	2.3383e-012	7.4923e-014	1.0799e-005	
"20.10.2023 14:41:19.209"	9.8104e-012	8.1041e-014	3.3777e-013	4.9132e-014	2.3728e-012	7.2910e-014	1.0628e-005	
"20.10.2023 14:41:19.493"	9.9501e-012	8.0790e-014	3.3569e-013	4.9161e-014	2.4083e-012	7.2978e-014	1.0628e-005	
"20.10.2023 14:41:19.776"	9.8440e-012	8.1271e-014	3.4841e-013	5.1568e-014	2.3558e-012	7.3844e-014	1.0628e-005	
"20.10.2023 14:41:20.059"	9.9317e-012	8.0179e-014	3.4543e-013	5.0830e-014	2.4262e-012	7.7575e-014	1.0628e-005	
"20.10.2023 14:41:20.343"	1.0069e-011	7.9674e-014	3.4087e-013	5.0320e-014	2.4356e-012	7.3399e-014	1.0696e-005	
"20.10.2023 14:41:20.626"	1.0094e-011	7.8895e-014	3.6214e-013	5.5805e-014	2.4248e-012	7.3911e-014	1.0696e-005	
"20.10.2023 14:41:20.910"	9.9261e-012	7.9416e-014	3.5183e-013	5.1315e-014	2.4170e-012	7.1356e-014	1.0696e-005	
"20.10.2023 14:41:21.194"	9.9603e-012	7.9960e-014	3.4072e-013	4.9370e-014	2.3939e-012	7.5094e-014	1.0696e-005	
"20.10.2023 14:41:21.477"	9.6533e-012	8.2409e-014	3.4151e-013	4.9343e-014	2.3403e-012	7.3893e-014	1.0744e-005	
"20.10.2023 14:41:21.760"	9.8042e-012	8.0440e-014	3.4473e-013	5.0413e-014	2.3671e-012	7.7486e-014	1.0744e-005	
"20.10.2023 14:41:22.044"	9.9450e-012	7.9852e-014	3.3658e-013	4.8638e-014	2.3836e-012	7.3798e-014	1.0744e-005	
"20.10.2023 14:41:22.327"	9.7650e-012	8.2274e-014	3.4743e-013	5.1122e-014	2.3635e-012	7.5736e-014	1.0744e-005	
"20.10.2023 14:41:22.612"	9.8644e-012	8.0847e-014	3.5115e-013	5.1533e-014	2.3707e-012	7.4356e-014	1.0656e-005	
"20.10.2023 14:41:22.896"	9.8144e-012	8.1617e-014	3.3439e-013	4.7966e-014	2.3537e-012	7.5087e-014	1.0656e-005	
"20.10.2023 14:41:23.181"	9.6926e-012	8.1070e-014	3.4065e-013	4.9800e-014	2.3991e-012	7.3928e-014	1.0656e-005	
