"Spectra International Data File"
"[Scan Data (Pressures in mbar)]"
"Time"	"Mass 2"	"Mass 8"	"Mass 4"	"Mass 12"	"Mass 40"	"Mass 43"	"CirrusPressure"	
"20.10.2023 14:53:32.420"	1.0888e-011	7.3545e-014	4.3339e-013	7.4795e-014	5.5719e-015	3.9697e-016	1.1024e-005	
"20.10.2023 14:53:32.704"	1.1200e-011	7.2866e-014	4.2670e-013	7.4754e-014	5.6601e-015	6.3777e-016	1.1024e-005	
"20.10.2023 14:53:32.987"	1.1043e-011	7.4383e-014	4.3845e-013	7.6625e-014	5.7900e-015	5.3764e-016	1.1093e-005	
"20.10.2023 14:53:33.271"	1.1119e-011	7.2008e-014	4.4093e-013	7.6316e-014	5.5993e-015	4.6015e-016	1.1093e-005	
"20.10.2023 14:53:33.554"	1.0997e-011	7.2341e-014	4.2425e-013	7.3681e-014	5.6732e-015	5.4002e-016	1.1093e-005	
"20.10.2023 14:53:33.837"	1.1027e-011	7.4544e-014	4.3591e-013	7.5897e-014	5.8663e-015	5.5671e-016	1.1093e-005	
"20.10.2023 14:53:34.121"	1.1048e-011	7.3613e-014	4.4064e-013	7.7112e-014	5.7483e-015	6.0559e-016	1.1112e-005	
"20.10.2023 14:53:34.404"	1.1536e-011	7.0153e-014	4.6025e-013	8.0511e-014	6.3241e-015	6.9022e-016	1.1112e-005	
"20.10.2023 14:53:34.688"	1.1122e-011	7.3582e-014	4.3883e-013	7.6760e-014	5.9438e-015	6.5565e-016	1.1112e-005	
"20.10.2023 14:53:34.971"	1.0769e-011	7.4921e-014	4.2552e-013	7.3755e-014	5.5850e-015	4.3631e-016	1.1207e-005	
"20.10.2023 14:53:35.255"	1.0985e-011	7.2571e-014	4.1819e-013	7.2298e-014	5.6589e-015	4.5061e-016	1.1207e-005	
"20.10.2023 14:53:35.538"	1.0938e-011	7.5837e-014	4.1926e-013	7.2817e-014	5.5814e-015	6.3777e-016	1.1207e-005	
"20.10.2023 14:53:35.821"	1.0750e-011	7.4303e-014	4.2579e-013	7.3744e-014	6.0272e-015	6.4612e-016	1.1207e-005	
"20.10.2023 14:53:36.105"	1.0876e-011	7.4416e-014	4.2605e-013	7.3830e-014	8.0848e-015	8.1540e-016	1.0938e-005	
"20.10.2023 14:53:36.389"	1.0839e-011	7.4580e-014	4.5260e-013	7.9420e-014	4.2905e-013	7.5264e-014	1.0938e-005	
"20.10.2023 14:53:36.672"	1.0451e-011	7.7329e-014	3.8857e-013	6.3943e-014	1.1209e-012	7.4171e-014	1.0938e-005	
"20.10.2023 14:53:36.955"	1.0339e-011	7.7821e-014	3.6304e-013	5.5846e-014	1.4378e-012	7.3257e-014	1.0938e-005	
"20.10.2023 14:53:37.239"	1.0270e-011	7.9127e-014	3.6075e-013	5.5131e-014	1.6148e-012	7.5800e-014	1.0899e-005	
"20.10.2023 14:53:37.524"	1.0184e-011	7.8805e-014	3.6480e-013	5.6529e-014	1.7164e-012	7.5726e-014	1.0899e-005	
"20.10.2023 14:53:37.807"	1.0204e-011	7.9252e-014	3.5786e-013	5.4221e-014	1.7619e-012	7.3632e-014	1.0899e-005	
"20.10.2023 14:53:38.092"	1.0282e-011	7.7987e-014	3.5511e-013	5.3953e-014	1.8751e-012	7.3247e-014	1.0899e-005	
"20.10.2023 14:53:38.375"	1.0070e-011	7.9520e-014	3.5237e-013	5.3411e-014	1.8818e-012	7.4992e-014	1.0876e-005	
"20.10.2023 14:53:38.660"	1.0618e-011	7.5519e-014	3.4847e-013	5.2306e-014	2.0046e-012	7.3312e-014	1.0876e-005	
"20.10.2023 14:53:38.944"	1.0285e-011	7.7561e-014	3.4498e-013	5.0266e-014	2.0567e-012	7.4538e-014	1.0876e-005	
"20.10.2023 14:53:39.227"	1.0100e-011	7.8875e-014	3.4043e-013	4.9509e-014	2.0196e-012	7.3477e-014	1.0876e-005	
"20.10.2023 14:53:39.511"	1.0161e-011	7.9400e-014	3.3766e-013	4.8298e-014	2.0104e-012	7.6408e-014	1.0953e-005	
"20.10.2023 14:53:39.794"	1.0147e-011	7.9480e-014	3.2775e-013	4.6442e-014	1.9953e-012	7.6457e-014	1.0953e-005	
"20.10.2023 14:53:40.078"	9.9534e-012	8.0986e-014	3.3155e-013	4.7301e-014	2.0073e-012	7.2244e-014	1.0953e-005	
"20.10.2023 14:53:40.361"	1.0046e-011	7.9636e-014	3.3520e-013	4.8061e-014	2.0320e-012	7.4501e-014	1.0953e-005	
"20.10.2023 14:53:40.645"	1.0105e-011	7.9619e-014	3.3643e-013	4.8498e-014	2.0655e-012	7.2917e-014	1.0835e-005	
"20.10.2023 14:53:40.928"	9.9864e-012	7.9953e-014	3.3482e-013	4.8408e-014	2.0072e-012	7.2012e-014	1.0835e-005	
"20.10.2023 14:53:41.212"	9.9839e-012	7.9844e-014	3.3755e-013	4.9116e-014	2.0310e-012	7.4350e-014	1.0835e-005	
"20.10.2023 14:53:41.495"	1.0080e-011	7.9972e-014	3.3158e-013	4.7511e-014	2.0680e-012	7.5317e-014	1.0792e-005	
"20.10.2023 14:53:41.779"	9.9625e-012	8.1106e-014	3.3866e-013	4.9391e-014	2.1330e-012	7.3579e-014	1.0792e-005	
"20.10.2023 14:53:42.062"	9.9793e-012	8.0058e-014	3.4186e-013	5.0004e-014	2.2051e-012	7.3993e-014	1.0792e-005	
"20.10.2023 14:53:42.346"	1.0016e-011	7.9471e-014	3.3400e-013	4.8483e-014	2.1645e-012	7.2875e-014	1.0792e-005	
"20.10.2023 14:53:42.629"	9.9528e-012	7.9717e-014	3.4164e-013	4.9649e-014	2.1794e-012	7.3587e-014	1.0784e-005	
"20.10.2023 14:53:42.912"	9.8538e-012	8.0490e-014	3.3760e-013	4.9927e-014	2.1686e-012	7.7188e-014	1.0784e-005	
"20.10.2023 14:53:43.196"	1.0008e-011	7.9607e-014	3.3818e-013	4.9236e-014	2.2397e-012	7.5713e-014	1.0784e-005	
"20.10.2023 14:53:43.479"	9.9599e-012	8.1814e-014	3.3728e-013	4.9353e-014	2.2474e-012	7.3927e-014	1.0784e-005	
"20.10.2023 14:53:43.763"	9.9355e-012	8.0858e-014	3.4578e-013	5.1112e-014	2.2150e-012	7.6401e-014	1.0750e-005	
"20.10.2023 14:53:44.046"	1.0223e-011	7.8513e-014	3.3546e-013	4.8864e-014	2.2721e-012	7.5569e-014	1.0750e-005	
"20.10.2023 14:53:44.329"	1.0120e-011	8.0951e-014	3.4655e-013	5.1604e-014	2.3452e-012	7.5189e-014	1.0750e-005	
"20.10.2023 14:53:44.613"	1.0013e-011	7.9319e-014	3.5054e-013	5.2271e-014	2.2968e-012	7.3562e-014	1.0750e-005	
"20.10.2023 14:53:44.896"	9.9829e-012	7.9966e-014	3.3552e-013	4.8825e-014	2.2752e-012	7.3406e-014	1.0781e-005	
"20.10.2023 14:53:45.180"	1.0127e-011	8.0752e-014	3.4258e-013	5.0446e-014	2.3333e-012	7.4928e-014	1.0781e-005	
"20.10.2023 14:53:45.464"	9.9793e-012	8.0082e-014	3.4818e-013	5.2239e-014	2.2912e-012	7.2979e-014	1.0781e-005	
"20.10.2023 14:53:45.747"	9.9865e-012	8.0076e-014	3.4688e-013	5.1842e-014	2.4398e-012	7.0869e-014	1.0781e-005	
"20.10.2023 14:53:46.030"	1.0081e-011	8.0026e-014	3.4114e-013	5.0886e-014	2.3776e-012	6.9483e-014	1.0787e-005	
"20.10.2023 14:53:46.314"	9.9717e-012	8.0319e-014	3.5074e-013	5.2498e-014	2.4095e-012	7.5020e-014	1.0787e-005	
"20.10.2023 14:53:46.597"	9.9421e-012	8.0238e-014	3.4388e-013	5.0473e-014	2.2989e-012	7.2488e-014	1.0787e-005	
"20.10.2023 14:53:46.881"	1.0277e-011	7.8619e-014	3.4045e-013	5.0036e-014	2.3525e-012	7.5021e-014	1.0787e-005	
"20.10.2023 14:53:47.164"	9.9268e-012	7.9866e-014	3.4894e-013	5.2089e-014	2.3359e-012	7.2982e-014	1.0828e-005	
"20.10.2023 14:53:47.448"	1.0288e-011	7.8394e-014	3.5598e-013	5.2742e-014	2.3724e-012	7.5578e-014	1.0828e-005	
"20.10.2023 14:53:47.731"	1.0289e-011	7.7999e-014	3.4107e-013	5.0446e-014	2.3771e-012	7.4508e-014	1.0828e-005	
"20.10.2023 14:53:48.014"	1.0043e-011	7.9645e-014	3.5883e-013	5.4492e-014	2.3617e-012	7.2059e-014	1.0833e-005	
"20.10.2023 14:53:48.298"	1.0285e-011	7.7724e-014	3.6108e-013	5.4000e-014	2.3854e-012	7.6188e-014	1.0833e-005	
"20.10.2023 14:53:48.581"	9.9192e-012	8.0175e-014	3.3673e-013	4.9504e-014	2.3652e-012	7.2531e-014	1.0833e-005	
"20.10.2023 14:53:48.865"	9.9095e-012	8.1244e-014	3.4462e-013	5.1517e-014	2.4018e-012	7.2881e-014	1.0833e-005	
"20.10.2023 14:53:49.148"	9.8269e-012	8.1338e-014	3.4269e-013	5.0960e-014	2.4121e-012	7.3054e-014	1.0791e-005	
"20.10.2023 14:53:49.432"	9.8865e-012	8.0865e-014	3.4580e-013	5.1698e-014	2.4651e-012	7.4687e-014	1.0791e-005	
"20.10.2023 14:53:49.716"	9.8835e-012	8.2066e-014	3.4299e-013	5.0200e-014	2.3956e-012	7.4589e-014	1.0791e-005	
"20.10.2023 14:53:49.999"	9.7988e-012	8.2051e-014	3.4124e-013	5.0677e-014	2.3195e-012	7.2524e-014	1.0791e-005	
"20.10.2023 14:53:50.282"	9.9273e-012	8.0142e-014	3.3949e-013	5.0080e-014	2.3812e-012	7.4594e-014	1.0716e-005	
"20.10.2023 14:53:50.566"	9.9992e-012	8.1616e-014	3.4367e-013	5.0533e-014	2.3951e-012	7.3698e-014	1.0716e-005	
"20.10.2023 14:53:50.849"	9.7534e-012	8.1792e-014	3.3948e-013	5.0493e-014	2.3159e-012	7.4645e-014	1.0716e-005	
"20.10.2023 14:53:51.133"	9.8682e-012	8.1357e-014	3.4155e-013	4.9616e-014	2.3684e-012	7.2532e-014	1.0716e-005	
"20.10.2023 14:53:51.416"	1.0013e-011	8.1284e-014	3.3910e-013	4.9492e-014	2.3776e-012	7.6623e-014	1.0723e-005	
"20.10.2023 14:53:51.699"	9.7239e-012	8.2026e-014	3.4035e-013	5.0426e-014	2.3179e-012	7.5567e-014	1.0723e-005	
"20.10.2023 14:53:51.983"	9.8926e-012	8.0735e-014	3.4256e-013	4.9589e-014	2.3426e-012	7.5153e-014	1.0723e-005	
"20.10.2023 14:53:52.266"	9.8840e-012	8.0846e-014	3.3112e-013	4.8474e-014	2.3627e-012	7.3037e-014	1.0723e-005	
"20.10.2023 14:53:52.551"	9.7065e-012	8.1298e-014	3.4119e-013	4.9623e-014	2.3745e-012	7.3571e-014	1.0655e-005	
"20.10.2023 14:53:52.835"	9.7891e-012	8.0818e-014	3.4401e-013	4.9998e-014	2.4023e-012	7.4396e-014	1.0655e-005	
"20.10.2023 14:53:53.119"	1.0162e-011	8.1448e-014	3.4444e-013	5.0522e-014	2.4007e-012	7.3587e-014	1.0655e-005	
"20.10.2023 14:53:53.402"	1.0017e-011	7.9855e-014	3.5351e-013	5.3416e-014	2.3535e-012	7.4067e-014	1.0655e-005	
"20.10.2023 14:53:53.687"	1.0175e-011	7.9400e-014	3.4561e-013	5.0149e-014	2.3822e-012	7.3817e-014	1.0633e-005	
"20.10.2023 14:53:53.972"	9.9819e-012	8.0597e-014	3.5268e-013	5.3693e-014	2.5206e-012	7.2541e-014	1.0633e-005	
"20.10.2023 14:53:54.256"	9.7264e-012	8.0945e-014	3.4210e-013	5.0292e-014	2.3509e-012	7.6759e-014	1.0633e-005	
"20.10.2023 14:53:54.539"	1.0020e-011	8.0829e-014	3.3792e-013	4.8834e-014	2.3287e-012	7.3948e-014	1.0633e-005	
"20.10.2023 14:53:54.823"	1.0059e-011	8.1181e-014	3.3834e-013	4.8858e-014	2.3555e-012	7.5150e-014	1.0676e-005	
"20.10.2023 14:53:55.106"	9.7473e-012	8.1081e-014	3.4367e-013	5.0625e-014	2.3292e-012	7.2959e-014	1.0676e-005	
"20.10.2023 14:53:55.389"	9.7167e-012	8.1815e-014	3.3948e-013	4.9459e-014	2.3061e-012	7.6249e-014	1.0676e-005	
"20.10.2023 14:53:55.673"	9.7957e-012	8.0860e-014	3.3864e-013	4.8273e-014	2.3498e-012	7.3418e-014	1.0589e-005	
"20.10.2023 14:53:55.956"	9.7249e-012	8.1696e-014	3.4002e-013	4.9952e-014	2.3915e-012	7.4233e-014	1.0589e-005	
"20.10.2023 14:53:56.240"	9.7708e-012	8.1805e-014	3.4268e-013	5.0597e-014	2.3349e-012	7.4368e-014	1.0589e-005	
"20.10.2023 14:53:56.523"	9.9559e-012	7.9904e-014	3.3571e-013	4.8583e-014	2.3586e-012	7.4088e-014	1.0589e-005	
"20.10.2023 14:53:56.807"	9.7867e-012	8.1284e-014	3.4051e-013	5.1002e-014	2.3993e-012	7.3571e-014	1.0644e-005	
"20.10.2023 14:53:57.090"	9.9584e-012	7.9935e-014	3.5070e-013	5.3054e-014	2.3688e-012	7.3043e-014	1.0644e-005	
"20.10.2023 14:53:57.373"	9.9033e-012	8.0561e-014	3.4658e-013	5.2479e-014	2.5056e-012	7.7152e-014	1.0644e-005	
"20.10.2023 14:53:57.657"	9.9936e-012	8.0220e-014	3.4713e-013	5.2471e-014	2.4347e-012	7.4494e-014	1.0644e-005	
"20.10.2023 14:53:57.940"	9.9253e-012	8.1036e-014	3.4730e-013	5.2436e-014	2.3287e-012	7.5534e-014	1.0720e-005	
"20.10.2023 14:53:58.224"	1.0090e-011	7.9229e-014	3.3681e-013	4.8923e-014	2.3663e-012	7.7464e-014	1.0720e-005	
"20.10.2023 14:53:58.507"	9.9003e-012	8.1443e-014	3.4785e-013	5.0673e-014	2.4105e-012	7.5184e-014	1.0720e-005	
"20.10.2023 14:53:58.791"	1.0131e-011	7.9490e-014	3.5763e-013	5.4965e-014	2.3807e-012	7.5058e-014	1.0720e-005	
"20.10.2023 14:53:59.074"	9.8218e-012	8.1146e-014	3.3569e-013	4.9777e-014	2.3971e-012	7.5682e-014	1.0664e-005	
"20.10.2023 14:53:59.358"	9.8769e-012	8.0712e-014	3.4719e-013	5.1754e-014	2.4281e-012	7.4601e-014	1.0664e-005	
"20.10.2023 14:53:59.641"	1.0064e-011	7.9953e-014	3.5476e-013	5.4477e-014	2.3642e-012	7.5097e-014	1.0664e-005	
"20.10.2023 14:53:59.925"	9.8621e-012	8.0990e-014	3.4495e-013	5.1570e-014	2.5016e-012	7.3111e-014	1.0664e-005	
"20.10.2023 14:54:00.208"	9.9197e-012	7.9912e-014	3.3558e-013	4.9151e-014	2.3776e-012	7.4083e-014	1.0624e-005	
"20.10.2023 14:54:00.492"	9.7153e-012	8.1289e-014	3.4339e-013	5.0283e-014	2.3957e-012	7.4327e-014	1.0624e-005	
"20.10.2023 14:54:00.775"	9.8952e-012	8.0492e-014	3.4759e-013	5.1673e-014	2.5067e-012	7.4541e-014	1.0624e-005	
"20.10.2023 14:54:01.058"	9.9487e-012	7.9737e-014	3.3944e-013	4.9552e-014	2.3807e-012	7.3578e-014	1.0624e-005	
"20.10.2023 14:54:01.342"	9.8264e-012	8.1131e-014	3.4801e-013	5.1661e-014	2.3699e-012	7.6121e-014	1.0661e-005	
"20.10.2023 14:54:01.625"	9.8391e-012	8.0679e-014	3.4592e-013	5.0200e-014	2.3539e-012	7.4659e-014	1.0661e-005	
"20.10.2023 14:54:01.909"	9.9727e-012	8.0052e-014	3.3960e-013	4.9600e-014	2.3827e-012	7.5980e-014	1.0661e-005	
"20.10.2023 14:54:02.192"	9.8432e-012	7.9995e-014	3.4768e-013	5.1667e-014	2.3648e-012	7.6406e-014	1.0708e-005	
"20.10.2023 14:54:02.476"	9.8346e-012	8.0099e-014	3.4655e-013	5.2022e-014	2.4774e-012	7.5085e-014	1.0708e-005	
"20.10.2023 14:54:02.759"	9.9635e-012	8.0133e-014	3.4283e-013	5.0651e-014	2.4394e-012	7.3611e-014	1.0708e-005	
"20.10.2023 14:54:03.042"	9.8845e-012	8.0858e-014	3.5063e-013	5.2389e-014	2.4543e-012	7.3454e-014	1.0708e-005	
"20.10.2023 14:54:03.326"	9.8361e-012	8.1029e-014	3.4452e-013	5.1303e-014	2.3617e-012	7.5133e-014	1.0727e-005	
"20.10.2023 14:54:03.610"	1.0236e-011	7.8159e-014	3.4486e-013	5.0336e-014	2.4167e-012	7.4927e-014	1.0727e-005	
"20.10.2023 14:54:03.893"	1.0055e-011	7.9691e-014	3.6080e-013	5.4295e-014	2.4409e-012	7.4046e-014	1.0727e-005	
"20.10.2023 14:54:04.176"	1.0012e-011	7.9651e-014	3.5300e-013	5.3531e-014	2.4954e-012	7.3647e-014	1.0727e-005	
"20.10.2023 14:54:04.460"	1.0190e-011	7.8677e-014	3.4592e-013	5.1598e-014	2.4435e-012	7.3750e-014	1.0777e-005	
"20.10.2023 14:54:04.743"	9.8442e-012	8.2658e-014	3.4101e-013	4.9571e-014	2.3894e-012	7.5705e-014	1.0777e-005	
"20.10.2023 14:54:05.027"	9.8009e-012	8.0865e-014	3.4206e-013	5.1084e-014	2.4455e-012	7.3822e-014	1.0777e-005	
"20.10.2023 14:54:05.310"	9.8763e-012	8.0947e-014	3.4080e-013	4.9662e-014	2.3956e-012	7.2941e-014	1.0777e-005	
"20.10.2023 14:54:05.594"	1.0000e-011	8.1315e-014	3.4673e-013	5.0721e-014	2.4511e-012	7.2061e-014	1.0712e-005	
"20.10.2023 14:54:05.877"	9.8131e-012	8.1487e-014	3.4490e-013	5.1282e-014	2.3467e-012	7.7549e-014	1.0712e-005	
"20.10.2023 14:54:06.160"	1.0222e-011	7.8576e-014	3.4469e-013	5.0251e-014	2.4111e-012	7.4507e-014	1.0712e-005	
"20.10.2023 14:54:06.444"	1.0124e-011	7.9172e-014	3.5790e-013	5.4205e-014	2.5411e-012	7.2959e-014	1.0712e-005	
"20.10.2023 14:54:06.727"	9.9386e-012	8.0035e-014	3.5174e-013	5.2669e-014	2.4491e-012	7.5705e-014	1.0752e-005	
"20.10.2023 14:54:07.011"	1.0105e-011	7.8810e-014	3.4656e-013	5.1807e-014	2.4218e-012	7.1456e-014	1.0752e-005	
"20.10.2023 14:54:07.294"	9.9503e-012	8.0293e-014	3.4159e-013	5.0365e-014	2.4188e-012	7.0990e-014	1.0752e-005	
"20.10.2023 14:54:07.579"	9.8539e-012	8.0413e-014	3.4463e-013	5.1676e-014	2.4064e-012	7.1499e-014	1.0752e-005	
"20.10.2023 14:54:07.863"	9.9931e-012	7.9460e-014	3.5045e-013	5.1972e-014	2.4404e-012	7.1924e-014	1.0798e-005	
"20.10.2023 14:54:08.147"	1.0077e-011	7.9353e-014	3.4173e-013	5.0081e-014	2.4151e-012	7.4579e-014	1.0798e-005	
"20.10.2023 14:54:08.431"	1.0025e-011	7.9452e-014	3.6188e-013	5.4986e-014	2.3930e-012	7.4995e-014	1.0798e-005	
"20.10.2023 14:54:08.716"	1.0027e-011	7.9129e-014	3.5512e-013	5.2469e-014	2.4959e-012	7.4108e-014	1.0798e-005	
"20.10.2023 14:54:09.000"	1.0248e-011	7.7899e-014	3.4869e-013	5.2090e-014	2.4687e-012	7.4531e-014	1.0779e-005	
"20.10.2023 14:54:09.284"	9.7188e-012	8.2080e-014	3.4477e-013	5.0260e-014	2.3853e-012	7.4625e-014	1.0779e-005	
"20.10.2023 14:54:09.567"	9.7473e-012	8.1375e-014	3.4184e-013	5.0092e-014	2.4229e-012	7.3971e-014	1.0779e-005	
"20.10.2023 14:54:09.850"	9.8814e-012	8.0996e-014	3.4834e-013	5.2510e-014	2.4939e-012	7.6490e-014	1.0726e-005	
"20.10.2023 14:54:10.134"	9.8305e-012	8.1159e-014	3.4655e-013	5.1871e-014	2.3457e-012	7.4146e-014	1.0726e-005	
"20.10.2023 14:54:10.417"	1.0008e-011	7.9586e-014	3.4816e-013	5.0962e-014	2.3339e-012	7.3698e-014	1.0726e-005	
"20.10.2023 14:54:10.701"	1.0067e-011	7.9450e-014	3.3598e-013	4.8677e-014	2.3612e-012	7.5115e-014	1.0726e-005	
"20.10.2023 14:54:10.984"	9.6806e-012	8.1544e-014	3.4155e-013	5.0100e-014	2.4091e-012	7.2062e-014	1.0627e-005	
"20.10.2023 14:54:11.268"	9.7606e-012	8.1686e-014	3.4093e-013	5.0810e-014	2.3648e-012	7.3954e-014	1.0627e-005	
"20.10.2023 14:54:11.551"	9.8652e-012	8.0607e-014	3.3774e-013	4.9497e-014	2.3777e-012	7.4432e-014	1.0627e-005	
"20.10.2023 14:54:11.834"	9.8401e-012	8.1950e-014	3.4124e-013	4.9767e-014	2.3787e-012	7.1241e-014	1.0627e-005	
"20.10.2023 14:54:12.118"	9.8422e-012	8.1113e-014	3.4569e-013	5.1571e-014	2.4651e-012	7.5986e-014	1.0649e-005	
"20.10.2023 14:54:12.402"	9.8845e-012	8.0504e-014	3.4013e-013	5.0221e-014	2.4178e-012	7.6174e-014	1.0649e-005	
"20.10.2023 14:54:12.685"	1.0038e-011	7.9991e-014	3.5873e-013	5.5311e-014	2.4826e-012	7.3579e-014	1.0649e-005	
"20.10.2023 14:54:12.968"	9.8065e-012	8.1407e-014	3.4263e-013	5.1375e-014	2.3674e-012	7.2709e-014	1.0649e-005	
"20.10.2023 14:54:13.252"	1.0007e-011	8.0529e-014	3.4599e-013	5.0878e-014	2.4239e-012	7.8541e-014	1.0707e-005	
"20.10.2023 14:54:13.535"	1.0071e-011	8.1923e-014	3.4680e-013	5.1580e-014	2.4558e-012	7.3990e-014	1.0707e-005	
"20.10.2023 14:54:13.819"	1.0166e-011	7.8928e-014	3.5868e-013	5.5475e-014	2.4280e-012	7.2580e-014	1.0707e-005	
"20.10.2023 14:54:14.102"	9.9498e-012	8.0464e-014	3.4092e-013	5.0103e-014	2.3879e-012	7.5581e-014	1.0707e-005	
"20.10.2023 14:54:14.386"	1.0156e-011	8.1340e-014	3.4602e-013	5.1207e-014	2.4553e-012	7.5538e-014	1.0793e-005	
"20.10.2023 14:54:14.669"	1.0121e-011	7.9404e-014	3.5993e-013	5.5470e-014	2.4039e-012	7.2799e-014	1.0793e-005	
"20.10.2023 14:54:14.952"	1.0162e-011	7.8789e-014	3.4251e-013	5.0136e-014	2.3982e-012	7.4115e-014	1.0793e-005	
"20.10.2023 14:54:15.236"	9.9890e-012	8.0109e-014	3.5492e-013	5.4149e-014	2.5422e-012	7.6595e-014	1.0793e-005	
"20.10.2023 14:54:15.519"	9.8361e-012	8.0732e-014	3.4571e-013	5.1650e-014	2.4522e-012	7.6997e-014	1.0778e-005	
"20.10.2023 14:54:15.803"	1.0019e-011	7.9892e-014	3.5483e-013	5.3344e-014	2.5258e-012	7.1411e-014	1.0778e-005	
"20.10.2023 14:54:16.086"	9.9610e-012	8.0496e-014	3.3623e-013	4.9650e-014	2.3853e-012	7.5564e-014	1.0778e-005	
"20.10.2023 14:54:16.370"	9.8024e-012	8.1798e-014	3.4691e-013	5.1408e-014	2.3900e-012	7.3927e-014	1.0766e-005	
"20.10.2023 14:54:16.653"	9.8391e-012	8.0908e-014	3.4213e-013	5.0667e-014	2.3560e-012	7.3510e-014	1.0766e-005	
"20.10.2023 14:54:16.937"	9.9794e-012	8.0089e-014	3.4052e-013	4.9741e-014	2.3828e-012	7.5103e-014	1.0766e-005	
"20.10.2023 14:54:17.220"	9.8381e-012	8.0569e-014	3.4767e-013	5.1580e-014	2.3725e-012	7.6581e-014	1.0766e-005	
"20.10.2023 14:54:17.504"	9.8121e-012	8.1346e-014	3.4586e-013	5.1103e-014	2.4625e-012	7.2063e-014	1.0696e-005	
"20.10.2023 14:54:17.787"	9.9121e-012	8.1081e-014	3.4257e-013	5.1385e-014	2.4476e-012	7.4519e-014	1.0696e-005	
"20.10.2023 14:54:18.071"	9.9126e-012	8.1058e-014	3.4871e-013	5.1886e-014	2.3292e-012	7.5576e-014	1.0696e-005	
"20.10.2023 14:54:18.354"	9.8172e-012	8.1162e-014	3.4519e-013	5.0799e-014	2.3323e-012	7.4210e-014	1.0696e-005	
"20.10.2023 14:54:18.637"	1.0216e-011	7.8924e-014	3.4141e-013	5.0211e-014	2.4100e-012	7.4654e-014	1.0646e-005	
"20.10.2023 14:54:18.921"	9.9054e-012	8.0533e-014	3.4585e-013	5.1682e-014	2.4280e-012	7.3009e-014	1.0646e-005	
"20.10.2023 14:54:19.204"	9.9325e-012	8.0507e-014	3.5109e-013	5.2537e-014	2.3329e-012	7.3227e-014	1.0646e-005	
"20.10.2023 14:54:19.488"	1.0166e-011	7.8957e-014	3.3785e-013	4.9500e-014	2.3895e-012	7.4594e-014	1.0646e-005	
"20.10.2023 14:54:19.771"	9.9600e-012	8.0250e-014	3.5523e-013	5.4286e-014	2.4903e-012	7.4488e-014	1.0698e-005	
"20.10.2023 14:54:20.054"	9.7300e-012	8.0895e-014	3.4030e-013	5.0262e-014	2.3756e-012	7.1670e-014	1.0698e-005	
"20.10.2023 14:54:20.338"	9.7815e-012	8.0778e-014	3.4456e-013	5.0709e-014	2.4646e-012	7.4627e-014	1.0698e-005	
"20.10.2023 14:54:20.621"	9.9798e-012	7.9968e-014	3.5715e-013	5.4204e-014	2.5185e-012	7.2695e-014	1.0698e-005	
"20.10.2023 14:54:20.905"	9.7545e-012	8.1493e-014	3.3975e-013	5.0345e-014	2.3745e-012	7.4548e-014	1.0643e-005	
"20.10.2023 14:54:21.188"	9.9824e-012	8.0568e-014	3.4714e-013	5.1577e-014	2.4224e-012	7.2922e-014	1.0643e-005	
"20.10.2023 14:54:21.472"	1.0252e-011	7.9598e-014	3.4749e-013	5.1687e-014	2.4625e-012	7.4516e-014	1.0643e-005	
"20.10.2023 14:54:21.756"	9.9895e-012	7.9500e-014	3.5541e-013	5.3241e-014	2.5021e-012	7.2494e-014	1.0643e-005	
"20.10.2023 14:54:22.039"	9.9513e-012	7.9657e-014	3.4913e-013	5.0477e-014	2.3884e-012	7.5045e-014	1.0765e-005	
"20.10.2023 14:54:22.322"	1.0217e-011	8.0176e-014	3.4626e-013	5.0668e-014	2.4301e-012	7.2476e-014	1.0765e-005	
"20.10.2023 14:54:22.607"	9.9758e-012	8.0045e-014	3.5421e-013	5.3451e-014	2.5031e-012	7.5721e-014	1.0765e-005	
"20.10.2023 14:54:22.891"	9.9946e-012	7.9078e-014	3.4470e-013	5.1166e-014	2.3843e-012	7.2922e-014	1.0765e-005	
"20.10.2023 14:54:23.174"	9.9181e-012	8.0731e-014	3.4798e-013	5.2976e-014	2.5031e-012	7.4347e-014	1.0804e-005	
"20.10.2023 14:54:23.458"	9.9701e-012	7.9787e-014	3.5861e-013	5.4581e-014	2.3796e-012	7.3473e-014	1.0804e-005	
"20.10.2023 14:54:23.743"	9.8697e-012	8.1016e-014	3.4821e-013	5.1521e-014	2.4965e-012	7.2366e-014	1.0804e-005	
"20.10.2023 14:54:24.027"	9.9013e-012	8.0897e-014	3.3571e-013	4.8967e-014	2.3719e-012	7.5452e-014	1.0703e-005	
"20.10.2023 14:54:24.311"	9.6907e-012	8.1755e-014	3.4197e-013	5.0429e-014	2.3447e-012	7.3121e-014	1.0703e-005	
"20.10.2023 14:54:24.594"	9.8672e-012	8.0432e-014	3.4676e-013	5.1499e-014	2.3498e-012	7.6626e-014	1.0703e-005	
"20.10.2023 14:54:24.878"	1.0180e-011	7.8414e-014	3.4215e-013	5.0098e-014	2.4075e-012	7.8307e-014	1.0703e-005	
"20.10.2023 14:54:25.161"	9.6999e-012	8.1793e-014	3.4163e-013	5.0220e-014	2.3658e-012	7.3651e-014	1.0672e-005	
"20.10.2023 14:54:25.445"	9.7876e-012	8.1406e-014	3.4233e-013	5.1092e-014	2.3498e-012	7.3455e-014	1.0672e-005	
