"Spectra International Data File"
"[Scan Data (Pressures in mbar)]"
"Time"	"Mass 2"	"Mass 8"	"Mass 4"	"Mass 12"	"Mass 40"	"Mass 43"	"CirrusPressure"	
"20.10.2023 15:17:59.704"	1.1282e-011	7.2724e-014	3.2434e-013	4.5364e-014	1.4198e-015	1.6213e-016	1.1513e-005	
"20.10.2023 15:17:59.988"	1.1832e-011	6.8097e-014	3.3979e-013	4.9393e-014	1.5283e-015	1.9312e-016	1.1436e-005	
"20.10.2023 15:18:00.271"	1.1467e-011	7.0792e-014	3.2179e-013	4.4768e-014	1.4806e-015	2.4676e-016	1.1436e-005	
"20.10.2023 15:18:00.554"	1.1464e-011	7.0370e-014	3.3481e-013	4.8316e-014	1.5235e-015	2.4557e-016	1.1436e-005	
"20.10.2023 15:18:00.838"	1.1322e-011	7.1479e-014	3.2834e-013	4.6641e-014	1.6069e-015	4.1962e-016	1.1436e-005	
"20.10.2023 15:18:01.121"	1.1436e-011	7.1308e-014	3.2019e-013	4.3879e-014	1.4973e-015	1.6093e-016	1.1482e-005	
"20.10.2023 15:18:01.405"	1.1549e-011	7.0885e-014	3.3218e-013	4.7597e-014	1.5807e-015	3.5763e-016	1.1482e-005	
"20.10.2023 15:18:01.689"	1.1299e-011	7.2470e-014	3.2755e-013	4.6125e-014	1.5080e-015	2.3246e-016	1.1482e-005	
"20.10.2023 15:18:01.972"	1.1543e-011	6.9740e-014	3.2338e-013	4.4872e-014	1.5032e-015	2.8014e-016	1.1448e-005	
"20.10.2023 15:18:02.256"	1.1702e-011	6.8698e-014	3.4746e-013	5.1527e-014	1.6677e-015	1.7881e-016	1.1448e-005	
"20.10.2023 15:18:02.539"	1.1427e-011	7.1265e-014	3.3101e-013	4.7692e-014	1.3840e-015	2.0385e-016	1.1448e-005	
"20.10.2023 15:18:02.822"	1.1484e-011	7.0994e-014	3.3722e-013	4.7194e-014	1.5879e-015	2.9445e-016	1.1448e-005	
"20.10.2023 15:18:03.106"	1.1531e-011	7.0542e-014	3.2919e-013	4.6103e-014	1.4007e-015	2.4319e-016	1.1484e-005	
"20.10.2023 15:18:03.389"	1.1594e-011	6.9974e-014	3.4249e-013	4.9495e-014	1.5414e-015	2.8134e-016	1.1484e-005	
"20.10.2023 15:18:03.673"	1.1427e-011	7.1012e-014	3.2920e-013	4.5779e-014	1.3876e-015	1.1325e-016	1.1484e-005	
"20.10.2023 15:18:03.956"	1.2124e-011	6.8330e-014	3.3253e-013	4.8193e-014	1.8239e-015	1.8597e-016	1.1484e-005	
"20.10.2023 15:18:04.240"	1.1346e-011	7.1607e-014	3.3207e-013	4.7215e-014	1.4198e-015	1.5855e-016	1.1524e-005	
"20.10.2023 15:18:04.523"	1.1781e-011	6.8251e-014	3.3306e-013	4.6808e-014	1.5652e-015	2.0504e-016	1.1524e-005	
"20.10.2023 15:18:04.806"	1.1542e-011	6.9758e-014	3.2870e-013	4.6634e-014	1.4806e-015	1.8597e-016	1.1524e-005	
"20.10.2023 15:18:05.090"	1.1471e-011	7.0242e-014	3.3350e-013	4.7844e-014	1.4103e-015	1.7524e-016	1.1524e-005	
"20.10.2023 15:18:05.373"	1.1278e-011	7.2549e-014	3.2730e-013	4.6286e-014	1.4532e-015	3.3498e-016	1.1513e-005	
"20.10.2023 15:18:05.657"	1.1443e-011	7.0968e-014	3.1834e-013	4.4092e-014	1.3590e-015	2.9326e-016	1.1513e-005	
"20.10.2023 15:18:05.941"	1.1390e-011	7.1937e-014	3.3111e-013	4.7081e-014	1.6332e-015	2.3604e-016	1.1513e-005	
"20.10.2023 15:18:06.224"	1.1527e-011	7.0740e-014	3.3629e-013	4.8304e-014	1.6105e-015	4.1485e-016	1.1513e-005	
"20.10.2023 15:18:06.507"	1.1816e-011	6.8382e-014	3.2831e-013	4.6654e-014	1.5819e-015	3.0995e-016	1.1434e-005	
"20.10.2023 15:18:06.791"	1.1405e-011	7.2389e-014	3.2407e-013	4.5742e-014	1.4877e-015	2.3246e-016	1.1434e-005	
"20.10.2023 15:18:07.074"	1.1608e-011	7.0108e-014	3.3807e-013	4.9280e-014	1.6630e-015	1.8597e-016	1.1434e-005	
"20.10.2023 15:18:07.358"	1.1511e-011	6.9005e-014	3.2045e-013	4.4470e-014	1.4544e-015	3.6359e-016	1.1434e-005	
"20.10.2023 15:18:07.641"	1.1653e-011	7.1979e-014	3.3304e-013	4.7535e-014	1.5128e-015	9.5368e-017	1.1536e-005	
"20.10.2023 15:18:07.924"	1.1387e-011	7.1030e-014	3.3050e-013	4.7208e-014	1.5450e-015	2.5153e-016	1.1536e-005	
"20.10.2023 15:18:08.208"	1.2074e-011	6.6551e-014	3.3287e-013	4.8191e-014	2.5202e-014	2.6035e-015	1.1536e-005	
"20.10.2023 15:18:08.493"	1.1447e-011	7.3186e-014	3.0755e-013	4.1241e-014	5.6561e-013	9.2801e-014	1.1536e-005	
"20.10.2023 15:18:08.776"	1.0921e-011	7.4175e-014	2.8177e-013	3.5046e-014	9.9757e-013	7.3871e-014	1.1538e-005	
"20.10.2023 15:18:09.060"	1.0846e-011	7.5075e-014	2.7319e-013	3.2617e-014	1.1743e-012	7.2028e-014	1.1538e-005	
"20.10.2023 15:18:09.344"	1.0909e-011	7.4002e-014	2.7528e-013	3.2690e-014	1.2702e-012	7.1158e-014	1.1538e-005	
"20.10.2023 15:18:09.627"	1.0931e-011	7.2613e-014	2.8420e-013	3.4869e-014	1.3255e-012	7.4053e-014	1.1339e-005	
"20.10.2023 15:18:09.911"	1.0926e-011	7.4946e-014	2.6684e-013	3.0977e-014	1.3783e-012	7.4606e-014	1.1339e-005	
"20.10.2023 15:18:10.195"	1.0980e-011	7.5956e-014	2.5872e-013	3.0100e-014	1.4666e-012	7.6460e-014	1.1339e-005	
"20.10.2023 15:18:10.479"	1.0609e-011	7.6387e-014	2.5854e-013	2.9563e-014	1.4771e-012	7.2943e-014	1.1339e-005	
"20.10.2023 15:18:10.762"	1.0791e-011	7.4388e-014	2.5718e-013	2.8930e-014	1.4994e-012	7.5096e-014	1.1260e-005	
"20.10.2023 15:18:11.046"	1.1221e-011	7.2861e-014	2.5572e-013	2.9345e-014	1.5321e-012	7.2629e-014	1.1260e-005	
"20.10.2023 15:18:11.329"	1.0861e-011	7.4000e-014	2.6473e-013	3.1088e-014	1.4868e-012	7.4411e-014	1.1260e-005	
"20.10.2023 15:18:11.612"	1.1009e-011	7.2968e-014	2.5908e-013	2.8975e-014	1.4874e-012	7.3418e-014	1.1260e-005	
"20.10.2023 15:18:11.896"	1.0967e-011	7.5164e-014	2.5130e-013	2.8595e-014	1.5015e-012	7.3870e-014	1.1303e-005	
"20.10.2023 15:18:12.179"	1.0540e-011	7.6787e-014	2.5771e-013	2.9574e-014	1.5196e-012	7.6611e-014	1.1303e-005	
"20.10.2023 15:18:12.463"	1.0736e-011	7.5395e-014	2.6464e-013	3.0767e-014	1.5372e-012	7.3713e-014	1.1303e-005	
"20.10.2023 15:18:12.746"	1.1190e-011	7.2711e-014	2.6315e-013	3.0738e-014	1.6301e-012	7.3909e-014	1.1303e-005	
"20.10.2023 15:18:13.029"	1.0616e-011	7.6652e-014	2.6202e-013	3.0414e-014	1.6358e-012	7.4535e-014	1.1273e-005	
"20.10.2023 15:18:13.313"	1.0557e-011	7.6026e-014	2.6280e-013	3.0947e-014	1.6420e-012	7.6406e-014	1.1273e-005	
"20.10.2023 15:18:13.596"	1.0807e-011	7.4543e-014	2.7338e-013	3.1884e-014	1.7559e-012	7.3686e-014	1.1273e-005	
"20.10.2023 15:18:13.880"	1.0690e-011	7.7019e-014	2.6551e-013	3.1330e-014	1.7461e-012	7.4708e-014	1.1273e-005	
"20.10.2023 15:18:14.163"	1.0639e-011	7.5720e-014	2.7034e-013	3.1828e-014	1.6876e-012	7.5742e-014	1.1238e-005	
"20.10.2023 15:18:14.447"	1.0744e-011	7.6321e-014	2.5945e-013	2.9626e-014	1.7016e-012	7.5111e-014	1.1238e-005	
"20.10.2023 15:18:14.730"	1.0568e-011	7.7252e-014	2.6016e-013	3.0476e-014	1.7388e-012	7.3174e-014	1.1238e-005	
"20.10.2023 15:18:15.014"	1.0520e-011	7.6120e-014	2.6493e-013	3.1262e-014	1.7533e-012	7.4364e-014	1.1238e-005	
"20.10.2023 15:18:15.297"	1.0723e-011	7.5455e-014	2.6299e-013	3.0460e-014	1.7642e-012	7.5667e-014	1.1213e-005	
"20.10.2023 15:18:15.581"	1.0824e-011	7.4483e-014	2.7940e-013	3.3889e-014	1.8821e-012	7.4950e-014	1.1213e-005	
"20.10.2023 15:18:15.864"	1.0543e-011	7.6827e-014	2.6921e-013	3.1583e-014	1.7518e-012	7.4842e-014	1.1213e-005	
"20.10.2023 15:18:16.148"	1.0937e-011	7.3791e-014	2.6290e-013	3.0714e-014	1.7932e-012	7.3722e-014	1.1284e-005	
"20.10.2023 15:18:16.431"	1.0684e-011	7.6599e-014	2.6900e-013	3.1551e-014	1.8407e-012	7.6005e-014	1.1284e-005	
"20.10.2023 15:18:16.714"	1.0612e-011	7.5760e-014	2.7286e-013	3.2197e-014	1.7937e-012	7.4895e-014	1.1284e-005	
"20.10.2023 15:18:16.998"	1.0649e-011	7.6272e-014	2.7230e-013	3.2206e-014	1.9022e-012	7.2319e-014	1.1284e-005	
"20.10.2023 15:18:17.281"	1.0747e-011	7.5302e-014	2.6216e-013	3.0679e-014	1.8185e-012	7.3386e-014	1.1298e-005	
"20.10.2023 15:18:17.565"	1.0844e-011	7.3960e-014	2.8460e-013	3.4698e-014	1.8562e-012	7.3337e-014	1.1298e-005	
"20.10.2023 15:18:17.848"	1.0624e-011	7.5946e-014	2.7259e-013	3.1585e-014	1.8019e-012	7.4905e-014	1.1298e-005	
"20.10.2023 15:18:18.131"	1.0875e-011	7.4716e-014	2.6269e-013	3.0881e-014	1.8221e-012	7.1196e-014	1.1298e-005	
"20.10.2023 15:18:18.415"	1.0328e-011	7.8938e-014	2.6350e-013	3.0831e-014	1.7880e-012	7.4415e-014	1.1260e-005	
"20.10.2023 15:18:18.698"	1.0443e-011	7.6942e-014	2.6568e-013	3.1148e-014	1.7818e-012	7.4258e-014	1.1260e-005	
"20.10.2023 15:18:18.982"	1.0663e-011	7.6216e-014	2.5994e-013	3.0558e-014	1.8231e-012	7.2323e-014	1.1260e-005	
"20.10.2023 15:18:19.265"	1.0353e-011	7.7278e-014	2.6406e-013	3.1108e-014	1.8169e-012	7.4297e-014	1.1260e-005	
"20.10.2023 15:18:19.549"	1.0587e-011	7.5784e-014	2.6824e-013	3.2307e-014	1.8123e-012	7.2337e-014	1.1137e-005	
"20.10.2023 15:18:19.832"	1.0807e-011	7.4468e-014	2.6093e-013	3.0610e-014	1.8340e-012	7.5795e-014	1.1137e-005	
"20.10.2023 15:18:20.116"	1.0387e-011	7.8607e-014	2.6249e-013	3.0774e-014	1.8339e-012	7.7257e-014	1.1137e-005	
"20.10.2023 15:18:20.399"	1.0506e-011	7.6706e-014	2.6830e-013	3.1780e-014	1.8743e-012	7.3912e-014	1.1137e-005	
"20.10.2023 15:18:20.683"	1.0497e-011	7.6237e-014	2.6438e-013	3.0353e-014	1.8391e-012	7.4336e-014	1.1162e-005	
"20.10.2023 15:18:20.966"	1.0642e-011	7.6360e-014	2.6731e-013	3.1638e-014	1.8784e-012	7.3368e-014	1.1162e-005	
"20.10.2023 15:18:21.250"	1.0584e-011	7.6423e-014	2.6995e-013	3.2327e-014	1.9337e-012	7.6401e-014	1.1162e-005	
"20.10.2023 15:18:21.533"	1.0659e-011	7.6874e-014	2.6385e-013	3.1127e-014	1.8552e-012	7.3516e-014	1.1162e-005	
"20.10.2023 15:18:21.816"	1.0769e-011	7.4313e-014	2.8062e-013	3.4238e-014	1.9734e-012	7.5022e-014	1.1199e-005	
"20.10.2023 15:18:22.100"	1.0530e-011	7.6480e-014	2.7103e-013	3.2098e-014	1.8335e-012	7.3766e-014	1.1199e-005	
"20.10.2023 15:18:22.383"	1.1002e-011	7.3877e-014	2.6971e-013	3.1614e-014	1.8970e-012	7.4347e-014	1.1199e-005	
"20.10.2023 15:18:22.667"	1.0608e-011	7.7180e-014	2.6396e-013	3.0337e-014	1.8448e-012	7.4967e-014	1.1199e-005	
"20.10.2023 15:18:22.950"	1.0320e-011	7.8203e-014	2.6339e-013	3.0840e-014	1.7927e-012	7.1758e-014	1.1249e-005	
"20.10.2023 15:18:23.233"	1.0510e-011	7.6341e-014	2.6584e-013	3.1190e-014	1.8872e-012	7.3044e-014	1.1249e-005	
"20.10.2023 15:18:23.518"	1.0502e-011	7.7052e-014	2.6353e-013	3.0806e-014	1.8546e-012	7.1273e-014	1.1249e-005	
"20.10.2023 15:18:23.802"	1.0469e-011	7.6642e-014	2.6785e-013	3.1794e-014	1.8324e-012	7.4777e-014	1.1111e-005	
"20.10.2023 15:18:24.087"	1.0920e-011	7.4568e-014	2.6830e-013	3.1494e-014	1.8738e-012	7.2488e-014	1.1111e-005	
"20.10.2023 15:18:24.371"	1.0670e-011	7.6603e-014	2.6785e-013	3.1806e-014	1.8996e-012	7.5491e-014	1.1111e-005	
"20.10.2023 15:18:24.654"	1.0567e-011	7.5494e-014	2.7470e-013	3.2649e-014	1.8546e-012	7.8541e-014	1.1111e-005	
"20.10.2023 15:18:24.938"	1.0522e-011	7.6729e-014	2.6806e-013	3.2272e-014	1.9069e-012	7.3933e-014	1.1236e-005	
"20.10.2023 15:18:25.222"	1.0560e-011	7.7110e-014	2.6717e-013	3.1299e-014	1.8965e-012	7.2387e-014	1.1236e-005	
"20.10.2023 15:18:25.505"	1.0615e-011	7.5503e-014	2.7583e-013	3.3580e-014	1.8382e-012	7.1204e-014	1.1236e-005	
"20.10.2023 15:18:25.788"	1.0589e-011	7.6139e-014	2.7352e-013	3.2364e-014	1.9223e-012	7.2391e-014	1.1236e-005	
"20.10.2023 15:18:26.072"	1.0734e-011	7.5744e-014	2.6506e-013	3.1377e-014	1.8821e-012	7.4547e-014	1.1164e-005	
"20.10.2023 15:18:26.355"	1.0656e-011	7.6204e-014	2.7650e-013	3.3308e-014	1.8655e-012	7.3462e-014	1.1164e-005	
"20.10.2023 15:18:26.639"	1.0549e-011	7.6596e-014	2.7035e-013	3.2572e-014	1.9657e-012	7.4941e-014	1.1164e-005	
"20.10.2023 15:18:26.922"	1.0643e-011	7.6105e-014	2.6269e-013	3.0583e-014	1.8526e-012	7.5396e-014	1.1164e-005	
"20.10.2023 15:18:27.205"	1.0674e-011	7.6610e-014	2.7865e-013	3.4001e-014	1.9007e-012	7.6997e-014	1.1214e-005	
"20.10.2023 15:18:27.489"	1.0540e-011	7.6700e-014	2.7037e-013	3.1976e-014	1.8588e-012	7.4780e-014	1.1214e-005	
"20.10.2023 15:18:27.772"	1.0751e-011	7.5294e-014	2.6852e-013	3.1727e-014	1.9121e-012	7.6000e-014	1.1214e-005	
"20.10.2023 15:18:28.056"	1.0914e-011	7.6172e-014	2.7994e-013	3.4291e-014	2.0080e-012	7.1401e-014	1.1214e-005	
"20.10.2023 15:18:28.339"	1.0985e-011	7.2967e-014	2.8631e-013	3.5064e-014	1.9388e-012	7.5601e-014	1.1285e-005	
"20.10.2023 15:18:28.623"	1.0613e-011	7.5384e-014	2.6348e-013	3.0322e-014	1.8484e-012	7.5332e-014	1.1285e-005	
"20.10.2023 15:18:28.906"	1.0490e-011	7.8638e-014	2.6011e-013	3.0648e-014	1.8562e-012	7.4897e-014	1.1285e-005	
"20.10.2023 15:18:29.190"	1.0515e-011	7.6852e-014	2.7044e-013	3.2265e-014	1.8252e-012	7.5882e-014	1.1285e-005	
"20.10.2023 15:18:29.473"	1.0537e-011	7.6635e-014	2.7215e-013	3.2146e-014	1.9295e-012	7.5988e-014	1.1308e-005	
"20.10.2023 15:18:29.757"	1.0617e-011	7.6199e-014	2.6764e-013	3.1985e-014	1.9152e-012	7.1339e-014	1.1308e-005	
"20.10.2023 15:18:30.040"	1.0811e-011	7.4534e-014	2.7969e-013	3.4238e-014	1.9579e-012	7.7106e-014	1.1308e-005	
"20.10.2023 15:18:30.324"	1.0754e-011	7.5831e-014	2.6899e-013	3.1365e-014	1.8882e-012	7.5441e-014	1.1253e-005	
"20.10.2023 15:18:30.607"	1.0585e-011	7.6276e-014	2.6306e-013	3.0884e-014	1.8661e-012	7.6564e-014	1.1253e-005	
"20.10.2023 15:18:30.890"	1.0484e-011	7.7783e-014	2.6888e-013	3.1905e-014	1.8696e-012	7.4801e-014	1.1253e-005	
"20.10.2023 15:18:31.174"	1.0651e-011	7.6105e-014	2.6948e-013	3.1848e-014	1.8784e-012	7.3452e-014	1.1253e-005	
"20.10.2023 15:18:31.457"	1.0772e-011	7.4664e-014	2.7361e-013	3.2708e-014	1.9558e-012	7.2400e-014	1.1228e-005	
"20.10.2023 15:18:31.741"	1.0505e-011	7.7137e-014	2.7044e-013	3.2193e-014	1.8479e-012	7.1912e-014	1.1228e-005	
"20.10.2023 15:18:32.024"	1.0517e-011	7.7219e-014	2.6793e-013	3.2362e-014	1.9301e-012	7.4511e-014	1.1228e-005	
"20.10.2023 15:18:32.307"	1.0589e-011	7.6387e-014	2.6793e-013	3.1027e-014	1.8789e-012	7.5084e-014	1.1228e-005	
"20.10.2023 15:18:32.591"	1.0379e-011	7.7918e-014	2.6585e-013	3.1270e-014	1.8583e-012	7.7037e-014	1.1230e-005	
"20.10.2023 15:18:32.874"	1.0651e-011	7.5816e-014	2.7374e-013	3.2743e-014	1.8463e-012	7.4724e-014	1.1230e-005	
"20.10.2023 15:18:33.158"	1.0532e-011	7.6211e-014	2.6823e-013	3.1686e-014	1.9011e-012	7.2879e-014	1.1230e-005	
"20.10.2023 15:18:33.442"	1.0507e-011	7.6704e-014	2.7235e-013	3.2954e-014	1.8676e-012	7.4978e-014	1.1230e-005	
"20.10.2023 15:18:33.725"	1.0502e-011	7.6955e-014	2.7026e-013	3.1899e-014	1.9477e-012	7.5068e-014	1.1146e-005	
"20.10.2023 15:18:34.009"	1.0587e-011	7.6747e-014	2.6286e-013	3.0308e-014	1.8515e-012	7.5388e-014	1.1146e-005	
"20.10.2023 15:18:34.292"	1.0551e-011	7.8209e-014	2.6471e-013	3.1475e-014	1.8826e-012	7.3566e-014	1.1146e-005	
"20.10.2023 15:18:34.575"	1.0607e-011	7.5649e-014	2.7236e-013	3.2873e-014	1.8603e-012	7.5427e-014	1.1146e-005	
"20.10.2023 15:18:34.859"	1.0590e-011	7.6795e-014	2.6792e-013	3.1446e-014	1.9027e-012	7.3937e-014	1.1185e-005	
"20.10.2023 15:18:35.142"	1.0806e-011	7.7258e-014	2.7210e-013	3.2332e-014	1.9254e-012	7.5026e-014	1.1185e-005	
"20.10.2023 15:18:35.426"	1.0458e-011	7.7670e-014	2.7007e-013	3.1781e-014	1.9011e-012	7.2524e-014	1.1185e-005	
"20.10.2023 15:18:35.709"	1.0505e-011	7.6882e-014	2.6733e-013	3.1210e-014	1.8799e-012	7.4036e-014	1.1185e-005	
"20.10.2023 15:18:35.992"	1.0686e-011	7.5702e-014	2.6433e-013	3.1275e-014	1.8934e-012	7.3453e-014	1.1220e-005	
"20.10.2023 15:18:36.276"	1.0830e-011	7.5277e-014	2.8139e-013	3.4454e-014	1.8795e-012	7.8183e-014	1.1220e-005	
"20.10.2023 15:18:36.559"	1.0508e-011	7.6808e-014	2.6411e-013	3.0750e-014	1.8427e-012	7.2969e-014	1.1220e-005	
"20.10.2023 15:18:36.843"	1.1001e-011	7.6220e-014	2.7177e-013	3.1964e-014	1.9295e-012	7.2725e-014	1.1220e-005	
"20.10.2023 15:18:37.126"	1.0502e-011	7.6822e-014	2.7014e-013	3.2379e-014	1.8810e-012	7.3731e-014	1.1215e-005	
"20.10.2023 15:18:37.410"	1.0782e-011	7.5586e-014	2.6944e-013	3.2053e-014	1.8971e-012	7.5078e-014	1.1215e-005	
"20.10.2023 15:18:37.693"	1.0610e-011	7.6521e-014	2.6256e-013	3.0638e-014	1.8727e-012	7.3807e-014	1.1215e-005	
"20.10.2023 15:18:37.977"	1.0585e-011	7.5788e-014	2.7073e-013	3.2783e-014	1.8800e-012	7.6002e-014	1.1258e-005	
"20.10.2023 15:18:38.260"	1.0593e-011	7.6454e-014	2.7265e-013	3.2208e-014	1.8811e-012	7.7485e-014	1.1258e-005	
"20.10.2023 15:18:38.545"	1.0868e-011	7.4773e-014	2.6742e-013	3.1175e-014	1.9146e-012	7.3509e-014	1.1258e-005	
"20.10.2023 15:18:38.828"	1.0359e-011	7.7986e-014	2.6272e-013	3.0968e-014	1.8423e-012	7.2936e-014	1.1258e-005	
"20.10.2023 15:18:39.112"	1.0633e-011	7.6360e-014	2.7045e-013	3.2004e-014	1.8718e-012	7.0816e-014	1.1244e-005	
"20.10.2023 15:18:39.397"	1.0704e-011	7.5543e-014	2.6743e-013	3.2523e-014	1.9441e-012	7.2874e-014	1.1244e-005	
"20.10.2023 15:18:39.680"	1.0484e-011	7.7211e-014	2.6933e-013	3.1915e-014	1.8562e-012	7.2781e-014	1.1244e-005	
"20.10.2023 15:18:39.965"	1.0511e-011	7.6911e-014	2.6914e-013	3.1878e-014	1.9352e-012	7.5592e-014	1.1244e-005	
"20.10.2023 15:18:40.248"	1.0590e-011	7.5525e-014	2.6751e-013	3.0960e-014	1.8820e-012	7.9466e-014	1.1239e-005	
"20.10.2023 15:18:40.531"	1.0487e-011	7.6665e-014	2.6544e-013	3.1605e-014	1.8789e-012	7.2750e-014	1.1239e-005	
"20.10.2023 15:18:40.815"	1.1060e-011	7.3258e-014	2.8591e-013	3.4721e-014	1.9285e-012	7.4126e-014	1.1239e-005	
"20.10.2023 15:18:41.098"	1.0655e-011	7.5784e-014	2.6285e-013	3.0946e-014	1.8691e-012	7.5071e-014	1.1239e-005	
"20.10.2023 15:18:41.382"	1.0706e-011	7.6167e-014	2.7875e-013	3.3918e-014	1.9110e-012	7.3762e-014	1.1238e-005	
"20.10.2023 15:18:41.665"	1.0524e-011	7.6585e-014	2.7151e-013	3.2499e-014	1.8609e-012	7.3896e-014	1.1238e-005	
"20.10.2023 15:18:41.949"	1.0899e-011	7.4579e-014	2.7785e-013	3.4032e-014	2.0317e-012	7.4572e-014	1.1238e-005	
"20.10.2023 15:18:42.233"	1.0669e-011	7.7374e-014	2.6512e-013	3.1588e-014	1.8893e-012	7.4902e-014	1.1238e-005	
"20.10.2023 15:18:42.516"	1.0517e-011	7.6017e-014	2.7162e-013	3.2444e-014	1.8934e-012	7.4899e-014	1.1285e-005	
"20.10.2023 15:18:42.800"	1.1182e-011	7.2012e-014	2.7168e-013	3.2873e-014	1.9652e-012	7.4089e-014	1.1285e-005	
"20.10.2023 15:18:43.083"	1.0634e-011	7.8200e-014	2.6587e-013	3.0922e-014	1.8795e-012	7.4371e-014	1.1285e-005	
"20.10.2023 15:18:43.366"	1.0720e-011	7.6466e-014	2.7689e-013	3.3657e-014	1.8505e-012	7.1529e-014	1.1285e-005	
"20.10.2023 15:18:43.650"	1.0558e-011	7.7021e-014	2.6680e-013	3.1493e-014	1.9126e-012	7.1321e-014	1.1239e-005	
"20.10.2023 15:18:43.933"	1.0908e-011	7.6844e-014	2.7116e-013	3.2449e-014	1.9343e-012	7.5933e-014	1.1239e-005	
"20.10.2023 15:18:44.217"	1.0369e-011	7.8137e-014	2.6591e-013	3.1332e-014	1.8350e-012	7.4797e-014	1.1239e-005	
"20.10.2023 15:18:44.500"	1.0580e-011	7.6620e-014	2.6869e-013	3.1142e-014	1.8552e-012	7.1738e-014	1.1215e-005	
"20.10.2023 15:18:44.783"	1.0923e-011	7.5825e-014	2.6672e-013	3.1349e-014	1.8980e-012	7.7150e-014	1.1215e-005	
"20.10.2023 15:18:45.067"	1.0646e-011	7.6539e-014	2.7596e-013	3.3108e-014	1.9451e-012	7.3394e-014	1.1215e-005	
"20.10.2023 15:18:45.350"	1.1149e-011	7.2546e-014	2.8988e-013	3.5026e-014	2.0131e-012	7.5588e-014	1.1215e-005	
"20.10.2023 15:18:45.634"	1.0815e-011	7.4740e-014	2.6729e-013	3.1253e-014	1.8975e-012	7.4433e-014	1.1364e-005	
"20.10.2023 15:18:45.917"	1.0452e-011	7.7294e-014	2.6891e-013	3.1606e-014	1.9001e-012	7.1909e-014	1.1364e-005	
"20.10.2023 15:18:46.201"	1.0484e-011	7.6226e-014	2.6804e-013	3.1767e-014	1.8552e-012	7.8384e-014	1.1364e-005	
"20.10.2023 15:18:46.484"	1.0766e-011	7.4692e-014	2.6687e-013	3.1066e-014	1.8866e-012	7.6574e-014	1.1364e-005	
"20.10.2023 15:18:46.768"	1.0489e-011	7.7553e-014	2.6805e-013	3.1784e-014	1.8913e-012	7.2972e-014	1.1200e-005	
"20.10.2023 15:18:47.051"	1.0777e-011	7.5608e-014	2.7632e-013	3.3614e-014	1.8975e-012	7.4291e-014	1.1200e-005	
"20.10.2023 15:18:47.335"	1.0576e-011	7.6821e-014	2.6114e-013	3.0450e-014	1.8490e-012	7.3411e-014	1.1200e-005	
"20.10.2023 15:18:47.618"	1.0501e-011	7.7350e-014	2.7192e-013	3.1980e-014	1.8986e-012	7.6856e-014	1.1200e-005	
"20.10.2023 15:18:47.901"	1.0536e-011	7.5691e-014	2.6909e-013	3.2336e-014	1.8991e-012	7.1334e-014	1.1238e-005	
"20.10.2023 15:18:48.185"	1.0630e-011	7.6084e-014	2.6505e-013	3.1250e-014	1.8877e-012	7.4969e-014	1.1238e-005	
"20.10.2023 15:18:48.468"	1.0693e-011	7.5714e-014	2.7306e-013	3.2829e-014	1.9383e-012	7.6017e-014	1.1238e-005	
"20.10.2023 15:18:48.752"	1.0422e-011	7.8507e-014	2.6817e-013	3.1563e-014	1.8216e-012	7.1763e-014	1.1238e-005	
"20.10.2023 15:18:49.035"	1.0901e-011	7.4200e-014	2.6540e-013	3.1166e-014	1.8861e-012	7.2467e-014	1.1242e-005	
"20.10.2023 15:18:49.319"	1.0692e-011	7.6517e-014	2.6985e-013	3.2044e-014	1.9362e-012	7.1913e-014	1.1242e-005	
"20.10.2023 15:18:49.602"	1.0631e-011	7.5994e-014	2.7273e-013	3.3153e-014	1.8671e-012	7.5910e-014	1.1242e-005	
"20.10.2023 15:18:49.885"	1.0488e-011	7.6946e-014	2.6254e-013	3.0447e-014	1.8603e-012	7.4529e-014	1.1242e-005	
"20.10.2023 15:18:50.169"	1.0733e-011	7.5301e-014	2.6886e-013	3.1316e-014	1.9099e-012	7.1303e-014	1.1245e-005	
"20.10.2023 15:18:50.452"	1.0739e-011	7.5511e-014	2.7892e-013	3.3755e-014	1.8676e-012	7.5428e-014	1.1245e-005	
"20.10.2023 15:18:50.736"	1.0519e-011	7.6073e-014	2.6754e-013	3.1412e-014	1.8960e-012	7.4141e-014	1.1245e-005	
"20.10.2023 15:18:51.019"	1.0885e-011	7.3984e-014	2.7210e-013	3.2720e-014	1.9668e-012	7.7101e-014	1.1245e-005	
"20.10.2023 15:18:51.303"	1.0549e-011	7.6554e-014	2.7000e-013	3.2457e-014	1.8619e-012	7.2905e-014	1.1245e-005	
"20.10.2023 15:18:51.587"	1.0601e-011	7.5568e-014	2.7389e-013	3.2869e-014	1.9884e-012	7.5677e-014	1.1245e-005	
"20.10.2023 15:18:51.870"	1.0774e-011	7.5351e-014	2.6803e-013	3.1636e-014	1.9156e-012	6.9994e-014	1.1245e-005	
"20.10.2023 15:18:52.153"	1.0689e-011	7.5337e-014	2.7575e-013	3.3795e-014	1.8625e-012	7.3959e-014	1.1290e-005	
"20.10.2023 15:18:52.437"	1.0511e-011	7.6068e-014	2.6890e-013	3.1858e-014	1.8805e-012	7.5134e-014	1.1290e-005	
"20.10.2023 15:18:52.720"	1.0852e-011	7.4246e-014	2.7168e-013	3.1874e-014	1.9295e-012	7.5885e-014	1.1290e-005	
"20.10.2023 15:18:53.003"	1.0435e-011	7.7509e-014	2.6727e-013	3.1715e-014	1.8800e-012	7.1207e-014	1.1290e-005	
"20.10.2023 15:18:53.287"	1.0699e-011	7.6193e-014	2.7437e-013	3.3183e-014	1.8955e-012	7.1775e-014	1.1260e-005	
"20.10.2023 15:18:53.571"	1.0645e-011	7.5281e-014	2.6796e-013	3.1463e-014	1.9032e-012	7.6936e-014	1.1260e-005	
"20.10.2023 15:18:53.854"	1.0591e-011	7.6934e-014	2.7187e-013	3.2045e-014	1.8950e-012	7.4559e-014	1.1260e-005	
"20.10.2023 15:18:54.138"	1.0537e-011	7.7566e-014	2.7112e-013	3.2104e-014	1.9146e-012	7.4989e-014	1.1260e-005	
"20.10.2023 15:18:54.423"	1.0519e-011	7.6449e-014	2.6129e-013	3.0836e-014	1.8732e-012	7.3863e-014	1.1260e-005	
"20.10.2023 15:18:54.706"	1.0505e-011	7.7534e-014	2.6641e-013	3.1613e-014	1.8743e-012	7.5821e-014	1.1260e-005	
"20.10.2023 15:18:54.991"	1.0629e-011	7.6574e-014	2.7104e-013	3.2747e-014	1.8164e-012	7.6414e-014	1.1260e-005	
"20.10.2023 15:18:55.274"	1.0770e-011	7.5668e-014	2.5680e-013	3.0409e-014	1.8501e-012	7.4447e-014	1.1260e-005	
"20.10.2023 15:18:55.558"	1.0394e-011	7.8835e-014	2.6267e-013	3.1033e-014	1.8630e-012	7.5887e-014	1.1153e-005	
"20.10.2023 15:18:55.842"	1.0325e-011	7.8214e-014	2.6406e-013	3.0880e-014	1.8029e-012	7.2081e-014	1.1153e-005	
"20.10.2023 15:18:56.125"	1.0437e-011	7.8032e-014	2.6320e-013	3.0240e-014	1.8330e-012	7.4348e-014	1.1153e-005	
"20.10.2023 15:18:56.409"	1.0514e-011	7.8776e-014	2.6727e-013	3.0749e-014	1.8629e-012	7.3858e-014	1.1153e-005	
"20.10.2023 15:18:56.692"	1.0353e-011	7.7718e-014	2.6755e-013	3.1188e-014	1.8748e-012	7.4358e-014	1.1056e-005	
"20.10.2023 15:18:56.976"	1.0454e-011	7.6664e-014	2.6482e-013	3.1103e-014	1.9456e-012	7.2864e-014	1.1056e-005	
"20.10.2023 15:18:57.259"	1.0599e-011	7.6796e-014	2.6418e-013	3.1186e-014	1.8795e-012	7.2935e-014	1.1056e-005	
"20.10.2023 15:18:57.542"	1.0417e-011	7.7601e-014	2.7113e-013	3.1470e-014	1.8169e-012	7.3210e-014	1.1056e-005	
