"Spectra International Data File"
"[Scan Data (Pressures in mbar)]"
"Time"	"Mass 2"	"Mass 8"	"Mass 4"	"Mass 12"	"Mass 40"	"Mass 43"	"CirrusPressure"	
"26.06.2024 13:40:36.626"	1.3862e-010	-8.5265e-014	1.1585e-011	7.2970e-014	7.9191e-014	6.8260e-015	1.0258e-005	
"26.06.2024 13:40:36.909"	1.4016e-010	-8.6488e-014	1.0970e-011	7.6880e-014	8.1146e-014	6.9559e-015	1.0258e-005	
"26.06.2024 13:40:37.193"	1.3933e-010	-8.5358e-014	1.1311e-011	7.5873e-014	8.2609e-014	6.7342e-015	1.0258e-005	
"26.06.2024 13:40:37.476"	1.3839e-010	-8.4758e-014	1.1573e-011	7.1655e-014	7.8330e-014	6.7664e-015	1.0258e-005	
"26.06.2024 13:40:37.759"	1.4015e-010	-8.5712e-014	1.0990e-011	7.5231e-014	7.7697e-014	6.8808e-015	1.0246e-005	
"26.06.2024 13:40:38.043"	1.3975e-010	-8.6066e-014	1.1333e-011	7.4432e-014	8.1952e-014	7.0536e-015	1.0246e-005	
"26.06.2024 13:40:38.326"	1.3836e-010	-8.4803e-014	1.1609e-011	7.3921e-014	7.6487e-014	6.6400e-015	1.0246e-005	
"26.06.2024 13:40:38.609"	1.4021e-010	-8.6021e-014	1.1028e-011	7.7080e-014	7.9618e-014	6.7592e-015	1.0244e-005	
"26.06.2024 13:40:38.894"	1.3944e-010	-8.6541e-014	1.1307e-011	7.5270e-014	8.1324e-014	7.0608e-015	1.0244e-005	
"26.06.2024 13:40:39.178"	1.3857e-010	-8.7350e-014	1.1571e-011	7.1599e-014	7.7944e-014	7.0131e-015	1.0244e-005	
"26.06.2024 13:40:39.461"	1.4017e-010	-8.7983e-014	1.1027e-011	7.6044e-014	8.0438e-014	6.9917e-015	1.0244e-005	
"26.06.2024 13:40:39.745"	1.3956e-010	-8.5762e-014	1.1343e-011	7.3756e-014	8.1047e-014	7.0870e-015	1.0259e-005	
"26.06.2024 13:40:40.028"	1.3845e-010	-8.8082e-014	1.1552e-011	7.3201e-014	7.6003e-014	6.8200e-015	1.0259e-005	
"26.06.2024 13:40:40.312"	1.4011e-010	-8.3425e-014	1.1026e-011	7.4413e-014	7.8094e-014	6.7270e-015	1.0259e-005	
"26.06.2024 13:40:40.595"	1.3976e-010	-8.5679e-014	1.1331e-011	7.5049e-014	8.1141e-014	6.8891e-015	1.0259e-005	
"26.06.2024 13:40:40.879"	1.3837e-010	-8.6851e-014	1.1548e-011	7.2289e-014	7.6170e-014	6.4743e-015	1.0269e-005	
"26.06.2024 13:40:41.162"	1.4016e-010	-8.6494e-014	1.1028e-011	7.6913e-014	7.8254e-014	6.8879e-015	1.0269e-005	
"26.06.2024 13:40:41.445"	1.3986e-010	-8.8750e-014	1.1320e-011	7.4741e-014	8.2108e-014	7.0167e-015	1.0269e-005	
"26.06.2024 13:40:41.729"	1.3844e-010	-8.6257e-014	1.1583e-011	7.1822e-014	7.5844e-014	6.6042e-015	1.0269e-005	
"26.06.2024 13:40:42.013"	1.4013e-010	-8.5195e-014	1.1004e-011	7.6009e-014	7.8850e-014	6.7818e-015	1.0263e-005	
"26.06.2024 13:40:42.297"	1.3982e-010	-8.5284e-014	1.1360e-011	7.4176e-014	8.0146e-014	7.1633e-015	1.0263e-005	
"26.06.2024 13:40:42.580"	1.3838e-010	-8.6053e-014	1.1594e-011	7.1867e-014	7.7217e-014	6.5553e-015	1.0263e-005	
"26.06.2024 13:40:42.863"	1.4002e-010	-8.7845e-014	1.1022e-011	7.6753e-014	7.9481e-014	6.8891e-015	1.0263e-005	
"26.06.2024 13:40:43.147"	1.4009e-010	-8.5030e-014	1.1304e-011	7.5331e-014	8.0525e-014	6.9106e-015	1.0267e-005	
"26.06.2024 13:40:43.430"	1.3852e-010	-8.7012e-014	1.1556e-011	7.2989e-014	7.6433e-014	6.5768e-015	1.0267e-005	
"26.06.2024 13:40:43.716"	1.4026e-010	-8.6977e-014	1.1022e-011	7.7305e-014	7.8136e-014	6.9011e-015	1.0267e-005	
"26.06.2024 13:40:44.000"	1.3968e-010	-8.6426e-014	1.1351e-011	7.3884e-014	8.0283e-014	7.0060e-015	1.0267e-005	
"26.06.2024 13:40:44.283"	1.3820e-010	-8.9581e-014	1.1546e-011	7.1718e-014	7.6608e-014	6.5983e-015	1.0267e-005	
"26.06.2024 13:40:44.566"	1.4002e-010	-8.6928e-014	1.1030e-011	7.5691e-014	7.8800e-014	6.7318e-015	1.0267e-005	
"26.06.2024 13:40:44.850"	1.4035e-010	-8.8730e-014	1.1339e-011	7.2984e-014	8.1512e-014	6.8760e-015	1.0267e-005	
"26.06.2024 13:40:45.133"	1.3824e-010	-8.4967e-014	1.1545e-011	7.3030e-014	7.5543e-014	6.5744e-015	1.0258e-005	
"26.06.2024 13:40:45.417"	1.4004e-010	-8.6332e-014	1.1026e-011	7.7888e-014	7.7592e-014	6.6972e-015	1.0258e-005	
"26.06.2024 13:40:45.700"	1.4053e-010	-8.5173e-014	1.1325e-011	7.5111e-014	7.8632e-014	6.9487e-015	1.0258e-005	
"26.06.2024 13:40:45.984"	1.3813e-010	-8.6142e-014	1.1565e-011	7.4501e-014	7.5652e-014	6.2752e-015	1.0258e-005	
"26.06.2024 13:40:46.267"	1.3994e-010	-8.2735e-014	1.1061e-011	7.7719e-014	7.7730e-014	6.7735e-015	1.0261e-005	
"26.06.2024 13:40:46.550"	1.4055e-010	-8.7959e-014	1.1308e-011	7.4848e-014	7.8858e-014	6.8438e-015	1.0261e-005	
"26.06.2024 13:40:46.834"	1.3816e-010	-8.3763e-014	1.1552e-011	7.3657e-014	7.4506e-014	6.5625e-015	1.0261e-005	
"26.06.2024 13:40:47.117"	1.3988e-010	-8.6379e-014	1.1068e-011	7.7424e-014	7.8482e-014	6.8999e-015	1.0261e-005	
"26.06.2024 13:40:47.401"	1.4077e-010	-8.6656e-014	1.1324e-011	7.5206e-014	7.9838e-014	6.9499e-015	1.0261e-005	
"26.06.2024 13:40:47.684"	1.3811e-010	-8.6379e-014	1.1535e-011	7.2376e-014	7.6490e-014	6.5208e-015	1.0261e-005	
"26.06.2024 13:40:47.967"	1.3988e-010	-8.7985e-014	1.1082e-011	7.6884e-014	7.7566e-014	6.8176e-015	1.0261e-005	
"26.06.2024 13:40:48.251"	1.4090e-010	-8.6714e-014	1.1307e-011	7.4094e-014	7.9476e-014	6.9535e-015	1.0261e-005	
"26.06.2024 13:40:48.535"	1.3797e-010	-8.7306e-014	1.1542e-011	7.2627e-014	7.4010e-014	6.5410e-015	1.0266e-005	
"26.06.2024 13:40:48.818"	1.3996e-010	-8.5789e-014	1.1097e-011	7.6988e-014	7.6660e-014	6.5315e-015	1.0266e-005	
"26.06.2024 13:40:49.102"	1.4097e-010	-8.4997e-014	1.1306e-011	7.3510e-014	7.9614e-014	6.9261e-015	1.0266e-005	
"26.06.2024 13:40:49.385"	1.3790e-010	-8.8846e-014	1.1537e-011	7.4182e-014	7.5167e-014	6.5697e-015	1.0266e-005	
"26.06.2024 13:40:49.668"	1.3991e-010	-8.6159e-014	1.1102e-011	7.7144e-014	7.5553e-014	6.6090e-015	1.0261e-005	
"26.06.2024 13:40:49.952"	1.4118e-010	-8.6594e-014	1.1280e-011	7.4995e-014	7.8056e-014	6.7640e-015	1.0261e-005	
"26.06.2024 13:40:50.235"	1.3788e-010	-8.6914e-014	1.1525e-011	7.2099e-014	7.5055e-014	6.2263e-015	1.0261e-005	
"26.06.2024 13:40:50.519"	1.3978e-010	-8.4946e-014	1.1156e-011	7.7267e-014	7.7443e-014	6.5935e-015	1.0261e-005	
"26.06.2024 13:40:50.802"	1.4126e-010	-8.8997e-014	1.1299e-011	7.6024e-014	7.8962e-014	7.1311e-015	1.0266e-005	
"26.06.2024 13:40:51.086"	1.3771e-010	-8.7790e-014	1.1513e-011	7.4149e-014	7.5034e-014	6.4099e-015	1.0266e-005	
"26.06.2024 13:40:51.369"	1.3992e-010	-8.6425e-014	1.1172e-011	7.6704e-014	7.6189e-014	6.7008e-015	1.0266e-005	
"26.06.2024 13:40:51.652"	1.4116e-010	-8.5477e-014	1.1271e-011	7.5283e-014	7.7904e-014	6.7413e-015	1.0267e-005	
"26.06.2024 13:40:51.936"	1.3771e-010	-8.5951e-014	1.1511e-011	7.4345e-014	7.4894e-014	6.5625e-015	1.0267e-005	
"26.06.2024 13:40:52.219"	1.3971e-010	-8.5170e-014	1.1239e-011	7.7583e-014	7.6709e-014	6.7807e-015	1.0267e-005	
"26.06.2024 13:40:52.503"	1.4123e-010	-8.6309e-014	1.1319e-011	7.3905e-014	7.8476e-014	6.5923e-015	1.0267e-005	
"26.06.2024 13:40:52.787"	1.3770e-010	-8.6240e-014	1.1516e-011	7.1807e-014	7.4294e-014	6.4135e-015	1.0265e-005	
"26.06.2024 13:40:53.070"	1.3967e-010	-8.4681e-014	1.1206e-011	7.6739e-014	7.6671e-014	6.6948e-015	1.0265e-005	
"26.06.2024 13:40:53.353"	1.4128e-010	-8.6897e-014	1.1309e-011	7.5159e-014	7.8915e-014	6.9785e-015	1.0265e-005	
"26.06.2024 13:40:53.637"	1.3761e-010	-8.3303e-014	1.1499e-011	7.1630e-014	7.3779e-014	6.3312e-015	1.0265e-005	
"26.06.2024 13:40:53.921"	1.3990e-010	-8.4631e-014	1.1200e-011	7.7098e-014	7.5218e-014	6.6936e-015	1.0265e-005	
"26.06.2024 13:40:54.205"	1.4124e-010	-8.7784e-014	1.1293e-011	7.3743e-014	7.6912e-014	6.9642e-015	1.0265e-005	
"26.06.2024 13:40:54.488"	1.3763e-010	-8.8136e-014	1.1523e-011	7.1940e-014	7.4653e-014	6.3026e-015	1.0265e-005	
"26.06.2024 13:40:54.771"	1.3972e-010	-8.6709e-014	1.1221e-011	7.7376e-014	7.5025e-014	6.7866e-015	1.0265e-005	
"26.06.2024 13:40:55.055"	1.4126e-010	-8.6686e-014	1.1295e-011	7.5639e-014	7.5708e-014	6.4409e-015	1.0269e-005	
"26.06.2024 13:40:55.339"	1.3772e-010	-8.6680e-014	1.1520e-011	7.2371e-014	7.3033e-014	6.2347e-015	1.0269e-005	
"26.06.2024 13:40:55.622"	1.3966e-010	-8.6409e-014	1.1209e-011	7.7700e-014	7.4542e-014	6.6340e-015	1.0269e-005	
"26.06.2024 13:40:55.905"	1.4130e-010	-8.6851e-014	1.1279e-011	7.4054e-014	7.7846e-014	6.8367e-015	1.0269e-005	
"26.06.2024 13:40:56.189"	1.3751e-010	-8.7756e-014	1.1466e-011	7.3196e-014	7.2914e-014	6.1536e-015	1.0267e-005	
"26.06.2024 13:40:56.472"	1.3982e-010	-8.6073e-014	1.1208e-011	7.6975e-014	7.4617e-014	6.4707e-015	1.0267e-005	
"26.06.2024 13:40:56.756"	1.4132e-010	-8.9884e-014	1.1268e-011	7.5257e-014	7.6295e-014	6.6209e-015	1.0267e-005	
"26.06.2024 13:40:57.040"	1.3769e-010	-8.9398e-014	1.1494e-011	7.2859e-014	7.3006e-014	6.4874e-015	1.0267e-005	
"26.06.2024 13:40:57.324"	1.3981e-010	-8.9252e-014	1.1206e-011	7.8051e-014	7.4383e-014	6.5220e-015	1.0270e-005	
"26.06.2024 13:40:57.607"	1.4134e-010	-8.5231e-014	1.1258e-011	7.6622e-014	7.5202e-014	6.6948e-015	1.0270e-005	
"26.06.2024 13:40:57.891"	1.3766e-010	-8.7647e-014	1.1534e-011	7.3406e-014	7.4040e-014	6.2704e-015	1.0270e-005	
"26.06.2024 13:40:58.174"	1.3969e-010	-8.7814e-014	1.1254e-011	7.5823e-014	7.4607e-014	6.5887e-015	1.0270e-005	
"26.06.2024 13:40:58.457"	1.4146e-010	-8.5458e-014	1.1296e-011	7.4774e-014	7.7273e-014	6.9607e-015	1.0261e-005	
"26.06.2024 13:40:58.743"	1.3772e-010	-8.7672e-014	1.1522e-011	7.2275e-014	7.2580e-014	6.2847e-015	1.0261e-005	
"26.06.2024 13:40:59.026"	1.3985e-010	-8.4586e-014	1.1224e-011	7.6902e-014	7.4400e-014	6.5172e-015	1.0261e-005	
"26.06.2024 13:40:59.310"	1.4131e-010	-8.4805e-014	1.1290e-011	7.5419e-014	7.6554e-014	6.7270e-015	1.0264e-005	
"26.06.2024 13:40:59.593"	1.3758e-010	-8.4764e-014	1.1530e-011	7.1721e-014	7.2865e-014	6.1488e-015	1.0264e-005	
"26.06.2024 13:40:59.876"	1.3974e-010	-8.6163e-014	1.1212e-011	7.7088e-014	7.3036e-014	6.4159e-015	1.0264e-005	
"26.06.2024 13:41:00.160"	1.4124e-010	-8.7954e-014	1.1310e-011	7.4859e-014	7.5050e-014	6.7425e-015	1.0264e-005	
"26.06.2024 13:41:00.443"	1.3764e-010	-8.9797e-014	1.1544e-011	7.2497e-014	7.3045e-014	6.3336e-015	1.0266e-005	
"26.06.2024 13:41:00.727"	1.3970e-010	-8.4281e-014	1.1271e-011	7.6610e-014	7.3345e-014	6.6626e-015	1.0266e-005	
"26.06.2024 13:41:01.010"	1.4133e-010	-8.6411e-014	1.1259e-011	7.5152e-014	7.4989e-014	6.5100e-015	1.0266e-005	
"26.06.2024 13:41:01.293"	1.3739e-010	-8.6174e-014	1.1521e-011	7.3053e-014	7.1960e-014	6.1965e-015	1.0266e-005	
"26.06.2024 13:41:01.577"	1.3969e-010	-8.7202e-014	1.1293e-011	7.7756e-014	7.3349e-014	6.5840e-015	1.0267e-005	
"26.06.2024 13:41:01.861"	1.4133e-010	-8.6464e-014	1.1277e-011	7.5335e-014	7.5294e-014	6.3885e-015	1.0267e-005	
"26.06.2024 13:41:02.144"	1.3744e-010	-8.6976e-014	1.1517e-011	7.2832e-014	7.2512e-014	6.2466e-015	1.0267e-005	
"26.06.2024 13:41:02.427"	1.3973e-010	-8.5397e-014	1.1338e-011	7.7503e-014	7.3320e-014	6.3956e-015	1.0267e-005	
"26.06.2024 13:41:02.711"	1.4110e-010	-8.7089e-014	1.1259e-011	7.5080e-014	7.6348e-014	6.6126e-015	1.0269e-005	
"26.06.2024 13:41:02.994"	1.3743e-010	-8.7897e-014	1.1511e-011	7.2080e-014	7.2401e-014	6.3360e-015	1.0269e-005	
"26.06.2024 13:41:03.278"	1.3961e-010	-8.7740e-014	1.1336e-011	7.5637e-014	7.3824e-014	6.3002e-015	1.0269e-005	
"26.06.2024 13:41:03.561"	1.4117e-010	-8.7928e-014	1.1266e-011	7.6239e-014	7.4971e-014	6.5792e-015	1.0269e-005	
"26.06.2024 13:41:03.845"	1.3738e-010	-8.7109e-014	1.1486e-011	7.2736e-014	7.2302e-014	6.1095e-015	1.0264e-005	
"26.06.2024 13:41:04.128"	1.3961e-010	-8.5111e-014	1.1372e-011	7.5981e-014	7.3142e-014	6.4731e-015	1.0264e-005	
"26.06.2024 13:41:04.412"	1.4119e-010	-8.4481e-014	1.1262e-011	7.4169e-014	7.3978e-014	6.6245e-015	1.0264e-005	
"26.06.2024 13:41:04.695"	1.3727e-010	-8.2660e-014	1.1503e-011	7.3265e-014	7.3297e-014	6.2800e-015	1.0264e-005	
"26.06.2024 13:41:04.978"	1.3954e-010	-8.7868e-014	1.1399e-011	7.8129e-014	7.3730e-014	6.3312e-015	1.0268e-005	
"26.06.2024 13:41:05.262"	1.4109e-010	-8.9519e-014	1.1212e-011	7.5111e-014	7.4640e-014	6.6507e-015	1.0268e-005	
"26.06.2024 13:41:05.545"	1.3728e-010	-8.6906e-014	1.1503e-011	7.2390e-014	7.1502e-014	5.8913e-015	1.0268e-005	
"26.06.2024 13:41:05.829"	1.3945e-010	-8.5464e-014	1.1413e-011	7.7668e-014	7.2176e-014	6.1095e-015	1.0266e-005	
"26.06.2024 13:41:06.112"	1.4110e-010	-8.5353e-014	1.1279e-011	7.4638e-014	7.3849e-014	6.2657e-015	1.0266e-005	
"26.06.2024 13:41:06.396"	1.3713e-010	-8.3885e-014	1.1490e-011	7.4246e-014	7.1900e-014	6.0737e-015	1.0266e-005	
"26.06.2024 13:41:06.679"	1.3945e-010	-9.1151e-014	1.1422e-011	7.7058e-014	7.2037e-014	6.2669e-015	1.0266e-005	
"26.06.2024 13:41:06.963"	1.4112e-010	-8.5324e-014	1.1220e-011	7.5959e-014	7.3608e-014	6.2442e-015	1.0268e-005	
"26.06.2024 13:41:07.246"	1.3709e-010	-8.4621e-014	1.1480e-011	7.4202e-014	7.1153e-014	5.9402e-015	1.0268e-005	
"26.06.2024 13:41:07.530"	1.3952e-010	-8.3240e-014	1.1457e-011	7.5992e-014	7.1863e-014	6.1143e-015	1.0268e-005	
"26.06.2024 13:41:07.813"	1.4099e-010	-8.4170e-014	1.1229e-011	7.4807e-014	7.4162e-014	6.4135e-015	1.0268e-005	
"26.06.2024 13:41:08.096"	1.3710e-010	-8.7333e-014	1.1515e-011	7.0957e-014	7.1838e-014	6.1894e-015	1.0265e-005	
"26.06.2024 13:41:08.380"	1.3940e-010	-8.7831e-014	1.1502e-011	7.5814e-014	7.1377e-014	6.2156e-015	1.0265e-005	
"26.06.2024 13:41:08.663"	1.4115e-010	-8.7201e-014	1.1182e-011	7.6983e-014	7.3003e-014	6.5482e-015	1.0265e-005	
"26.06.2024 13:41:08.948"	1.3714e-010	-8.7389e-014	1.1433e-011	7.4917e-014	7.2636e-014	5.8806e-015	1.0265e-005	
"26.06.2024 13:41:09.231"	1.3940e-010	-8.6353e-014	1.1495e-011	7.6912e-014	7.1621e-014	6.2585e-015	1.0265e-005	
"26.06.2024 13:41:09.514"	1.4108e-010	-8.5502e-014	1.1204e-011	7.4406e-014	7.3052e-014	6.2573e-015	1.0265e-005	
"26.06.2024 13:41:09.798"	1.3707e-010	-8.5374e-014	1.1460e-011	7.3889e-014	7.1498e-014	5.9283e-015	1.0265e-005	
"26.06.2024 13:41:10.081"	1.3944e-010	-8.5373e-014	1.1513e-011	7.6576e-014	7.2047e-014	6.2585e-015	1.0265e-005	
"26.06.2024 13:41:10.365"	1.4088e-010	-8.5033e-014	1.1199e-011	7.6784e-014	7.4466e-014	6.7056e-015	1.0264e-005	
"26.06.2024 13:41:10.648"	1.3718e-010	-8.3815e-014	1.1492e-011	7.1489e-014	7.0650e-014	5.9915e-015	1.0264e-005	
"26.06.2024 13:41:10.932"	1.3937e-010	-8.9444e-014	1.1556e-011	7.5610e-014	7.0286e-014	6.0070e-015	1.0264e-005	
"26.06.2024 13:41:11.216"	1.4102e-010	-8.6820e-014	1.1202e-011	7.3669e-014	7.2697e-014	6.0690e-015	1.0264e-005	
"26.06.2024 13:41:11.499"	1.3710e-010	-8.5638e-014	1.1474e-011	7.2890e-014	7.1392e-014	6.0451e-015	1.0269e-005	
"26.06.2024 13:41:11.783"	1.3939e-010	-8.6768e-014	1.1481e-011	7.6400e-014	7.2286e-014	6.2001e-015	1.0269e-005	
"26.06.2024 13:41:12.067"	1.4107e-010	-8.6616e-014	1.1246e-011	7.4438e-014	7.3213e-014	6.3074e-015	1.0269e-005	
"26.06.2024 13:41:12.350"	1.3704e-010	-8.5570e-014	1.1461e-011	7.3731e-014	7.1438e-014	5.8651e-015	1.0269e-005	
"26.06.2024 13:41:12.634"	1.3947e-010	-8.4730e-014	1.1508e-011	7.6387e-014	7.1433e-014	6.2537e-015	1.0267e-005	
"26.06.2024 13:41:12.917"	1.4095e-010	-8.3346e-014	1.1161e-011	7.5107e-014	7.2162e-014	6.2526e-015	1.0267e-005	
"26.06.2024 13:41:13.201"	1.3718e-010	-8.6810e-014	1.1481e-011	7.3002e-014	7.1487e-014	6.1214e-015	1.0267e-005	
"26.06.2024 13:41:13.484"	1.3935e-010	-8.3324e-014	1.1501e-011	7.6682e-014	6.8709e-014	6.0761e-015	1.0268e-005	
"26.06.2024 13:41:13.768"	1.4100e-010	-9.0400e-014	1.1195e-011	7.4311e-014	7.2779e-014	6.1894e-015	1.0268e-005	
"26.06.2024 13:41:14.052"	1.3707e-010	-8.6181e-014	1.1465e-011	7.4406e-014	6.9574e-014	6.0177e-015	1.0268e-005	
"26.06.2024 13:41:14.335"	1.3931e-010	-8.5587e-014	1.1558e-011	7.6796e-014	6.9573e-014	6.2192e-015	1.0268e-005	
"26.06.2024 13:41:14.618"	1.4101e-010	-8.6260e-014	1.1160e-011	7.5841e-014	7.2432e-014	6.3527e-015	1.0269e-005	
"26.06.2024 13:41:14.902"	1.3706e-010	-8.0575e-014	1.1427e-011	7.3154e-014	7.1695e-014	5.9259e-015	1.0269e-005	
"26.06.2024 13:41:15.185"	1.3948e-010	-8.7810e-014	1.1591e-011	7.6158e-014	6.9555e-014	6.0690e-015	1.0269e-005	
"26.06.2024 13:41:15.469"	1.4086e-010	-9.2186e-014	1.1173e-011	7.5081e-014	7.1134e-014	6.1071e-015	1.0269e-005	
"26.06.2024 13:41:15.753"	1.3721e-010	-8.7340e-014	1.1456e-011	7.3091e-014	7.1589e-014	5.9188e-015	1.0263e-005	
"26.06.2024 13:41:16.036"	1.3929e-010	-8.6935e-014	1.1595e-011	7.4739e-014	7.0448e-014	5.7519e-015	1.0263e-005	
"26.06.2024 13:41:16.319"	1.4090e-010	-8.5439e-014	1.1154e-011	7.6621e-014	7.3196e-014	5.9688e-015	1.0263e-005	
"26.06.2024 13:41:16.603"	1.3728e-010	-8.8955e-014	1.1431e-011	7.3761e-014	7.0017e-014	5.8627e-015	1.0263e-005	
"26.06.2024 13:41:16.886"	1.3919e-010	-8.7151e-014	1.1614e-011	7.4941e-014	6.9990e-014	6.1178e-015	1.0267e-005	
"26.06.2024 13:41:17.170"	1.4085e-010	-8.4389e-014	1.1201e-011	7.6300e-014	7.2930e-014	6.2967e-015	1.0267e-005	
"26.06.2024 13:41:17.453"	1.3726e-010	-8.6768e-014	1.1452e-011	7.5088e-014	7.1539e-014	5.7483e-015	1.0267e-005	
"26.06.2024 13:41:17.736"	1.3939e-010	-8.9642e-014	1.1641e-011	7.4966e-014	7.1090e-014	6.1798e-015	1.0267e-005	
"26.06.2024 13:41:18.020"	1.4077e-010	-8.9380e-014	1.1137e-011	7.5304e-014	7.0042e-014	6.0714e-015	1.0268e-005	
"26.06.2024 13:41:18.303"	1.3744e-010	-8.6384e-014	1.1441e-011	7.4010e-014	7.5300e-014	6.1202e-015	1.0268e-005	
"26.06.2024 13:41:18.587"	1.3918e-010	-8.5356e-014	1.1622e-011	7.5294e-014	7.1352e-014	6.2442e-015	1.0268e-005	
"26.06.2024 13:41:18.870"	1.4079e-010	-8.6252e-014	1.1142e-011	7.6362e-014	7.2232e-014	6.2537e-015	1.0268e-005	
"26.06.2024 13:41:19.153"	1.3754e-010	-8.8695e-014	1.1421e-011	7.3594e-014	7.2391e-014	6.0070e-015	1.0267e-005	
"26.06.2024 13:41:19.437"	1.3821e-010	-8.6520e-014	1.1935e-011	7.2071e-014	5.4019e-012	7.4160e-014	1.0267e-005	
"26.06.2024 13:41:19.720"	1.3101e-010	-8.7049e-014	1.0446e-011	8.1340e-014	2.2126e-011	1.0247e-014	1.0267e-005	
"26.06.2024 13:41:20.004"	1.2555e-010	-8.4384e-014	9.6607e-012	8.7079e-014	2.6937e-011	-4.0496e-015	1.0208e-005	
"26.06.2024 13:41:20.288"	1.2592e-010	-8.5013e-014	9.7841e-012	8.5223e-014	2.7945e-011	-1.3394e-014	1.0208e-005	
"26.06.2024 13:41:20.571"	1.2653e-010	-8.7460e-014	9.3843e-012	8.5843e-014	2.8903e-011	-1.4920e-014	1.0208e-005	
"26.06.2024 13:41:20.854"	1.2468e-010	-8.6281e-014	9.6245e-012	8.6629e-014	2.7968e-011	-7.9108e-015	1.0208e-005	
"26.06.2024 13:41:21.138"	1.2537e-010	-8.3971e-014	9.6969e-012	8.6396e-014	2.7471e-011	-9.8026e-015	1.0118e-005	
"26.06.2024 13:41:21.421"	1.2570e-010	-8.6925e-014	9.1753e-012	8.8886e-014	2.8687e-011	-1.5385e-014	1.0118e-005	
"26.06.2024 13:41:21.705"	1.2396e-010	-8.9268e-014	9.3971e-012	8.7597e-014	2.9104e-011	-1.3568e-014	1.0118e-005	
"26.06.2024 13:41:21.988"	1.2364e-010	-8.5721e-014	9.5062e-012	8.7293e-014	2.8262e-011	-1.4306e-014	1.0118e-005	
"26.06.2024 13:41:22.272"	1.2446e-010	-8.5958e-014	9.0335e-012	8.8156e-014	2.9078e-011	-1.7580e-014	1.0010e-005	
"26.06.2024 13:41:22.555"	1.2373e-010	-8.5274e-014	9.2874e-012	8.9060e-014	2.9401e-011	-1.6356e-014	1.0010e-005	
"26.06.2024 13:41:22.838"	1.2302e-010	-8.6904e-014	9.4292e-012	8.6407e-014	2.8285e-011	-1.6955e-014	1.0010e-005	
"26.06.2024 13:41:23.122"	1.2391e-010	-8.6826e-014	8.9795e-012	9.0179e-014	2.9003e-011	-1.7810e-014	1.0010e-005	
"26.06.2024 13:41:23.405"	1.2391e-010	-8.4073e-014	9.2579e-012	8.8472e-014	2.9575e-011	-1.5582e-014	9.9164e-006	
"26.06.2024 13:41:23.689"	1.2272e-010	-8.7639e-014	9.3385e-012	8.7645e-014	2.8359e-011	-1.4681e-014	9.9164e-006	
"26.06.2024 13:41:23.973"	1.2377e-010	-8.4500e-014	8.9606e-012	9.0703e-014	2.9112e-011	-1.7604e-014	9.9164e-006	
"26.06.2024 13:41:24.256"	1.2391e-010	-8.7377e-014	9.1788e-012	8.9540e-014	2.9567e-011	-1.7520e-014	9.9164e-006	
"26.06.2024 13:41:24.540"	1.2246e-010	-8.6780e-014	9.3701e-012	8.8817e-014	2.8331e-011	-1.6694e-014	9.8672e-006	
"26.06.2024 13:41:24.825"	1.2365e-010	-8.5306e-014	8.9744e-012	9.0399e-014	2.9050e-011	-1.8811e-014	9.8672e-006	
"26.06.2024 13:41:25.108"	1.2407e-010	-8.4050e-014	9.1763e-012	8.7426e-014	2.9656e-011	-1.8435e-014	9.8672e-006	
"26.06.2024 13:41:25.392"	1.2231e-010	-8.5482e-014	9.3389e-012	8.7699e-014	2.8358e-011	-1.3210e-014	9.8672e-006	
"26.06.2024 13:41:25.675"	1.2344e-010	-9.2208e-014	8.9866e-012	8.9764e-014	2.9034e-011	-1.7506e-014	9.8423e-006	
"26.06.2024 13:41:25.959"	1.2423e-010	-8.5350e-014	9.1742e-012	8.8790e-014	2.9730e-011	-1.8721e-014	9.8423e-006	
"26.06.2024 13:41:26.242"	1.2184e-010	-8.6447e-014	9.3186e-012	8.8188e-014	2.8355e-011	-1.6544e-014	9.8423e-006	
"26.06.2024 13:41:26.525"	1.2334e-010	-8.7192e-014	9.0361e-012	9.1001e-014	2.9097e-011	-1.7434e-014	9.8251e-006	
"26.06.2024 13:41:26.810"	1.2412e-010	-8.5492e-014	9.1529e-012	8.9487e-014	2.9758e-011	-1.9372e-014	9.8251e-006	
"26.06.2024 13:41:27.093"	1.2170e-010	-8.5159e-014	9.3129e-012	8.9008e-014	2.8488e-011	-1.4275e-014	9.8251e-006	
"26.06.2024 13:41:27.377"	1.2313e-010	-8.3740e-014	9.0809e-012	9.1434e-014	2.9054e-011	-1.7245e-014	9.8251e-006	
"26.06.2024 13:41:27.660"	1.2411e-010	-8.8461e-014	9.1508e-012	8.8301e-014	2.9764e-011	-2.1345e-014	9.8086e-006	
"26.06.2024 13:41:27.943"	1.2137e-010	-8.7860e-014	9.2890e-012	8.7988e-014	2.8447e-011	-1.3738e-014	9.8086e-006	
"26.06.2024 13:41:28.227"	1.2302e-010	-8.4153e-014	9.1783e-012	9.0516e-014	2.9041e-011	-1.6269e-014	9.8086e-006	
"26.06.2024 13:41:28.510"	1.2412e-010	-8.6544e-014	9.1126e-012	8.9628e-014	2.9714e-011	-2.2186e-014	9.8086e-006	
"26.06.2024 13:41:28.794"	1.2119e-010	-8.4227e-014	9.2467e-012	8.8603e-014	2.8487e-011	-1.3167e-014	9.7945e-006	
"26.06.2024 13:41:29.078"	1.2299e-010	-8.6798e-014	9.1666e-012	9.1784e-014	2.9021e-011	-1.9196e-014	9.7945e-006	
"26.06.2024 13:41:29.361"	1.2399e-010	-8.8103e-014	9.1059e-012	8.8845e-014	2.9439e-011	-1.8851e-014	9.7945e-006	
"26.06.2024 13:41:29.644"	1.2697e-010	-8.8079e-014	9.8688e-012	8.3698e-014	1.2204e-011	7.2637e-014	9.7945e-006	
"26.06.2024 13:41:29.928"	1.3564e-010	-8.5775e-014	1.0532e-011	8.2850e-014	4.5493e-012	7.6005e-014	9.8165e-006	
"26.06.2024 13:41:30.211"	1.3873e-010	-8.5281e-014	1.0803e-011	7.9111e-014	2.7191e-012	7.9682e-014	9.8165e-006	
"26.06.2024 13:41:30.495"	1.3559e-010	-8.6096e-014	1.1162e-011	7.3394e-014	1.9028e-012	7.8175e-014	9.8165e-006	
"26.06.2024 13:41:30.778"	1.3840e-010	-8.3600e-014	1.1254e-011	7.7000e-014	1.5545e-012	7.8590e-014	9.8165e-006	
"26.06.2024 13:41:31.061"	1.4040e-010	-8.5112e-014	1.1142e-011	7.4890e-014	1.3471e-012	7.6416e-014	1.0070e-005	
"26.06.2024 13:41:31.345"	1.3679e-010	-8.4602e-014	1.1463e-011	7.3839e-014	1.1206e-012	7.9431e-014	1.0070e-005	
"26.06.2024 13:41:31.628"	1.3938e-010	-8.5327e-014	1.1419e-011	7.6642e-014	9.9963e-013	7.5224e-014	1.0070e-005	
"26.06.2024 13:41:31.912"	1.4113e-010	-8.4888e-014	1.1239e-011	7.5147e-014	9.0944e-013	7.6241e-014	1.0070e-005	
"26.06.2024 13:41:32.195"	1.3694e-010	-8.8239e-014	1.1481e-011	7.1658e-014	7.8505e-013	7.5005e-014	1.0174e-005	
"26.06.2024 13:41:32.479"	1.3952e-010	-8.7845e-014	1.1574e-011	7.6712e-014	7.2038e-013	7.2051e-014	1.0174e-005	
"26.06.2024 13:41:32.762"	1.4111e-010	-8.5958e-014	1.1235e-011	7.4916e-014	6.7275e-013	7.3788e-014	1.0174e-005	
"26.06.2024 13:41:33.045"	1.3744e-010	-8.6691e-014	1.1526e-011	7.1960e-014	5.9478e-013	7.2853e-014	1.0174e-005	
"26.06.2024 13:41:33.329"	1.3971e-010	-8.3836e-014	1.1609e-011	7.6974e-014	5.4351e-013	6.9774e-014	1.0213e-005	
"26.06.2024 13:41:33.613"	1.4136e-010	-8.5793e-014	1.1245e-011	7.4133e-014	5.1612e-013	9.2066e-014	1.0213e-005	
"26.06.2024 13:41:33.896"	1.3748e-010	-8.3189e-014	1.1567e-011	7.4597e-014	4.6441e-013	8.2918e-014	1.0213e-005	
"26.06.2024 13:41:34.180"	1.3977e-010	-8.6870e-014	1.1720e-011	7.5499e-014	4.2978e-013	7.5295e-014	1.0262e-005	
"26.06.2024 13:41:34.463"	1.4139e-010	-8.5325e-014	1.1257e-011	7.4038e-014	4.1650e-013	7.2050e-014	1.0262e-005	
"26.06.2024 13:41:34.746"	1.3753e-010	-8.7766e-014	1.1545e-011	7.3271e-014	3.8245e-013	6.0122e-014	1.0262e-005	
"26.06.2024 13:41:35.030"	1.3987e-010	-8.6131e-014	1.1733e-011	7.4774e-014	3.5620e-013	5.3975e-014	1.0262e-005	
"26.06.2024 13:41:35.313"	1.4136e-010	-8.5509e-014	1.1200e-011	7.4694e-014	3.4196e-013	5.0137e-014	1.0267e-005	
"26.06.2024 13:41:35.597"	1.3784e-010	-8.9016e-014	1.1575e-011	7.2542e-014	3.2506e-013	4.2573e-014	1.0267e-005	
"26.06.2024 13:41:35.880"	1.3970e-010	-8.9065e-014	1.1723e-011	7.5006e-014	2.9854e-013	3.8202e-014	1.0267e-005	
"26.06.2024 13:41:36.163"	1.4146e-010	-8.5843e-014	1.1232e-011	7.5257e-014	2.9154e-013	3.6775e-014	1.0267e-005	
"26.06.2024 13:41:36.447"	1.3790e-010	-8.4258e-014	1.1507e-011	7.2270e-014	2.8085e-013	3.1808e-014	1.0291e-005	
"26.06.2024 13:41:36.730"	1.3977e-010	-8.8169e-014	1.1737e-011	7.5273e-014	2.6598e-013	2.9990e-014	1.0291e-005	
"26.06.2024 13:41:37.014"	1.4146e-010	-8.5928e-014	1.1220e-011	7.5307e-014	2.6158e-013	2.9467e-014	1.0291e-005	
"26.06.2024 13:41:37.297"	1.3809e-010	-8.3771e-014	1.1503e-011	7.2637e-014	2.4934e-013	2.6298e-014	1.0291e-005	
"26.06.2024 13:41:37.580"	1.3985e-010	-8.8227e-014	1.1734e-011	7.3135e-014	2.3092e-013	2.4563e-014	1.0311e-005	
"26.06.2024 13:41:37.864"	1.4133e-010	-8.7315e-014	1.1252e-011	7.5051e-014	2.3363e-013	2.4378e-014	1.0311e-005	
"26.06.2024 13:41:38.148"	1.3819e-010	-8.7189e-014	1.1582e-011	7.3685e-014	2.2544e-013	2.2379e-014	1.0311e-005	
"26.06.2024 13:41:38.431"	1.3987e-010	-8.3953e-014	1.1768e-011	7.3978e-014	2.1252e-013	2.1150e-014	1.0311e-005	
"26.06.2024 13:41:38.715"	1.4149e-010	-8.4068e-014	1.1261e-011	7.3979e-014	2.1456e-013	2.1868e-014	1.0310e-005	
"26.06.2024 13:41:38.999"	1.3817e-010	-8.5436e-014	1.1510e-011	7.3803e-014	2.0777e-013	1.9623e-014	1.0310e-005	
"26.06.2024 13:41:39.283"	1.3995e-010	-8.6370e-014	1.1763e-011	7.4309e-014	1.9693e-013	1.9378e-014	1.0310e-005	
"26.06.2024 13:41:39.566"	1.4165e-010	-8.6864e-014	1.1276e-011	7.4364e-014	1.9698e-013	1.9300e-014	1.0310e-005	
"26.06.2024 13:41:39.850"	1.3805e-010	-8.5675e-014	1.1554e-011	7.3569e-014	1.9212e-013	1.7867e-014	1.0317e-005	
"26.06.2024 13:41:40.134"	1.3997e-010	-8.8964e-014	1.1791e-011	7.5480e-014	1.8093e-013	1.7527e-014	1.0317e-005	
"26.06.2024 13:41:40.417"	1.4156e-010	-8.8430e-014	1.1211e-011	7.4504e-014	1.8589e-013	1.7737e-014	1.0317e-005	
"26.06.2024 13:41:40.701"	1.3825e-010	-8.5710e-014	1.1561e-011	7.2975e-014	1.7841e-013	1.6471e-014	1.0339e-005	
"26.06.2024 13:41:40.985"	1.4001e-010	-8.9239e-014	1.1763e-011	7.4125e-014	1.7609e-013	1.6624e-014	1.0339e-005	
"26.06.2024 13:41:41.268"	1.4162e-010	-8.4301e-014	1.1266e-011	7.2862e-014	1.7304e-013	1.6434e-014	1.0339e-005	
"26.06.2024 13:41:41.552"	1.3819e-010	-8.2799e-014	1.1582e-011	7.2552e-014	1.7504e-013	1.5950e-014	1.0339e-005	
"26.06.2024 13:41:41.836"	1.3973e-010	-8.7176e-014	1.1746e-011	7.4451e-014	1.6309e-013	1.5150e-014	1.0334e-005	
"26.06.2024 13:41:42.119"	1.4151e-010	-8.5810e-014	1.1229e-011	7.4386e-014	1.7034e-013	1.5796e-014	1.0334e-005	
"26.06.2024 13:41:42.403"	1.3844e-010	-8.5895e-014	1.1530e-011	7.2598e-014	1.6495e-013	1.4718e-014	1.0334e-005	
"26.06.2024 13:41:42.687"	1.4003e-010	-8.4357e-014	1.1785e-011	7.1881e-014	1.5744e-013	1.4827e-014	1.0334e-005	
"26.06.2024 13:41:42.970"	1.4145e-010	-9.0035e-014	1.1177e-011	7.5106e-014	1.6135e-013	1.5098e-014	1.0320e-005	
"26.06.2024 13:41:43.254"	1.3876e-010	-8.7204e-014	1.1582e-011	7.2602e-014	1.5906e-013	1.4110e-014	1.0320e-005	
"26.06.2024 13:41:43.537"	1.3996e-010	-8.6643e-014	1.1756e-011	7.2825e-014	1.4952e-013	1.4045e-014	1.0320e-005	
"26.06.2024 13:41:43.820"	1.4145e-010	-8.5812e-014	1.1204e-011	7.4973e-014	1.5506e-013	1.4619e-014	1.0320e-005	
"26.06.2024 13:41:44.104"	1.3896e-010	-8.1129e-014	1.1511e-011	7.2441e-014	1.5596e-013	1.3863e-014	1.0346e-005	
"26.06.2024 13:41:44.387"	1.3958e-010	-8.8862e-014	1.1737e-011	7.1539e-014	1.4705e-013	1.3665e-014	1.0346e-005	
"26.06.2024 13:41:44.671"	1.4133e-010	-8.6869e-014	1.1198e-011	7.4782e-014	1.5133e-013	1.3813e-014	1.0346e-005	
"26.06.2024 13:41:44.954"	1.3956e-010	-8.4397e-014	1.1530e-011	7.1146e-014	1.5352e-013	1.3285e-014	1.0346e-005	
"26.06.2024 13:41:45.238"	1.3978e-010	-8.7077e-014	1.1749e-011	7.1564e-014	1.4484e-013	1.3115e-014	1.0327e-005	
"26.06.2024 13:41:45.521"	1.4120e-010	-8.7558e-014	1.1189e-011	7.4481e-014	1.4765e-013	1.3115e-014	1.0327e-005	
"26.06.2024 13:41:45.805"	1.4003e-010	-8.9929e-014	1.1526e-011	7.2600e-014	1.4837e-013	1.2963e-014	1.0327e-005	
"26.06.2024 13:41:46.088"	1.3967e-010	-8.5268e-014	1.1759e-011	7.0321e-014	1.4315e-013	1.2339e-014	1.0327e-005	
"26.06.2024 13:41:46.371"	1.4136e-010	-8.7302e-014	1.1146e-011	7.4249e-014	1.4482e-013	1.2807e-014	1.0350e-005	
"26.06.2024 13:41:46.655"	1.4014e-010	-8.6413e-014	1.1502e-011	7.3566e-014	1.4201e-013	1.2606e-014	1.0350e-005	
"26.06.2024 13:41:46.938"	1.3981e-010	-8.7986e-014	1.1754e-011	7.1295e-014	1.3453e-013	1.2151e-014	1.0350e-005	
"26.06.2024 13:41:47.222"	1.4139e-010	-8.1240e-014	1.1189e-011	7.6682e-014	1.3862e-013	1.2618e-014	1.0350e-005	
"26.06.2024 13:41:47.506"	1.4010e-010	-8.5830e-014	1.1527e-011	7.3907e-014	1.4147e-013	1.2547e-014	1.0351e-005	
"26.06.2024 13:41:47.789"	1.3984e-010	-8.8910e-014	1.1787e-011	7.2400e-014	1.3487e-013	1.2094e-014	1.0351e-005	
"26.06.2024 13:41:48.072"	1.4129e-010	-8.7434e-014	1.1143e-011	7.5760e-014	1.3788e-013	1.2544e-014	1.0351e-005	
"26.06.2024 13:41:48.356"	1.4043e-010	-8.4819e-014	1.1534e-011	7.1807e-014	1.4008e-013	1.2319e-014	1.0347e-005	
"26.06.2024 13:41:48.639"	1.3960e-010	-8.6168e-014	1.1766e-011	7.2248e-014	1.3337e-013	1.1919e-014	1.0347e-005	
"26.06.2024 13:41:48.923"	1.4132e-010	-8.5360e-014	1.1193e-011	7.6031e-014	1.3283e-013	1.2028e-014	1.0347e-005	
"26.06.2024 13:41:49.206"	1.4058e-010	-8.8727e-014	1.1501e-011	7.4258e-014	1.3890e-013	1.2450e-014	1.0347e-005	
"26.06.2024 13:41:49.489"	1.3951e-010	-8.8280e-014	1.1740e-011	7.2971e-014	1.3236e-013	1.1740e-014	1.0354e-005	
"26.06.2024 13:41:49.773"	1.4133e-010	-8.7436e-014	1.1182e-011	7.4362e-014	1.3151e-013	1.1922e-014	1.0354e-005	
"26.06.2024 13:41:50.056"	1.4075e-010	-8.5783e-014	1.1512e-011	7.4269e-014	1.3030e-013	1.2188e-014	1.0354e-005	
"26.06.2024 13:41:50.340"	1.3964e-010	-8.8383e-014	1.1762e-011	7.2458e-014	1.2388e-013	1.1327e-014	1.0354e-005	
"26.06.2024 13:41:50.623"	1.4110e-010	-9.0350e-014	1.1169e-011	7.3160e-014	1.2835e-013	1.1636e-014	1.0349e-005	
"26.06.2024 13:41:50.906"	1.4110e-010	-8.6820e-014	1.1505e-011	7.4232e-014	1.3141e-013	1.1692e-014	1.0349e-005	
"26.06.2024 13:41:51.190"	1.3937e-010	-8.5172e-014	1.1729e-011	7.1216e-014	1.2204e-013	1.1121e-014	1.0349e-005	
"26.06.2024 13:41:51.473"	1.4117e-010	-8.4890e-014	1.1188e-011	7.5648e-014	1.3045e-013	1.1573e-014	1.0349e-005	
"26.06.2024 13:41:51.757"	1.4114e-010	-8.3724e-014	1.1451e-011	7.4363e-014	1.3081e-013	1.1306e-014	1.0349e-005	
"26.06.2024 13:41:52.041"	1.3942e-010	-8.5905e-014	1.1732e-011	7.1620e-014	1.2612e-013	1.1208e-014	1.0349e-005	
"26.06.2024 13:41:52.324"	1.4122e-010	-8.6376e-014	1.1180e-011	7.4813e-014	1.2887e-013	1.1500e-014	1.0349e-005	
"26.06.2024 13:41:52.608"	1.4126e-010	-8.4195e-014	1.1463e-011	7.3099e-014	1.2819e-013	1.1772e-014	1.0349e-005	
"26.06.2024 13:41:52.891"	1.3949e-010	-8.5871e-014	1.1759e-011	7.2919e-014	1.2384e-013	1.0815e-014	1.0347e-005	
"26.06.2024 13:41:53.174"	1.4107e-010	-8.6168e-014	1.1194e-011	7.5672e-014	1.2600e-013	1.1603e-014	1.0347e-005	
"26.06.2024 13:41:53.458"	1.4151e-010	-8.5244e-014	1.1520e-011	7.2263e-014	1.2735e-013	1.1286e-014	1.0347e-005	
"26.06.2024 13:41:53.741"	1.3954e-010	-8.7820e-014	1.1730e-011	7.1901e-014	1.2372e-013	1.0537e-014	1.0347e-005	
"26.06.2024 13:41:54.026"	1.4124e-010	-8.6904e-014	1.1160e-011	7.6483e-014	1.2354e-013	1.0690e-014	1.0348e-005	
"26.06.2024 13:41:54.310"	1.4124e-010	-8.5765e-014	1.1515e-011	7.2766e-014	1.2706e-013	1.1163e-014	1.0348e-005	
"26.06.2024 13:41:54.593"	1.3947e-010	-8.6311e-014	1.1738e-011	7.1720e-014	1.1589e-013	1.0499e-014	1.0348e-005	
"26.06.2024 13:41:54.877"	1.4132e-010	-8.5948e-014	1.1171e-011	7.6707e-014	1.2208e-013	1.1157e-014	1.0348e-005	
"26.06.2024 13:41:55.161"	1.4111e-010	-8.4635e-014	1.1499e-011	7.4649e-014	1.2698e-013	1.0793e-014	1.0348e-005	
"26.06.2024 13:41:55.444"	1.3969e-010	-8.4745e-014	1.1759e-011	7.0256e-014	1.1861e-013	1.0359e-014	1.0348e-005	
"26.06.2024 13:41:55.729"	1.4114e-010	-8.5861e-014	1.1204e-011	7.4448e-014	1.1972e-013	1.0693e-014	1.0348e-005	
"26.06.2024 13:41:56.012"	1.4101e-010	-8.6871e-014	1.1524e-011	7.4278e-014	1.1723e-013	1.0545e-014	1.0351e-005	
"26.06.2024 13:41:56.296"	1.3954e-010	-8.8122e-014	1.1702e-011	7.1539e-014	1.1516e-013	1.0266e-014	1.0351e-005	
"26.06.2024 13:41:56.579"	1.4135e-010	-8.6797e-014	1.1140e-011	7.4432e-014	1.2030e-013	1.0319e-014	1.0351e-005	
"26.06.2024 13:41:56.864"	1.4090e-010	-8.7800e-014	1.1534e-011	7.2167e-014	1.1901e-013	1.0753e-014	1.0351e-005	
"26.06.2024 13:41:57.147"	1.3952e-010	-8.4555e-014	1.1744e-011	7.1272e-014	1.1414e-013	9.9469e-015	1.0352e-005	
"26.06.2024 13:41:57.431"	1.4137e-010	-8.6983e-014	1.1191e-011	7.6980e-014	1.1903e-013	1.0860e-014	1.0352e-005	
"26.06.2024 13:41:57.714"	1.4100e-010	-8.6848e-014	1.1512e-011	7.3265e-014	1.2124e-013	1.0339e-014	1.0352e-005	
"26.06.2024 13:41:57.997"	1.3964e-010	-8.7604e-014	1.1759e-011	7.0383e-014	1.1153e-013	1.0133e-014	1.0352e-005	
"26.06.2024 13:41:58.281"	1.4121e-010	-8.8411e-014	1.1169e-011	7.4773e-014	1.1473e-013	1.0227e-014	1.0366e-005	
"26.06.2024 13:41:58.564"	1.4124e-010	-8.8043e-014	1.1521e-011	7.1903e-014	1.1665e-013	1.0694e-014	1.0366e-005	
"26.06.2024 13:41:58.848"	1.3941e-010	-8.3405e-014	1.1756e-011	7.1947e-014	1.1222e-013	9.6715e-015	1.0366e-005	
"26.06.2024 13:41:59.131"	1.4123e-010	-8.5153e-014	1.1173e-011	7.6167e-014	1.1363e-013	1.0330e-014	1.0366e-005	
"26.06.2024 13:41:59.415"	1.4145e-010	-8.7371e-014	1.1509e-011	7.3638e-014	1.1957e-013	1.0346e-014	1.0373e-005	
"26.06.2024 13:41:59.698"	1.3932e-010	-8.4425e-014	1.1730e-011	7.2197e-014	1.1025e-013	9.8503e-015	1.0373e-005	
"26.06.2024 13:41:59.981"	1.4122e-010	-8.4306e-014	1.1198e-011	7.5782e-014	1.1392e-013	1.0020e-014	1.0373e-005	
"26.06.2024 13:42:00.265"	1.4147e-010	-8.5408e-014	1.1487e-011	7.2592e-014	1.1200e-013	1.0068e-014	1.0373e-005	
"26.06.2024 13:42:00.548"	1.3951e-010	-8.5676e-014	1.1756e-011	7.1161e-014	1.0908e-013	9.8694e-015	1.0388e-005	
"26.06.2024 13:42:00.832"	1.4116e-010	-8.4354e-014	1.1205e-011	7.6167e-014	1.1176e-013	9.6608e-015	1.0388e-005	
"26.06.2024 13:42:01.116"	1.4168e-010	-8.6446e-014	1.1516e-011	7.3812e-014	1.1539e-013	1.0138e-014	1.0388e-005	
"26.06.2024 13:42:01.399"	1.3935e-010	-8.4380e-014	1.1742e-011	7.3036e-014	1.1025e-013	9.7371e-015	1.0388e-005	
"26.06.2024 13:42:01.682"	1.4109e-010	-8.5499e-014	1.1172e-011	7.5969e-014	1.1004e-013	9.8169e-015	1.0391e-005	
"26.06.2024 13:42:01.966"	1.4189e-010	-8.8715e-014	1.1467e-011	7.4131e-014	1.1230e-013	1.0138e-014	1.0391e-005	
"26.06.2024 13:42:02.249"	1.3918e-010	-8.7950e-014	1.1712e-011	7.1189e-014	1.0665e-013	9.4617e-015	1.0391e-005	
"26.06.2024 13:42:02.533"	1.4115e-010	-8.6224e-014	1.1265e-011	7.5288e-014	1.1132e-013	9.8455e-015	1.0388e-005	
"26.06.2024 13:42:02.816"	1.4181e-010	-8.3668e-014	1.1464e-011	7.5205e-014	1.1041e-013	1.0043e-014	1.0388e-005	
"26.06.2024 13:42:03.099"	1.3920e-010	-8.7422e-014	1.1735e-011	7.1255e-014	1.0392e-013	9.8539e-015	1.0388e-005	
"26.06.2024 13:42:03.383"	1.4108e-010	-8.5998e-014	1.1237e-011	7.5759e-014	1.0864e-013	9.8789e-015	1.0388e-005	
"26.06.2024 13:42:03.666"	1.4207e-010	-8.6795e-014	1.1487e-011	7.2422e-014	1.0896e-013	1.0210e-014	1.0380e-005	
"26.06.2024 13:42:03.950"	1.3908e-010	-8.9269e-014	1.1682e-011	7.1678e-014	1.0505e-013	9.3699e-015	1.0380e-005	
"26.06.2024 13:42:04.233"	1.4096e-010	-8.7524e-014	1.1250e-011	7.6083e-014	1.0696e-013	9.6810e-015	1.0380e-005	
"26.06.2024 13:42:04.517"	1.4227e-010	-8.6311e-014	1.1511e-011	7.4917e-014	1.0972e-013	9.7824e-015	1.0380e-005	
"26.06.2024 13:42:04.800"	1.3888e-010	-9.0391e-014	1.1707e-011	7.2406e-014	1.0386e-013	9.0349e-015	1.0387e-005	
"26.06.2024 13:42:05.083"	1.4110e-010	-8.6450e-014	1.1261e-011	7.5221e-014	1.0533e-013	9.5070e-015	1.0387e-005	
"26.06.2024 13:42:05.367"	1.4215e-010	-8.7963e-014	1.1436e-011	7.3260e-014	1.1343e-013	9.8229e-015	1.0387e-005	
"26.06.2024 13:42:05.651"	1.3896e-010	-8.6977e-014	1.1719e-011	7.2828e-014	1.0421e-013	9.0313e-015	1.0387e-005	
"26.06.2024 13:42:05.934"	1.4097e-010	-8.7393e-014	1.1303e-011	7.4810e-014	1.0297e-013	9.1041e-015	1.0387e-005	
"26.06.2024 13:42:06.218"	1.4230e-010	-8.6814e-014	1.1515e-011	7.3297e-014	1.0542e-013	9.5535e-015	1.0387e-005	
"26.06.2024 13:42:06.501"	1.3884e-010	-8.8461e-014	1.1718e-011	7.2100e-014	1.0341e-013	9.1613e-015	1.0387e-005	
"26.06.2024 13:42:06.784"	1.4093e-010	-8.5806e-014	1.1319e-011	7.5159e-014	1.0490e-013	9.3484e-015	1.0387e-005	
"26.06.2024 13:42:07.068"	1.4242e-010	-8.7351e-014	1.1491e-011	7.3022e-014	1.0686e-013	9.4021e-015	1.0390e-005	
"26.06.2024 13:42:07.351"	1.3874e-010	-8.7326e-014	1.1715e-011	7.1416e-014	1.0029e-013	8.9276e-015	1.0390e-005	
"26.06.2024 13:42:07.635"	1.4105e-010	-8.4902e-014	1.1367e-011	7.8704e-014	1.0184e-013	9.1541e-015	1.0390e-005	
"26.06.2024 13:42:07.918"	1.4226e-010	-8.2655e-014	1.1405e-011	7.4693e-014	1.0983e-013	9.3115e-015	1.0390e-005	
"26.06.2024 13:42:08.201"	1.3876e-010	-8.8215e-014	1.1708e-011	7.2049e-014	9.9118e-014	8.9610e-015	1.0389e-005	
"26.06.2024 13:42:08.485"	1.4083e-010	-8.6860e-014	1.1383e-011	7.5209e-014	1.0232e-013	8.9872e-015	1.0389e-005	
"26.06.2024 13:42:08.768"	1.4243e-010	-9.0333e-014	1.1457e-011	7.4607e-014	1.0343e-013	9.2686e-015	1.0389e-005	
"26.06.2024 13:42:09.052"	1.3867e-010	-8.5685e-014	1.1672e-011	7.2341e-014	1.0225e-013	8.5998e-015	1.0385e-005	
"26.06.2024 13:42:09.336"	1.4088e-010	-8.9017e-014	1.1381e-011	7.6639e-014	1.0161e-013	9.2936e-015	1.0385e-005	
"26.06.2024 13:42:09.619"	1.4246e-010	-9.0036e-014	1.1449e-011	7.3759e-014	1.0556e-013	9.1815e-015	1.0385e-005	
"26.06.2024 13:42:09.904"	1.3868e-010	-8.8980e-014	1.1682e-011	7.3886e-014	9.6398e-014	8.7858e-015	1.0385e-005	
"26.06.2024 13:42:10.187"	1.4095e-010	-8.6361e-014	1.1394e-011	7.5641e-014	9.7081e-014	8.8454e-015	1.0388e-005	
"26.06.2024 13:42:10.471"	1.4224e-010	-8.6367e-014	1.1496e-011	7.3929e-014	1.0249e-013	8.7965e-015	1.0388e-005	
"26.06.2024 13:42:10.755"	1.3877e-010	-8.7254e-014	1.1733e-011	7.0575e-014	9.3655e-014	8.3149e-015	1.0388e-005	
"26.06.2024 13:42:11.038"	1.4082e-010	-8.4675e-014	1.1381e-011	7.4851e-014	1.0040e-013	9.0027e-015	1.0388e-005	
"26.06.2024 13:42:11.322"	1.4250e-010	-8.7612e-014	1.1443e-011	7.2557e-014	1.0303e-013	8.9622e-015	1.0387e-005	
"26.06.2024 13:42:11.605"	1.3874e-010	-8.9558e-014	1.1728e-011	7.2220e-014	9.5581e-014	8.4520e-015	1.0387e-005	
"26.06.2024 13:42:11.889"	1.4082e-010	-9.0443e-014	1.1372e-011	7.5659e-014	9.7522e-014	8.8954e-015	1.0387e-005	
"26.06.2024 13:42:12.173"	1.4247e-010	-8.5837e-014	1.1437e-011	7.3862e-014	1.0054e-013	8.9992e-015	1.0387e-005	
"26.06.2024 13:42:12.456"	1.3862e-010	-8.5901e-014	1.1704e-011	7.1678e-014	9.8063e-014	8.8108e-015	1.0390e-005	
"26.06.2024 13:42:12.740"	1.4089e-010	-8.7007e-014	1.1418e-011	7.4547e-014	9.7436e-014	8.6785e-015	1.0390e-005	
"26.06.2024 13:42:13.023"	1.4225e-010	-8.4971e-014	1.1451e-011	7.2353e-014	9.8132e-014	8.6332e-015	1.0390e-005	
"26.06.2024 13:42:13.306"	1.3859e-010	-8.7820e-014	1.1671e-011	6.9427e-014	9.6713e-014	8.4103e-015	1.0390e-005	
"26.06.2024 13:42:13.590"	1.4077e-010	-8.4369e-014	1.1423e-011	7.5748e-014	9.6901e-014	8.9419e-015	1.0387e-005	
"26.06.2024 13:42:13.873"	1.4245e-010	-8.4516e-014	1.1479e-011	7.4030e-014	9.3892e-014	8.8549e-015	1.0387e-005	
"26.06.2024 13:42:14.157"	1.3855e-010	-8.6317e-014	1.1695e-011	7.2474e-014	9.5320e-014	8.1575e-015	1.0387e-005	
"26.06.2024 13:42:14.441"	1.4079e-010	-8.8425e-014	1.1460e-011	7.6709e-014	9.5980e-014	8.6379e-015	1.0387e-005	
"26.06.2024 13:42:14.724"	1.4233e-010	-8.4233e-014	1.1424e-011	7.3401e-014	9.7974e-014	8.7929e-015	1.0391e-005	
"26.06.2024 13:42:15.008"	1.3849e-010	-8.6216e-014	1.1687e-011	7.1677e-014	9.5239e-014	8.2577e-015	1.0391e-005	
"26.06.2024 13:42:15.291"	1.4080e-010	-8.6746e-014	1.1475e-011	7.6057e-014	9.2159e-014	8.4341e-015	1.0391e-005	
"26.06.2024 13:42:15.575"	1.4227e-010	-8.6520e-014	1.1394e-011	7.4785e-014	9.5724e-014	8.5414e-015	1.0391e-005	
"26.06.2024 13:42:15.858"	1.3849e-010	-8.5938e-014	1.1677e-011	7.1500e-014	9.0888e-014	8.4281e-015	1.0387e-005	
"26.06.2024 13:42:16.141"	1.4057e-010	-8.7300e-014	1.1525e-011	7.6611e-014	9.4060e-014	8.3030e-015	1.0387e-005	
"26.06.2024 13:42:16.425"	1.4233e-010	-8.5338e-014	1.1429e-011	7.3268e-014	9.8658e-014	8.5748e-015	1.0387e-005	
"26.06.2024 13:42:16.708"	1.3835e-010	-8.6386e-014	1.1649e-011	7.3668e-014	9.3052e-014	7.8154e-015	1.0387e-005	
"26.06.2024 13:42:16.992"	1.4072e-010	-8.4855e-014	1.1506e-011	7.5070e-014	9.8309e-014	8.9741e-015	1.0387e-005	
"26.06.2024 13:42:17.275"	1.4224e-010	-8.7874e-014	1.1424e-011	7.3667e-014	9.6940e-014	8.8716e-015	1.0387e-005	
"26.06.2024 13:42:17.558"	1.3827e-010	-8.6113e-014	1.1658e-011	7.1785e-014	9.6459e-014	8.5950e-015	1.0387e-005	
"26.06.2024 13:42:17.842"	1.4067e-010	-8.8963e-014	1.1597e-011	7.5161e-014	9.2389e-014	8.5354e-015	1.0383e-005	
"26.06.2024 13:42:18.125"	1.3981e-010	-8.6267e-014	1.2014e-011	7.0155e-014	8.3287e-012	9.1006e-014	1.0383e-005	
"26.06.2024 13:42:18.409"	1.2763e-010	-8.4782e-014	1.0749e-011	7.9110e-014	2.2661e-011	1.1764e-014	1.0383e-005	
"26.06.2024 13:42:18.692"	1.2731e-010	-8.9001e-014	9.6913e-012	8.7381e-014	2.7303e-011	-1.1677e-014	1.0383e-005	
"26.06.2024 13:42:18.976"	1.2731e-010	-9.1019e-014	9.5287e-012	8.6751e-014	2.9141e-011	-1.7837e-014	1.0265e-005	
"26.06.2024 13:42:19.260"	1.2381e-010	-8.5456e-014	9.7489e-012	8.6158e-014	2.8129e-011	-1.0769e-014	1.0265e-005	
"26.06.2024 13:42:19.543"	1.2596e-010	-8.9127e-014	9.7260e-012	8.7290e-014	2.7605e-011	-1.0296e-014	1.0265e-005	
"26.06.2024 13:42:19.826"	1.2672e-010	-8.6372e-014	9.3874e-012	8.7516e-014	2.8508e-011	-1.5185e-014	1.0265e-005	
"26.06.2024 13:42:20.110"	1.2299e-010	-8.6438e-014	9.5164e-012	8.7562e-014	2.8211e-011	-1.1338e-014	1.0140e-005	
"26.06.2024 13:42:20.393"	1.2440e-010	-8.6682e-014	9.5547e-012	8.8861e-014	2.8551e-011	-1.6501e-014	1.0140e-005	
"26.06.2024 13:42:20.677"	1.2497e-010	-8.7594e-014	9.1727e-012	8.8866e-014	2.9254e-011	-1.9286e-014	1.0140e-005	
"26.06.2024 13:42:20.960"	1.2210e-010	-8.6584e-014	9.3532e-012	8.8466e-014	2.8826e-011	-1.3077e-014	1.0140e-005	
"26.06.2024 13:42:21.243"	1.2347e-010	-8.5152e-014	9.4787e-012	8.9298e-014	2.8530e-011	-1.5466e-014	9.9982e-006	
"26.06.2024 13:42:21.527"	1.2429e-010	-8.5834e-014	9.0626e-012	8.8876e-014	2.9232e-011	-1.8671e-014	9.9982e-006	
"26.06.2024 13:42:21.810"	1.2220e-010	-8.5244e-014	9.2686e-012	9.0224e-014	2.9038e-011	-1.3790e-014	9.9982e-006	
"26.06.2024 13:42:22.094"	1.2305e-010	-8.6891e-014	9.3920e-012	8.8318e-014	2.8531e-011	-1.6127e-014	9.9982e-006	
"26.06.2024 13:42:22.377"	1.2396e-010	-8.8683e-014	9.0039e-012	9.0336e-014	2.9229e-011	-1.8982e-014	9.9068e-006	
"26.06.2024 13:42:22.661"	1.2235e-010	-8.8380e-014	9.2324e-012	8.9537e-014	2.9285e-011	-1.6537e-014	9.9068e-006	
"26.06.2024 13:42:22.944"	1.2282e-010	-8.6217e-014	9.3788e-012	8.8146e-014	2.8519e-011	-1.5044e-014	9.9068e-006	
"26.06.2024 13:42:23.227"	1.2374e-010	-8.5827e-014	8.9647e-012	9.0968e-014	2.9218e-011	-1.9879e-014	9.8640e-006	
"26.06.2024 13:42:23.511"	1.2256e-010	-8.5621e-014	9.2115e-012	8.9561e-014	2.9390e-011	-1.4587e-014	9.8640e-006	
"26.06.2024 13:42:23.795"	1.2258e-010	-8.3258e-014	9.3716e-012	8.7337e-014	2.8553e-011	-1.6317e-014	9.8640e-006	
"26.06.2024 13:42:24.079"	1.2369e-010	-8.7421e-014	8.9524e-012	9.0014e-014	2.9266e-011	-1.9752e-014	9.8640e-006	
"26.06.2024 13:42:24.362"	1.2265e-010	-8.5697e-014	9.1850e-012	8.9336e-014	2.9391e-011	-1.5199e-014	9.8304e-006	
"26.06.2024 13:42:24.646"	1.2249e-010	-8.6414e-014	9.3961e-012	8.6972e-014	2.8551e-011	-1.3951e-014	9.8304e-006	
"26.06.2024 13:42:24.930"	1.2352e-010	-8.4391e-014	8.9300e-012	9.0541e-014	2.9296e-011	-1.8890e-014	9.8304e-006	
"26.06.2024 13:42:25.214"	1.2269e-010	-8.7312e-014	9.1870e-012	8.9735e-014	2.9599e-011	-1.5702e-014	9.8304e-006	
"26.06.2024 13:42:25.498"	1.2239e-010	-8.4708e-014	9.3660e-012	8.8084e-014	2.8561e-011	-1.4565e-014	9.8064e-006	
"26.06.2024 13:42:25.782"	1.2341e-010	-8.5851e-014	8.9320e-012	9.1061e-014	2.9310e-011	-1.9127e-014	9.8064e-006	
"26.06.2024 13:42:26.065"	1.2293e-010	-8.6329e-014	9.1932e-012	8.9462e-014	2.9598e-011	-1.3732e-014	9.8064e-006	
"26.06.2024 13:42:26.349"	1.2225e-010	-8.5894e-014	9.3314e-012	8.9127e-014	2.8584e-011	-1.4212e-014	9.8064e-006	
"26.06.2024 13:42:26.632"	1.2338e-010	-8.5947e-014	8.9310e-012	9.1135e-014	2.9326e-011	-1.9269e-014	9.7885e-006	
"26.06.2024 13:42:26.917"	1.2306e-010	-8.8286e-014	9.1809e-012	8.9572e-014	2.9724e-011	-1.6837e-014	9.7885e-006	
"26.06.2024 13:42:27.200"	1.2219e-010	-8.2299e-014	9.3303e-012	8.8009e-014	2.8516e-011	-1.5941e-014	9.7885e-006	
"26.06.2024 13:42:27.483"	1.2329e-010	-8.6849e-014	8.9126e-012	9.0214e-014	2.9280e-011	-1.8330e-014	9.7885e-006	
"26.06.2024 13:42:27.767"	1.2343e-010	-8.6121e-014	9.1554e-012	9.0201e-014	2.9801e-011	-1.8147e-014	9.7786e-006	
"26.06.2024 13:42:28.051"	1.2197e-010	-8.7334e-014	9.2992e-012	8.9423e-014	2.8538e-011	-1.6131e-014	9.7786e-006	
"26.06.2024 13:42:28.334"	1.2320e-010	-8.9565e-014	8.9351e-012	9.0872e-014	2.9283e-011	-1.8262e-014	9.7786e-006	
"26.06.2024 13:42:28.618"	1.2363e-010	-8.3660e-014	9.1615e-012	8.9772e-014	2.9873e-011	-1.7841e-014	9.7786e-006	
"26.06.2024 13:42:28.901"	1.2183e-010	-8.8413e-014	9.3012e-012	8.9096e-014	2.8552e-011	-1.5490e-014	9.7618e-006	
"26.06.2024 13:42:29.185"	1.2303e-010	-8.6911e-014	8.9580e-012	9.0390e-014	2.9213e-011	-1.6116e-014	9.7618e-006	
"26.06.2024 13:42:29.468"	1.2386e-010	-8.7050e-014	9.1360e-012	8.9257e-014	2.9822e-011	-1.8956e-014	9.7618e-006	
"26.06.2024 13:42:29.751"	1.2144e-010	-8.6175e-014	9.2854e-012	8.9184e-014	2.8432e-011	-1.6978e-014	9.7618e-006	
"26.06.2024 13:42:30.035"	1.2303e-010	-8.5858e-014	9.0054e-012	9.1253e-014	2.9160e-011	-1.7421e-014	9.7477e-006	
"26.06.2024 13:42:30.318"	1.2391e-010	-8.5786e-014	9.1202e-012	9.0273e-014	2.9792e-011	-2.2450e-014	9.7477e-006	
"26.06.2024 13:42:30.602"	1.2129e-010	-8.4617e-014	9.2691e-012	8.9115e-014	2.8419e-011	-1.5651e-014	9.7477e-006	
"26.06.2024 13:42:30.885"	1.2288e-010	-8.8373e-014	9.0815e-012	9.1004e-014	2.9109e-011	-1.6393e-014	9.7468e-006	
"26.06.2024 13:42:31.168"	1.2390e-010	-9.0813e-014	9.1003e-012	9.0067e-014	2.9811e-011	-2.1126e-014	9.7468e-006	
"26.06.2024 13:42:31.452"	1.2114e-010	-8.7067e-014	9.2533e-012	8.8082e-014	2.8568e-011	-1.5806e-014	9.7468e-006	
"26.06.2024 13:42:31.735"	1.2275e-010	-8.3970e-014	9.1594e-012	9.1269e-014	2.9108e-011	-1.5497e-014	9.7468e-006	
"26.06.2024 13:42:32.019"	1.2376e-010	-8.3340e-014	9.0855e-012	8.9848e-014	2.9787e-011	-2.3631e-014	9.7478e-006	
"26.06.2024 13:42:32.302"	1.2095e-010	-8.5432e-014	9.2487e-012	8.8917e-014	2.8508e-011	-1.7262e-014	9.7478e-006	
"26.06.2024 13:42:32.586"	1.2278e-010	-8.5833e-014	9.2069e-012	9.1109e-014	2.9101e-011	-1.7656e-014	9.7478e-006	
"26.06.2024 13:42:32.869"	1.2376e-010	-8.6467e-014	9.0733e-012	8.9864e-014	2.9698e-011	-1.8180e-014	9.7478e-006	
"26.06.2024 13:42:33.153"	1.2077e-010	-8.2638e-014	9.2416e-012	8.8369e-014	2.8644e-011	-1.2226e-014	9.7483e-006	
"26.06.2024 13:42:33.436"	1.2265e-010	-8.5264e-014	9.2655e-012	9.0931e-014	2.9035e-011	-1.6383e-014	9.7483e-006	
"26.06.2024 13:42:33.720"	1.2365e-010	-8.6042e-014	9.0738e-012	8.9835e-014	2.9672e-011	-2.1438e-014	9.7483e-006	
"26.06.2024 13:42:34.003"	1.2067e-010	-8.6831e-014	9.2242e-012	8.9865e-014	2.8747e-011	-1.3131e-014	9.7483e-006	
"26.06.2024 13:42:34.286"	1.2268e-010	-9.0405e-014	9.2850e-012	9.0906e-014	2.9018e-011	-1.6258e-014	9.7501e-006	
"26.06.2024 13:42:34.570"	1.2361e-010	-8.2730e-014	9.0458e-012	9.0394e-014	2.9692e-011	-2.0002e-014	9.7501e-006	
"26.06.2024 13:42:34.853"	1.2059e-010	-8.8368e-014	9.2258e-012	9.0108e-014	2.8934e-011	-1.3148e-014	9.7501e-006	
"26.06.2024 13:42:35.137"	1.2251e-010	-8.6106e-014	9.3543e-012	9.0788e-014	2.8919e-011	-1.8703e-014	9.7501e-006	
"26.06.2024 13:42:35.420"	1.2356e-010	-9.0718e-014	8.9988e-012	8.9339e-014	2.9699e-011	-2.0028e-014	9.7498e-006	
"26.06.2024 13:42:35.704"	1.2075e-010	-8.5757e-014	9.1926e-012	8.8827e-014	2.9053e-011	-1.4609e-014	9.7498e-006	
"26.06.2024 13:42:35.987"	1.2246e-010	-8.3656e-014	9.3563e-012	8.9391e-014	2.8860e-011	-1.7233e-014	9.7498e-006	
"26.06.2024 13:42:36.270"	1.2351e-010	-8.7484e-014	8.9718e-012	8.9715e-014	2.9521e-011	-2.0667e-014	9.7498e-006	
"26.06.2024 13:42:36.554"	1.2110e-010	-8.6695e-014	9.1901e-012	8.8535e-014	2.9264e-011	-1.4509e-014	9.7146e-006	
"26.06.2024 13:42:36.837"	1.2243e-010	-8.8901e-014	9.3175e-012	8.7694e-014	2.8849e-011	-1.6685e-014	9.7146e-006	
"26.06.2024 13:42:37.121"	1.2334e-010	-8.8122e-014	8.9519e-012	9.0746e-014	2.9493e-011	-1.9351e-014	9.7146e-006	
"26.06.2024 13:42:37.405"	1.2152e-010	-8.6748e-014	9.1926e-012	8.9058e-014	2.9441e-011	-1.5106e-014	9.7153e-006	
"26.06.2024 13:42:37.688"	1.2233e-010	-8.7904e-014	9.3252e-012	8.7659e-014	2.8791e-011	-1.7635e-014	9.7153e-006	
"26.06.2024 13:42:37.971"	1.2329e-010	-8.9152e-014	8.9264e-012	9.0189e-014	2.9523e-011	-2.3359e-014	9.7153e-006	
"26.06.2024 13:42:38.255"	1.2200e-010	-9.1385e-014	9.1666e-012	8.9466e-014	2.9558e-011	-1.7994e-014	9.7153e-006	
"26.06.2024 13:42:38.538"	1.2220e-010	-9.1801e-014	9.3176e-012	8.8278e-014	2.8802e-011	-1.6091e-014	9.7092e-006	
"26.06.2024 13:42:38.822"	1.2330e-010	-8.6314e-014	8.9284e-012	9.0250e-014	2.9526e-011	-1.7773e-014	9.7092e-006	
"26.06.2024 13:42:39.107"	1.2200e-010	-8.6806e-014	9.1742e-012	9.0058e-014	2.9577e-011	-1.4763e-014	9.7092e-006	
"26.06.2024 13:42:39.390"	1.2224e-010	-8.3678e-014	9.3409e-012	8.8532e-014	2.8787e-011	-1.7126e-014	9.7092e-006	
"26.06.2024 13:42:39.674"	1.2319e-010	-8.8184e-014	8.9218e-012	9.0785e-014	2.9489e-011	-2.1654e-014	9.7100e-006	
"26.06.2024 13:42:39.958"	1.2233e-010	-8.5845e-014	9.1651e-012	9.0387e-014	2.9730e-011	-1.7965e-014	9.7100e-006	
"26.06.2024 13:42:40.241"	1.2218e-010	-8.8291e-014	9.3354e-012	8.9257e-014	2.8708e-011	-1.6226e-014	9.7100e-006	
"26.06.2024 13:42:40.526"	1.2328e-010	-8.6171e-014	8.9269e-012	9.0185e-014	2.9473e-011	-1.9921e-014	9.7100e-006	
"26.06.2024 13:42:40.810"	1.2238e-010	-8.5628e-014	9.1728e-012	9.0592e-014	2.9699e-011	-1.5395e-014	9.7120e-006	
"26.06.2024 13:42:41.093"	1.2211e-010	-8.4238e-014	9.3100e-012	8.8929e-014	2.8758e-011	-1.7227e-014	9.7120e-006	
"26.06.2024 13:42:41.377"	1.2318e-010	-8.5263e-014	8.9137e-012	9.0617e-014	2.9447e-011	-2.2314e-014	9.7120e-006	
"26.06.2024 13:42:41.661"	1.2275e-010	-8.7063e-014	9.1686e-012	9.0652e-014	2.9871e-011	-1.6741e-014	9.7120e-006	
"26.06.2024 13:42:41.944"	1.2206e-010	-9.0356e-014	9.3139e-012	8.9002e-014	2.8750e-011	-1.3542e-014	9.7085e-006	
"26.06.2024 13:42:42.228"	1.2310e-010	-8.6074e-014	8.9019e-012	9.0237e-014	2.9432e-011	-1.9530e-014	9.7085e-006	
"26.06.2024 13:42:42.511"	1.2323e-010	-8.3192e-014	9.1768e-012	9.1530e-014	2.9945e-011	-1.4916e-014	9.7085e-006	
"26.06.2024 13:42:42.794"	1.2186e-010	-8.6707e-014	9.2921e-012	8.9572e-014	2.8658e-011	-1.6775e-014	9.7085e-006	
"26.06.2024 13:42:43.078"	1.2309e-010	-8.6368e-014	8.9091e-012	9.1561e-014	2.9414e-011	-1.8357e-014	9.7071e-006	
"26.06.2024 13:42:43.362"	1.2351e-010	-8.6515e-014	9.1401e-012	9.0238e-014	3.0014e-011	-1.7901e-014	9.7071e-006	
"26.06.2024 13:42:43.645"	1.2170e-010	-8.4435e-014	9.2763e-012	8.9039e-014	2.8692e-011	-1.6006e-014	9.7071e-006	
"26.06.2024 13:42:43.928"	1.2296e-010	-8.5652e-014	8.9539e-012	9.1621e-014	2.9313e-011	-1.8625e-014	9.7088e-006	
"26.06.2024 13:42:44.212"	1.2386e-010	-8.5241e-014	9.1375e-012	8.9039e-014	2.9998e-011	-2.0878e-014	9.7088e-006	
"26.06.2024 13:42:44.495"	1.2150e-010	-8.4059e-014	9.2757e-012	8.8376e-014	2.8637e-011	-1.5011e-014	9.7088e-006	
"26.06.2024 13:42:44.779"	1.2289e-010	-8.6341e-014	8.9957e-012	9.1426e-014	2.9400e-011	-2.0435e-014	9.7088e-006	
"26.06.2024 13:42:45.062"	1.2383e-010	-8.7842e-014	9.0921e-012	8.8827e-014	2.9992e-011	-2.1104e-014	9.7095e-006	
"26.06.2024 13:42:45.346"	1.2128e-010	-8.4228e-014	9.2589e-012	8.9363e-014	2.8591e-011	-1.5014e-014	9.7095e-006	
"26.06.2024 13:42:45.629"	1.2286e-010	-8.5170e-014	9.0692e-012	9.1948e-014	2.9233e-011	-1.9043e-014	9.7095e-006	
"26.06.2024 13:42:45.912"	1.2387e-010	-8.7989e-014	9.1049e-012	9.0387e-014	2.9941e-011	-2.1236e-014	9.7095e-006	
"26.06.2024 13:42:46.196"	1.2123e-010	-8.6940e-014	9.2400e-012	8.9195e-014	2.8628e-011	-1.3576e-014	9.7074e-006	
"26.06.2024 13:42:46.480"	1.2277e-010	-8.5213e-014	9.0906e-012	9.2496e-014	2.9274e-011	-1.8742e-014	9.7074e-006	
"26.06.2024 13:42:46.763"	1.2380e-010	-8.7381e-014	9.1105e-012	9.0471e-014	2.9931e-011	-2.0968e-014	9.7074e-006	
"26.06.2024 13:42:47.047"	1.2102e-010	-8.3820e-014	9.2359e-012	8.9362e-014	2.8638e-011	-1.6298e-014	9.7074e-006	
"26.06.2024 13:42:47.330"	1.2280e-010	-8.6923e-014	9.1758e-012	9.1678e-014	2.9246e-011	-1.7076e-014	9.7111e-006	
"26.06.2024 13:42:47.613"	1.2365e-010	-8.7359e-014	9.0789e-012	9.0386e-014	2.9931e-011	-2.0440e-014	9.7111e-006	
"26.06.2024 13:42:47.897"	1.2081e-010	-8.4781e-014	9.2533e-012	8.8414e-014	2.8743e-011	-1.3123e-014	9.7111e-006	
"26.06.2024 13:42:48.180"	1.2270e-010	-8.7185e-014	9.2089e-012	9.2209e-014	2.9200e-011	-1.9419e-014	9.7111e-006	
"26.06.2024 13:42:48.464"	1.2371e-010	-8.7751e-014	9.0703e-012	8.9721e-014	2.9895e-011	-2.2673e-014	9.7098e-006	
"26.06.2024 13:42:48.747"	1.2074e-010	-8.8845e-014	9.2298e-012	8.8630e-014	2.8794e-011	-1.5386e-014	9.7098e-006	
"26.06.2024 13:42:49.031"	1.2262e-010	-8.6133e-014	9.2681e-012	9.2099e-014	2.9151e-011	-1.8861e-014	9.7098e-006	
"26.06.2024 13:42:49.314"	1.2359e-010	-8.3207e-014	9.0345e-012	9.0636e-014	2.9844e-011	-2.1454e-014	9.7098e-006	
"26.06.2024 13:42:49.597"	1.2066e-010	-8.5741e-014	9.2278e-012	8.8708e-014	2.8905e-011	-1.5311e-014	9.7113e-006	
"26.06.2024 13:42:49.881"	1.2261e-010	-8.6661e-014	9.3120e-012	9.0994e-014	2.9094e-011	-1.4690e-014	9.7113e-006	
"26.06.2024 13:42:50.164"	1.2355e-010	-8.9365e-014	9.0264e-012	9.0560e-014	2.9764e-011	-2.2880e-014	9.7113e-006	
"26.06.2024 13:42:50.448"	1.2065e-010	-9.0460e-014	9.2110e-012	8.9595e-014	2.9039e-011	-1.4027e-014	9.7113e-006	
"26.06.2024 13:42:50.732"	1.2246e-010	-8.4339e-014	9.3563e-012	8.9859e-014	2.8983e-011	-1.6669e-014	9.7126e-006	
"26.06.2024 13:42:51.015"	1.2350e-010	-8.5895e-014	9.0268e-012	9.0006e-014	2.9671e-011	-2.1702e-014	9.7126e-006	
"26.06.2024 13:42:51.298"	1.2079e-010	-8.6822e-014	9.2130e-012	9.0367e-014	2.9230e-011	-1.6671e-014	9.7126e-006	
"26.06.2024 13:42:51.582"	1.2245e-010	-8.6208e-014	9.3267e-012	8.9517e-014	2.9037e-011	-1.8972e-014	9.7115e-006	
"26.06.2024 13:42:51.865"	1.2337e-010	-8.6456e-014	8.9540e-012	8.9796e-014	2.9698e-011	-1.9685e-014	9.7115e-006	
"26.06.2024 13:42:52.149"	1.2120e-010	-8.9278e-014	9.1942e-012	8.9827e-014	2.9505e-011	-1.5992e-014	9.7115e-006	
"26.06.2024 13:42:52.432"	1.2226e-010	-8.9816e-014	9.3400e-012	8.7845e-014	2.8984e-011	-1.6319e-014	9.7115e-006	
"26.06.2024 13:42:52.716"	1.2328e-010	-8.5190e-014	8.9290e-012	8.9755e-014	2.9675e-011	-2.1472e-014	9.7131e-006	
"26.06.2024 13:42:52.999"	1.2168e-010	-8.5432e-014	9.1763e-012	9.0062e-014	2.9622e-011	-1.4696e-014	9.7131e-006	
"26.06.2024 13:42:53.282"	1.2227e-010	-8.6938e-014	9.3140e-012	8.8486e-014	2.8842e-011	-1.8467e-014	9.7131e-006	
"26.06.2024 13:42:53.566"	1.2323e-010	-8.4779e-014	8.9381e-012	8.9810e-014	2.9588e-011	-2.2155e-014	9.7131e-006	
"26.06.2024 13:42:53.849"	1.2172e-010	-8.7201e-014	9.1773e-012	8.9423e-014	2.9622e-011	-1.3318e-014	9.7134e-006	
"26.06.2024 13:42:54.134"	1.2225e-010	-8.5987e-014	9.3354e-012	8.7845e-014	2.8901e-011	-1.6170e-014	9.7134e-006	
"26.06.2024 13:42:54.418"	1.2318e-010	-8.9931e-014	8.8876e-012	9.0621e-014	2.9606e-011	-1.9230e-014	9.7134e-006	
"26.06.2024 13:42:54.701"	1.2212e-010	-8.1863e-014	9.1635e-012	8.8878e-014	2.9831e-011	-1.6251e-014	9.7134e-006	
"26.06.2024 13:42:54.985"	1.2212e-010	-8.4560e-014	9.3171e-012	8.8194e-014	2.8857e-011	-1.7198e-014	9.7140e-006	
"26.06.2024 13:42:55.269"	1.2330e-010	-8.8864e-014	8.9224e-012	9.1225e-014	2.9620e-011	-2.0300e-014	9.7140e-006	
"26.06.2024 13:42:55.554"	1.2197e-010	-8.5513e-014	9.1580e-012	9.0607e-014	2.9679e-011	-1.5453e-014	9.7140e-006	
"26.06.2024 13:42:55.838"	1.2222e-010	-8.5467e-014	9.3043e-012	8.8830e-014	2.8866e-011	-1.7012e-014	9.7140e-006	
"26.06.2024 13:42:56.121"	1.2318e-010	-8.6454e-014	8.9040e-012	9.1955e-014	2.9525e-011	-2.2439e-014	9.7113e-006	
"26.06.2024 13:42:56.405"	1.2263e-010	-8.6702e-014	9.1477e-012	8.9606e-014	2.9860e-011	-1.5842e-014	9.7113e-006	
"26.06.2024 13:42:56.688"	1.2214e-010	-8.7477e-014	9.3293e-012	8.7772e-014	2.8821e-011	-1.5410e-014	9.7113e-006	
"26.06.2024 13:42:56.972"	1.2315e-010	-8.5741e-014	8.8964e-012	9.1772e-014	2.9600e-011	-1.9785e-014	9.7141e-006	
"26.06.2024 13:42:57.256"	1.2279e-010	-8.6392e-014	9.1432e-012	9.0316e-014	2.9973e-011	-1.8419e-014	9.7141e-006	
"26.06.2024 13:42:57.539"	1.2200e-010	-8.9319e-014	9.3084e-012	8.9690e-014	2.8777e-011	-1.8377e-014	9.7141e-006	
"26.06.2024 13:42:57.823"	1.2316e-010	-8.6857e-014	8.9045e-012	9.1798e-014	2.9544e-011	-2.1148e-014	9.7141e-006	
"26.06.2024 13:42:58.106"	1.2317e-010	-8.2622e-014	9.1289e-012	9.0169e-014	2.9977e-011	-1.8214e-014	9.6969e-006	
