"Spectra International Data File"
"[Scan Data (Pressures in mbar)]"
"Time"	"Mass 2"	"Mass 8"	"Mass 4"	"Mass 12"	"Mass 40"	"Mass 44"	"CirrusPressure"	
"01.07.2024 16:31:55.314"	1.0028e-010	-8.8675e-014	3.0254e-012	7.9390e-014	2.0689e-011	4.1582e-014	9.1116e-006	
"01.07.2024 16:31:55.598"	9.9404e-011	-8.6046e-014	3.0880e-012	7.3146e-014	1.9982e-011	4.2366e-014	9.1119e-006	
"01.07.2024 16:31:55.881"	1.0058e-010	-8.5532e-014	2.9679e-012	7.7848e-014	2.0344e-011	4.0375e-014	9.1119e-006	
"01.07.2024 16:31:56.165"	1.0081e-010	-8.7704e-014	3.0192e-012	7.7485e-014	2.0780e-011	4.1095e-014	9.1119e-006	
"01.07.2024 16:31:56.448"	9.9310e-011	-8.5930e-014	3.0834e-012	7.6869e-014	1.9959e-011	4.2975e-014	9.1139e-006	
"01.07.2024 16:31:56.731"	1.0038e-010	-8.8567e-014	2.9761e-012	7.6905e-014	2.0322e-011	4.1889e-014	9.1139e-006	
"01.07.2024 16:31:57.015"	1.0116e-010	-8.5327e-014	3.0121e-012	7.5407e-014	2.0778e-011	4.0119e-014	9.1139e-006	
"01.07.2024 16:31:57.298"	9.9202e-011	-8.6803e-014	3.0664e-012	7.6868e-014	1.9938e-011	4.2929e-014	9.1139e-006	
"01.07.2024 16:31:57.582"	1.0038e-010	-8.4432e-014	2.9879e-012	7.8591e-014	2.0299e-011	4.0896e-014	9.1148e-006	
"01.07.2024 16:31:57.866"	1.0134e-010	-8.5452e-014	3.0218e-012	7.6787e-014	2.0800e-011	3.9895e-014	9.1148e-006	
"01.07.2024 16:31:58.149"	9.9089e-011	-8.6476e-014	3.0521e-012	7.7460e-014	1.9954e-011	4.4130e-014	9.1148e-006	
"01.07.2024 16:31:58.433"	1.0027e-010	-8.4541e-014	3.0141e-012	7.9436e-014	2.0223e-011	4.1300e-014	9.1148e-006	
"01.07.2024 16:31:58.717"	1.0140e-010	-8.4627e-014	3.0095e-012	7.8463e-014	2.0823e-011	3.7199e-014	9.1059e-006	
"01.07.2024 16:31:59.000"	1.0686e-010	-8.7483e-014	2.9283e-012	7.8634e-014	4.0713e-012	8.4887e-014	9.1059e-006	
"01.07.2024 16:31:59.284"	1.1229e-010	-8.8339e-014	3.4810e-012	7.9059e-014	1.3923e-012	8.3473e-014	9.1059e-006	
"01.07.2024 16:31:59.567"	1.1494e-010	-8.7253e-014	3.7034e-012	7.9629e-014	1.0102e-012	7.9320e-014	9.1059e-006	
"01.07.2024 16:31:59.850"	1.1262e-010	-8.6692e-014	3.8974e-012	7.4187e-014	7.8334e-013	7.8703e-014	9.3701e-006	
"01.07.2024 16:32:00.134"	1.1468e-010	-8.6869e-014	3.8446e-012	7.5816e-014	6.6795e-013	7.6992e-014	9.3701e-006	
"01.07.2024 16:32:00.417"	1.1661e-010	-8.7774e-014	3.8820e-012	7.4459e-014	6.0914e-013	7.4185e-014	9.3701e-006	
"01.07.2024 16:32:00.701"	1.1358e-010	-8.8321e-014	3.9639e-012	7.8528e-014	5.0744e-013	7.1955e-014	9.3701e-006	
"01.07.2024 16:32:00.984"	1.1551e-010	-8.9111e-014	3.9557e-012	7.7344e-014	4.6797e-013	8.8410e-014	9.6906e-006	
"01.07.2024 16:32:01.268"	1.1747e-010	-8.5306e-014	3.9082e-012	7.8648e-014	4.3238e-013	8.2107e-014	9.6906e-006	
"01.07.2024 16:32:01.551"	1.1448e-010	-8.9816e-014	4.0064e-012	7.2066e-014	3.8850e-013	6.7641e-014	9.6906e-006	
"01.07.2024 16:32:01.835"	1.1650e-010	-8.5705e-014	3.9849e-012	7.5807e-014	3.6367e-013	6.1231e-014	9.6906e-006	
"01.07.2024 16:32:02.118"	1.1831e-010	-8.4691e-014	3.9343e-012	7.8215e-014	3.5109e-013	5.7171e-014	9.8282e-006	
"01.07.2024 16:32:02.402"	1.1514e-010	-8.6419e-014	4.0402e-012	7.4670e-014	3.2180e-013	4.7229e-014	9.8282e-006	
"01.07.2024 16:32:02.685"	1.1707e-010	-9.0025e-014	4.0924e-012	7.6419e-014	3.0443e-013	4.3601e-014	9.8282e-006	
"01.07.2024 16:32:02.969"	1.1888e-010	-8.9963e-014	3.9517e-012	7.5807e-014	3.0041e-013	4.3103e-014	9.8282e-006	
"01.07.2024 16:32:03.252"	1.1569e-010	-8.4874e-014	4.0908e-012	7.6354e-014	2.7906e-013	3.6605e-014	9.9550e-006	
"01.07.2024 16:32:03.536"	1.1775e-010	-8.6404e-014	4.1312e-012	8.0488e-014	2.6852e-013	3.5228e-014	9.9550e-006	
"01.07.2024 16:32:03.819"	1.1940e-010	-8.3428e-014	4.0243e-012	7.8899e-014	2.6661e-013	3.5572e-014	9.9550e-006	
"01.07.2024 16:32:04.103"	1.1665e-010	-8.5463e-014	4.1436e-012	7.3028e-014	2.5496e-013	3.1704e-014	1.0070e-005	
"01.07.2024 16:32:04.386"	1.1903e-010	-8.6578e-014	4.2362e-012	7.8526e-014	2.4687e-013	3.1012e-014	1.0070e-005	
"01.07.2024 16:32:04.670"	1.2154e-010	-8.8028e-014	4.1553e-012	7.4555e-014	2.4672e-013	3.2536e-014	1.0070e-005	
"01.07.2024 16:32:04.953"	1.2034e-010	-8.3845e-014	4.4275e-012	7.4761e-014	2.5183e-013	3.1029e-014	1.0070e-005	
"01.07.2024 16:32:05.237"	1.2506e-010	-8.7226e-014	4.6356e-012	7.7952e-014	2.4953e-013	3.3225e-014	1.0375e-005	
"01.07.2024 16:32:05.520"	1.2728e-010	-8.7352e-014	4.4817e-012	7.4245e-014	2.5443e-013	3.3803e-014	1.0375e-005	
"01.07.2024 16:32:05.803"	1.2376e-010	-8.3631e-014	4.5681e-012	7.3203e-014	2.4768e-013	3.0728e-014	1.0375e-005	
"01.07.2024 16:32:06.087"	1.2583e-010	-8.8835e-014	4.7108e-012	7.7799e-014	2.3286e-013	2.9959e-014	1.0375e-005	
"01.07.2024 16:32:06.370"	1.2723e-010	-8.7768e-014	4.4571e-012	7.6915e-014	2.2990e-013	3.0512e-014	1.0933e-005	
"01.07.2024 16:32:06.654"	1.2438e-010	-8.6101e-014	4.5829e-012	7.4039e-014	2.3306e-013	2.8997e-014	1.0933e-005	
"01.07.2024 16:32:06.938"	1.2545e-010	-8.6712e-014	4.6811e-012	7.5720e-014	2.2075e-013	2.7952e-014	1.0933e-005	
"01.07.2024 16:32:07.221"	1.2733e-010	-9.0294e-014	4.4495e-012	7.4364e-014	2.2066e-013	2.8341e-014	1.0933e-005	
"01.07.2024 16:32:07.506"	1.2464e-010	-8.8776e-014	4.5865e-012	7.3597e-014	2.1333e-013	2.6274e-014	1.0996e-005	
"01.07.2024 16:32:07.790"	1.2528e-010	-8.6721e-014	4.6719e-012	7.6325e-014	2.0287e-013	2.5367e-014	1.0996e-005	
"01.07.2024 16:32:08.073"	1.2715e-010	-8.4642e-014	4.4622e-012	7.8557e-014	2.0822e-013	2.6332e-014	1.0996e-005	
"01.07.2024 16:32:08.357"	1.2554e-010	-8.7504e-014	4.5569e-012	7.4271e-014	2.0639e-013	2.5541e-014	1.0996e-005	
"01.07.2024 16:32:08.640"	1.2496e-010	-8.7752e-014	4.6366e-012	7.7711e-014	1.9451e-013	2.4437e-014	1.1035e-005	
"01.07.2024 16:32:08.924"	1.2694e-010	-8.3814e-014	4.4459e-012	7.7088e-014	2.0134e-013	2.5417e-014	1.1035e-005	
"01.07.2024 16:32:09.207"	1.2645e-010	-8.8094e-014	4.5707e-012	7.6198e-014	2.0144e-013	2.4942e-014	1.1035e-005	
"01.07.2024 16:32:09.491"	1.2479e-010	-8.7763e-014	4.6402e-012	7.4262e-014	1.8515e-013	2.3443e-014	1.1035e-005	
"01.07.2024 16:32:09.774"	1.2640e-010	-8.5206e-014	4.4264e-012	7.8385e-014	1.9059e-013	2.3880e-014	1.1058e-005	
"01.07.2024 16:32:10.058"	1.2756e-010	-8.7283e-014	4.5742e-012	7.7586e-014	1.9426e-013	2.3942e-014	1.1058e-005	
"01.07.2024 16:32:10.341"	1.2480e-010	-8.6088e-014	4.6601e-012	7.5673e-014	1.7978e-013	2.2595e-014	1.1058e-005	
"01.07.2024 16:32:10.624"	1.2624e-010	-8.8272e-014	4.4495e-012	7.6594e-014	1.8302e-013	2.3390e-014	1.1091e-005	
"01.07.2024 16:32:10.908"	1.2786e-010	-8.7756e-014	4.5548e-012	7.3013e-014	1.8521e-013	2.3723e-014	1.1091e-005	
"01.07.2024 16:32:11.192"	1.2442e-010	-8.8751e-014	4.6652e-012	7.5546e-014	1.7310e-013	2.2225e-014	1.1091e-005	
"01.07.2024 16:32:11.475"	1.2618e-010	-8.6082e-014	4.4990e-012	7.6491e-014	1.7836e-013	2.3011e-014	1.1091e-005	
"01.07.2024 16:32:11.758"	1.2802e-010	-8.7461e-014	4.5773e-012	7.5637e-014	1.7892e-013	2.3075e-014	1.1100e-005	
"01.07.2024 16:32:12.042"	1.2401e-010	-8.4844e-014	4.6238e-012	7.5326e-014	1.7292e-013	2.1314e-014	1.1100e-005	
"01.07.2024 16:32:12.325"	1.2617e-010	-8.6218e-014	4.5635e-012	7.6256e-014	1.7275e-013	2.1873e-014	1.1100e-005	
"01.07.2024 16:32:12.609"	1.2792e-010	-8.8497e-014	4.5538e-012	7.5282e-014	1.7741e-013	2.2680e-014	1.1100e-005	
"01.07.2024 16:32:12.892"	1.2384e-010	-8.4089e-014	4.6157e-012	7.7531e-014	1.6735e-013	2.1350e-014	1.1124e-005	
"01.07.2024 16:32:13.176"	1.2588e-010	-8.5645e-014	4.6008e-012	7.4369e-014	1.6586e-013	2.1521e-014	1.1124e-005	
"01.07.2024 16:32:13.459"	1.2756e-010	-8.7252e-014	4.5103e-012	7.6603e-014	1.7454e-013	2.2664e-014	1.1124e-005	
"01.07.2024 16:32:13.743"	1.2380e-010	-8.7409e-014	4.6489e-012	7.6801e-014	1.6457e-013	2.0887e-014	1.1124e-005	
"01.07.2024 16:32:14.027"	1.2583e-010	-8.5173e-014	4.6469e-012	7.9968e-014	1.6539e-013	2.1166e-014	1.1132e-005	
"01.07.2024 16:32:14.310"	1.2745e-010	-8.6850e-014	4.5062e-012	7.9111e-014	1.7092e-013	2.1675e-014	1.1132e-005	
"01.07.2024 16:32:14.594"	1.2375e-010	-8.8206e-014	4.6453e-012	7.3183e-014	1.6562e-013	2.0472e-014	1.1132e-005	
"01.07.2024 16:32:14.877"	1.2567e-010	-8.7868e-014	4.6790e-012	7.6281e-014	1.5999e-013	2.0800e-014	1.1132e-005	
"01.07.2024 16:32:15.160"	1.2702e-010	-8.7729e-014	4.4699e-012	7.7366e-014	1.6116e-013	2.0683e-014	1.1130e-005	
"01.07.2024 16:32:15.444"	1.2392e-010	-8.6559e-014	4.6274e-012	7.6086e-014	1.6625e-013	2.0775e-014	1.1130e-005	
"01.07.2024 16:32:15.728"	1.2580e-010	-8.5505e-014	4.7036e-012	7.7175e-014	1.5682e-013	2.0673e-014	1.1130e-005	
"01.07.2024 16:32:16.011"	1.2708e-010	-8.9997e-014	4.4822e-012	7.7717e-014	1.6471e-013	2.0728e-014	1.1130e-005	
"01.07.2024 16:32:16.295"	1.2437e-010	-8.7078e-014	4.6304e-012	7.7814e-014	1.6105e-013	1.9878e-014	1.1144e-005	
"01.07.2024 16:32:16.578"	1.2556e-010	-8.9693e-014	4.7005e-012	7.6437e-014	1.5308e-013	2.0456e-014	1.1144e-005	
"01.07.2024 16:32:16.862"	1.2685e-010	-8.4714e-014	4.4464e-012	7.7290e-014	1.6168e-013	2.0797e-014	1.1144e-005	
"01.07.2024 16:32:17.145"	1.2534e-010	-8.9136e-014	4.6141e-012	7.5544e-014	1.6169e-013	2.0564e-014	1.1158e-005	
"01.07.2024 16:32:17.429"	1.2552e-010	-8.4257e-014	4.7000e-012	7.7094e-014	1.5114e-013	1.9193e-014	1.1158e-005	
"01.07.2024 16:32:17.712"	1.2669e-010	-8.7236e-014	4.4111e-012	7.6306e-014	1.5627e-013	1.9852e-014	1.1158e-005	
"01.07.2024 16:32:17.995"	1.2612e-010	-8.1611e-014	4.5798e-012	7.1893e-014	1.5779e-013	1.9634e-014	1.1158e-005	
"01.07.2024 16:32:18.279"	1.2537e-010	-8.5372e-014	4.6816e-012	7.3320e-014	1.4963e-013	1.8895e-014	1.1157e-005	
"01.07.2024 16:32:18.562"	1.2662e-010	-8.4894e-014	4.4224e-012	8.0322e-014	1.5125e-013	1.9225e-014	1.1157e-005	
"01.07.2024 16:32:18.846"	1.2678e-010	-8.6122e-014	4.6121e-012	7.8189e-014	1.5783e-013	1.9635e-014	1.1157e-005	
"01.07.2024 16:32:19.129"	1.2532e-010	-8.5650e-014	4.6867e-012	7.7854e-014	1.4813e-013	1.9201e-014	1.1157e-005	
"01.07.2024 16:32:19.413"	1.2652e-010	-8.5787e-014	4.4403e-012	7.6895e-014	1.5081e-013	1.9947e-014	1.1157e-005	
"01.07.2024 16:32:19.696"	1.2747e-010	-8.7717e-014	4.5717e-012	7.5926e-014	1.5801e-013	1.9959e-014	1.1157e-005	
"01.07.2024 16:32:19.980"	1.2520e-010	-9.1831e-014	4.6872e-012	7.7278e-014	1.4502e-013	1.8951e-014	1.1157e-005	
"01.07.2024 16:32:20.264"	1.2650e-010	-8.7174e-014	4.4306e-012	7.6086e-014	1.4866e-013	1.9375e-014	1.1157e-005	
"01.07.2024 16:32:20.547"	1.2762e-010	-8.6616e-014	4.5610e-012	7.8226e-014	1.4929e-013	1.9766e-014	1.1167e-005	
"01.07.2024 16:32:20.831"	1.2463e-010	-9.0293e-014	4.6831e-012	7.6084e-014	1.4234e-013	1.8518e-014	1.1167e-005	
"01.07.2024 16:32:21.114"	1.2651e-010	-8.8319e-014	4.4714e-012	7.7405e-014	1.4744e-013	1.9003e-014	1.1167e-005	
"01.07.2024 16:32:21.397"	1.2772e-010	-8.6782e-014	4.5267e-012	7.4723e-014	1.4841e-013	1.9102e-014	1.1167e-005	
"01.07.2024 16:32:21.681"	1.2419e-010	-8.6536e-014	4.6535e-012	7.5714e-014	1.4258e-013	1.8324e-014	1.1168e-005	
"01.07.2024 16:32:21.964"	1.2648e-010	-8.6288e-014	4.5405e-012	7.8174e-014	1.3729e-013	1.8562e-014	1.1168e-005	
"01.07.2024 16:32:22.248"	1.2764e-010	-8.7753e-014	4.5466e-012	7.9134e-014	1.4623e-013	1.8811e-014	1.1168e-005	
"01.07.2024 16:32:22.532"	1.2370e-010	-8.6152e-014	4.6249e-012	7.7844e-014	1.4071e-013	1.8168e-014	1.1168e-005	
"01.07.2024 16:32:22.816"	1.2650e-010	-8.4940e-014	4.6279e-012	7.7051e-014	1.4488e-013	1.8779e-014	1.1168e-005	
"01.07.2024 16:32:23.099"	1.2771e-010	-8.8901e-014	4.5323e-012	7.4314e-014	1.4014e-013	1.8785e-014	1.1168e-005	
"01.07.2024 16:32:23.383"	1.2344e-010	-8.5679e-014	4.5936e-012	7.7232e-014	1.3887e-013	1.8257e-014	1.1168e-005	
"01.07.2024 16:32:23.666"	1.2607e-010	-8.6783e-014	4.6489e-012	7.5828e-014	1.3780e-013	1.8579e-014	1.1168e-005	
"01.07.2024 16:32:23.950"	1.2788e-010	-8.5330e-014	4.5220e-012	7.8292e-014	1.4551e-013	1.8498e-014	1.1174e-005	
"01.07.2024 16:32:24.233"	1.2355e-010	-8.6243e-014	4.6177e-012	7.5734e-014	1.4001e-013	1.7710e-014	1.1174e-005	
"01.07.2024 16:32:24.517"	1.2574e-010	-8.5438e-014	4.6689e-012	7.7154e-014	1.3505e-013	1.8387e-014	1.1174e-005	
"01.07.2024 16:32:24.801"	1.2767e-010	-8.9579e-014	4.5057e-012	7.5164e-014	1.4123e-013	1.8581e-014	1.1170e-005	
"01.07.2024 16:32:25.084"	1.2383e-010	-8.4558e-014	4.6106e-012	7.6987e-014	1.3589e-013	1.7803e-014	1.1170e-005	
"01.07.2024 16:32:25.367"	1.2555e-010	-8.4082e-014	4.7000e-012	7.4049e-014	1.3533e-013	1.7631e-014	1.1170e-005	
"01.07.2024 16:32:25.651"	1.2730e-010	-8.6181e-014	4.4986e-012	7.7100e-014	1.3337e-013	1.8430e-014	1.1170e-005	
"01.07.2024 16:32:25.934"	1.2444e-010	-8.6728e-014	4.6340e-012	7.7503e-014	1.3748e-013	1.7552e-014	1.1173e-005	
"01.07.2024 16:32:26.218"	1.2562e-010	-8.6177e-014	4.6949e-012	7.7869e-014	1.3530e-013	1.7797e-014	1.1173e-005	
"01.07.2024 16:32:26.501"	1.2689e-010	-8.7297e-014	4.4545e-012	7.6643e-014	1.3685e-013	1.8195e-014	1.1173e-005	
"01.07.2024 16:32:26.785"	1.2549e-010	-8.5044e-014	4.5932e-012	7.5000e-014	1.3549e-013	1.7624e-014	1.1173e-005	
"01.07.2024 16:32:27.068"	1.2576e-010	-8.6305e-014	4.7149e-012	7.7380e-014	1.3315e-013	1.7328e-014	1.1172e-005	
"01.07.2024 16:32:27.352"	1.2687e-010	-8.7702e-014	4.4117e-012	7.5465e-014	1.3321e-013	1.7808e-014	1.1172e-005	
"01.07.2024 16:32:27.635"	1.2627e-010	-8.8491e-014	4.5773e-012	7.4970e-014	1.3387e-013	1.7525e-014	1.1172e-005	
"01.07.2024 16:32:27.918"	1.2549e-010	-9.0328e-014	4.6734e-012	7.3893e-014	1.2608e-013	1.7108e-014	1.1172e-005	
"01.07.2024 16:32:28.202"	1.2705e-010	-8.2723e-014	4.4398e-012	7.6574e-014	1.3350e-013	1.7735e-014	1.1169e-005	
"01.07.2024 16:32:28.485"	1.2662e-010	-8.6158e-014	4.5824e-012	7.9558e-014	1.3168e-013	1.7740e-014	1.1169e-005	
"01.07.2024 16:32:28.769"	1.2490e-010	-8.7111e-014	4.6719e-012	7.5804e-014	1.2441e-013	1.6800e-014	1.1169e-005	
"01.07.2024 16:32:29.053"	1.2713e-010	-8.4683e-014	4.4495e-012	7.7011e-014	1.2947e-013	1.7773e-014	1.1169e-005	
"01.07.2024 16:32:29.337"	1.2740e-010	-8.7471e-014	4.5793e-012	7.5773e-014	1.3363e-013	1.7797e-014	1.1181e-005	
"01.07.2024 16:32:29.620"	1.2454e-010	-8.7270e-014	4.6504e-012	7.5989e-014	1.2655e-013	1.7508e-014	1.1181e-005	
"01.07.2024 16:32:29.904"	1.2681e-010	-8.9534e-014	4.4766e-012	7.5690e-014	1.2717e-013	1.7055e-014	1.1181e-005	
"01.07.2024 16:32:30.187"	1.2806e-010	-8.6113e-014	4.5712e-012	7.8551e-014	1.3068e-013	1.7620e-014	1.1181e-005	
"01.07.2024 16:32:30.470"	1.2427e-010	-8.9312e-014	4.6653e-012	7.4978e-014	1.2295e-013	1.7016e-014	1.1187e-005	
"01.07.2024 16:32:30.754"	1.2675e-010	-8.7619e-014	4.5323e-012	7.6489e-014	1.2448e-013	1.7227e-014	1.1187e-005	
"01.07.2024 16:32:31.037"	1.2816e-010	-8.3718e-014	4.5487e-012	7.6142e-014	1.2913e-013	1.7459e-014	1.1187e-005	
"01.07.2024 16:32:31.321"	1.2393e-010	-8.8084e-014	4.6448e-012	7.5778e-014	1.2065e-013	1.6759e-014	1.1190e-005	
"01.07.2024 16:32:31.604"	1.2664e-010	-8.5507e-014	4.5876e-012	7.5602e-014	1.2677e-013	1.7163e-014	1.1190e-005	
"01.07.2024 16:32:31.888"	1.2815e-010	-8.5302e-014	4.5553e-012	7.3749e-014	1.2994e-013	1.7133e-014	1.1190e-005	
"01.07.2024 16:32:32.171"	1.2370e-010	-8.5135e-014	4.6361e-012	7.3418e-014	1.2309e-013	1.6527e-014	1.1190e-005	
"01.07.2024 16:32:32.455"	1.2607e-010	-8.4604e-014	4.6218e-012	7.8646e-014	1.2122e-013	1.6980e-014	1.1183e-005	
"01.07.2024 16:32:32.738"	1.2804e-010	-8.6197e-014	4.5236e-012	7.4003e-014	1.2678e-013	1.7330e-014	1.1183e-005	
"01.07.2024 16:32:33.021"	1.2388e-010	-8.6037e-014	4.6300e-012	7.8555e-014	1.2410e-013	1.6388e-014	1.1183e-005	
"01.07.2024 16:32:33.305"	1.2596e-010	-8.8282e-014	4.6581e-012	7.6126e-014	1.1841e-013	1.6456e-014	1.1183e-005	
"01.07.2024 16:32:33.588"	1.2767e-010	-8.6011e-014	4.5092e-012	7.7770e-014	1.2496e-013	1.6638e-014	1.1189e-005	
"01.07.2024 16:32:33.873"	1.2388e-010	-8.7055e-014	4.6351e-012	7.4845e-014	1.1921e-013	1.6693e-014	1.1189e-005	
"01.07.2024 16:32:34.156"	1.2588e-010	-8.5845e-014	4.6739e-012	7.8221e-014	1.1660e-013	1.6216e-014	1.1189e-005	
"01.07.2024 16:32:34.439"	1.2726e-010	-8.4807e-014	4.4771e-012	7.2664e-014	1.2267e-013	1.6543e-014	1.1189e-005	
"01.07.2024 16:32:34.723"	1.2424e-010	-8.6105e-014	4.6065e-012	7.5243e-014	1.2316e-013	1.6085e-014	1.1198e-005	
"01.07.2024 16:32:35.006"	1.2576e-010	-9.0392e-014	4.7005e-012	7.5946e-014	1.1682e-013	1.6450e-014	1.1198e-005	
"01.07.2024 16:32:35.290"	1.2707e-010	-8.5779e-014	4.4525e-012	7.6717e-014	1.2024e-013	1.6882e-014	1.1198e-005	
"01.07.2024 16:32:35.573"	1.2529e-010	-8.6578e-014	4.5896e-012	7.7726e-014	1.2066e-013	1.6102e-014	1.1198e-005	
"01.07.2024 16:32:35.857"	1.2593e-010	-8.5467e-014	4.7133e-012	7.7754e-014	1.1982e-013	1.6159e-014	1.1209e-005	
"01.07.2024 16:32:36.140"	1.2706e-010	-8.8623e-014	4.4244e-012	7.6413e-014	1.1814e-013	1.6536e-014	1.1209e-005	
"01.07.2024 16:32:36.424"	1.2570e-010	-8.7618e-014	4.6238e-012	7.5812e-014	1.1836e-013	1.6267e-014	1.1209e-005	
"01.07.2024 16:32:36.707"	1.2570e-010	-8.6258e-014	4.6990e-012	7.5510e-014	1.1994e-013	1.6071e-014	1.1209e-005	
"01.07.2024 16:32:36.991"	1.2695e-010	-8.7102e-014	4.4346e-012	7.7336e-014	1.1719e-013	1.6457e-014	1.1210e-005	
"01.07.2024 16:32:37.274"	1.2630e-010	-8.4039e-014	4.6060e-012	7.4434e-014	1.1928e-013	1.6199e-014	1.1210e-005	
"01.07.2024 16:32:37.558"	1.2581e-010	-8.7233e-014	4.7255e-012	7.7230e-014	1.1387e-013	1.5688e-014	1.1210e-005	
"01.07.2024 16:32:37.842"	1.2700e-010	-8.6878e-014	4.4219e-012	7.3141e-014	1.1946e-013	1.6389e-014	1.1210e-005	
"01.07.2024 16:32:38.125"	1.2690e-010	-8.6678e-014	4.5809e-012	7.4463e-014	1.1696e-013	1.5860e-014	1.1201e-005	
"01.07.2024 16:32:38.409"	1.2546e-010	-8.6703e-014	4.6873e-012	7.5202e-014	1.1360e-013	1.5780e-014	1.1201e-005	
"01.07.2024 16:32:38.693"	1.2720e-010	-8.5028e-014	4.4602e-012	7.6822e-014	1.1461e-013	1.6513e-014	1.1201e-005	
"01.07.2024 16:32:38.976"	1.2741e-010	-8.5775e-014	4.5849e-012	7.6985e-014	1.1309e-013	1.5931e-014	1.1207e-005	
"01.07.2024 16:32:39.260"	1.2484e-010	-8.8889e-014	4.6678e-012	7.5229e-014	1.1114e-013	1.5829e-014	1.1207e-005	
"01.07.2024 16:32:39.543"	1.2714e-010	-8.8726e-014	4.4919e-012	7.5271e-014	1.1284e-013	1.5965e-014	1.1207e-005	
"01.07.2024 16:32:39.827"	1.2800e-010	-8.5096e-014	4.5431e-012	7.6943e-014	1.1529e-013	1.6137e-014	1.1207e-005	
"01.07.2024 16:32:40.110"	1.2420e-010	-8.6281e-014	4.6545e-012	7.5266e-014	1.1215e-013	1.5277e-014	1.1209e-005	
"01.07.2024 16:32:40.394"	1.2680e-010	-9.0334e-014	4.5317e-012	7.4431e-014	1.1011e-013	1.6162e-014	1.1209e-005	
"01.07.2024 16:32:40.677"	1.2843e-010	-8.5392e-014	4.5686e-012	7.4901e-014	1.1639e-013	1.6539e-014	1.1209e-005	
"01.07.2024 16:32:40.960"	1.2411e-010	-8.7802e-014	4.6290e-012	7.6495e-014	1.0814e-013	1.4960e-014	1.1209e-005	
"01.07.2024 16:32:41.244"	1.2627e-010	-8.8691e-014	4.5640e-012	7.8787e-014	1.1012e-013	1.5853e-014	1.1219e-005	
"01.07.2024 16:32:41.527"	1.2817e-010	-8.8898e-014	4.5804e-012	8.0142e-014	1.1667e-013	1.6247e-014	1.1219e-005	
"01.07.2024 16:32:41.811"	1.2418e-010	-8.2086e-014	4.6744e-012	7.4231e-014	1.1216e-013	1.5624e-014	1.1219e-005	
"01.07.2024 16:32:42.094"	1.2616e-010	-8.7744e-014	4.6243e-012	7.6474e-014	1.0997e-013	1.5894e-014	1.1219e-005	
"01.07.2024 16:32:42.377"	1.2763e-010	-8.9959e-014	4.5180e-012	7.4030e-014	1.0804e-013	1.5678e-014	1.1210e-005	
"01.07.2024 16:32:42.661"	1.2395e-010	-8.4300e-014	4.6785e-012	7.6746e-014	1.1020e-013	1.5239e-014	1.1210e-005	
"01.07.2024 16:32:42.945"	1.2624e-010	-8.5676e-014	4.6765e-012	7.3290e-014	1.0794e-013	1.5465e-014	1.1210e-005	
"01.07.2024 16:32:43.228"	1.2740e-010	-8.6109e-014	4.4862e-012	7.6036e-014	1.0855e-013	1.5800e-014	1.1210e-005	
"01.07.2024 16:32:43.512"	1.2385e-010	-8.0688e-014	4.6596e-012	7.4274e-014	1.1114e-013	1.5355e-014	1.1209e-005	
"01.07.2024 16:32:43.796"	1.2631e-010	-8.3863e-014	4.6934e-012	7.5508e-014	1.0548e-013	1.5796e-014	1.1209e-005	
"01.07.2024 16:32:44.079"	1.2739e-010	-8.7930e-014	4.4853e-012	7.6719e-014	1.0831e-013	1.5928e-014	1.1209e-005	
"01.07.2024 16:32:44.363"	1.2412e-010	-8.7234e-014	4.6146e-012	7.4992e-014	1.1038e-013	1.5243e-014	1.1209e-005	
"01.07.2024 16:32:44.646"	1.2631e-010	-8.7291e-014	4.7368e-012	7.8318e-014	1.0883e-013	1.5526e-014	1.1218e-005	
"01.07.2024 16:32:44.930"	1.2741e-010	-8.6339e-014	4.4663e-012	7.6561e-014	1.0826e-013	1.5481e-014	1.1218e-005	
"01.07.2024 16:32:45.213"	1.2492e-010	-8.5465e-014	4.5993e-012	7.4735e-014	1.1037e-013	1.4358e-014	1.1218e-005	
"01.07.2024 16:32:45.496"	1.2614e-010	-8.9320e-014	4.7230e-012	7.6885e-014	1.0421e-013	1.5291e-014	1.1221e-005	
"01.07.2024 16:32:45.780"	1.2715e-010	-8.9459e-014	4.4495e-012	7.5675e-014	1.0134e-013	1.5125e-014	1.1221e-005	
"01.07.2024 16:32:46.063"	1.2564e-010	-8.7335e-014	4.6192e-012	7.5283e-014	1.0763e-013	1.5230e-014	1.1221e-005	
"01.07.2024 16:32:46.347"	1.2603e-010	-8.6853e-014	4.7179e-012	7.6609e-014	1.0564e-013	1.5019e-014	1.1221e-005	
"01.07.2024 16:32:46.630"	1.2714e-010	-8.4637e-014	4.4362e-012	7.5965e-014	1.0973e-013	1.5187e-014	1.1228e-005	
"01.07.2024 16:32:46.914"	1.2642e-010	-8.6142e-014	4.5835e-012	7.6937e-014	1.0704e-013	1.5074e-014	1.1228e-005	
"01.07.2024 16:32:47.197"	1.2564e-010	-8.4606e-014	4.7051e-012	7.6338e-014	1.0414e-013	1.5218e-014	1.1228e-005	
"01.07.2024 16:32:47.481"	1.2738e-010	-8.6243e-014	4.4525e-012	7.4697e-014	1.0628e-013	1.5590e-014	1.1228e-005	
"01.07.2024 16:32:47.764"	1.2698e-010	-8.5904e-014	4.5993e-012	7.6419e-014	1.0859e-013	1.4685e-014	1.1220e-005	
"01.07.2024 16:32:48.048"	1.2498e-010	-8.7323e-014	4.6765e-012	7.7001e-014	1.0157e-013	1.4885e-014	1.1220e-005	
"01.07.2024 16:32:48.332"	1.2713e-010	-8.4593e-014	4.4638e-012	7.6301e-014	1.0638e-013	1.5307e-014	1.1220e-005	
"01.07.2024 16:32:48.616"	1.2782e-010	-8.9650e-014	4.5763e-012	7.4730e-014	1.0884e-013	1.5205e-014	1.1220e-005	
"01.07.2024 16:32:48.899"	1.2477e-010	-8.7667e-014	4.6596e-012	7.4997e-014	9.9500e-014	1.4638e-014	1.1223e-005	
"01.07.2024 16:32:49.183"	1.2680e-010	-8.5749e-014	4.4950e-012	7.5347e-014	1.0285e-013	1.5131e-014	1.1223e-005	
"01.07.2024 16:32:49.466"	1.2842e-010	-8.4748e-014	4.6085e-012	7.8803e-014	1.0558e-013	1.5333e-014	1.1223e-005	
"01.07.2024 16:32:49.749"	1.2455e-010	-8.6408e-014	4.6427e-012	7.4949e-014	1.0116e-013	1.4106e-014	1.1223e-005	
"01.07.2024 16:32:50.033"	1.2641e-010	-8.8759e-014	4.5435e-012	7.5614e-014	1.0055e-013	1.4608e-014	1.1218e-005	
"01.07.2024 16:32:50.316"	1.2823e-010	-8.6167e-014	4.5738e-012	7.4379e-014	1.0488e-013	1.5417e-014	1.1218e-005	
"01.07.2024 16:32:50.600"	1.2446e-010	-8.7466e-014	4.6780e-012	7.5088e-014	9.3024e-014	1.4606e-014	1.1218e-005	
"01.07.2024 16:32:50.883"	1.2636e-010	-8.5625e-014	4.5972e-012	7.7570e-014	9.8031e-014	1.4497e-014	1.1218e-005	
"01.07.2024 16:32:51.167"	1.2784e-010	-8.7108e-014	4.5369e-012	7.7063e-014	1.0157e-013	1.4713e-014	1.1221e-005	
"01.07.2024 16:32:51.450"	1.2421e-010	-8.8595e-014	4.6780e-012	7.5591e-014	1.0032e-013	1.4591e-014	1.1221e-005	
"01.07.2024 16:32:51.734"	1.2645e-010	-8.6191e-014	4.6453e-012	7.8546e-014	9.9589e-014	1.5009e-014	1.1221e-005	
"01.07.2024 16:32:52.017"	1.2768e-010	-8.7353e-014	4.4996e-012	7.4621e-014	1.0139e-013	1.4658e-014	1.1215e-005	
"01.07.2024 16:32:52.301"	1.2374e-010	-8.7634e-014	4.6397e-012	7.5321e-014	9.8078e-014	1.4712e-014	1.1215e-005	
"01.07.2024 16:32:52.585"	1.2662e-010	-8.7671e-014	4.6658e-012	7.2720e-014	9.5713e-014	1.4557e-014	1.1215e-005	
"01.07.2024 16:32:52.869"	1.2770e-010	-8.7738e-014	4.5211e-012	7.6986e-014	9.7912e-014	1.5111e-014	1.1215e-005	
"01.07.2024 16:32:53.153"	1.2360e-010	-8.8059e-014	4.6177e-012	7.3313e-014	9.7248e-014	1.4086e-014	1.1221e-005	
"01.07.2024 16:32:53.437"	1.2658e-010	-8.6736e-014	4.7337e-012	7.6688e-014	1.0151e-013	1.4942e-014	1.1221e-005	
"01.07.2024 16:32:53.720"	1.2768e-010	-8.7603e-014	4.5114e-012	7.3877e-014	1.0224e-013	1.5177e-014	1.1221e-005	
"01.07.2024 16:32:54.003"	1.2395e-010	-8.7273e-014	4.5937e-012	7.5254e-014	9.8036e-014	1.3988e-014	1.1221e-005	
"01.07.2024 16:32:54.287"	1.2617e-010	-8.4757e-014	4.7246e-012	7.4367e-014	9.8083e-014	1.4223e-014	1.1214e-005	
"01.07.2024 16:32:54.570"	1.2782e-010	-8.6904e-014	4.4980e-012	7.7877e-014	1.0426e-013	1.4974e-014	1.1214e-005	
"01.07.2024 16:32:54.854"	1.2463e-010	-8.7594e-014	4.5983e-012	7.6728e-014	1.0201e-013	1.4139e-014	1.1214e-005	
"01.07.2024 16:32:55.137"	1.2281e-010	-8.2355e-014	5.7021e-012	7.4300e-014	1.1647e-011	8.3827e-014	1.1214e-005	
"01.07.2024 16:32:55.421"	1.1572e-010	-8.9429e-014	3.0474e-012	7.7414e-014	2.5079e-011	2.4635e-014	1.1189e-005	
"01.07.2024 16:32:55.704"	1.1272e-010	-8.5589e-014	3.6291e-012	7.5806e-014	2.4151e-011	2.9415e-014	1.1189e-005	
"01.07.2024 16:32:55.988"	1.1348e-010	-8.9050e-014	3.8114e-012	7.7892e-014	2.3708e-011	2.4755e-014	1.1189e-005	
"01.07.2024 16:32:56.271"	1.1309e-010	-8.8503e-014	3.6081e-012	7.9320e-014	2.5853e-011	1.5419e-014	1.1189e-005	
"01.07.2024 16:32:56.555"	1.1194e-010	-8.7704e-014	3.6987e-012	7.4248e-014	2.6251e-011	1.8349e-014	1.0989e-005	
"01.07.2024 16:32:56.839"	1.1096e-010	-8.3687e-014	3.7571e-012	7.9760e-014	2.4924e-011	1.9728e-014	1.0989e-005	
"01.07.2024 16:32:57.122"	1.1146e-010	-8.6132e-014	3.5241e-012	7.6072e-014	2.5380e-011	2.3416e-014	1.0989e-005	
"01.07.2024 16:32:57.405"	1.1137e-010	-8.6705e-014	3.5845e-012	7.8490e-014	2.5600e-011	2.0250e-014	1.0989e-005	
"01.07.2024 16:32:57.689"	1.0867e-010	-8.8297e-014	3.6322e-012	7.7151e-014	2.3867e-011	2.2987e-014	1.0780e-005	
"01.07.2024 16:32:57.972"	1.0880e-010	-8.6014e-014	3.4258e-012	7.8267e-014	2.3865e-011	2.4011e-014	1.0780e-005	
"01.07.2024 16:32:58.256"	1.0827e-010	-8.4966e-014	3.3709e-012	7.9673e-014	2.3582e-011	2.6746e-014	1.0780e-005	
"01.07.2024 16:32:58.539"	1.0350e-010	-8.7707e-014	3.3084e-012	7.6481e-014	2.1488e-011	3.4555e-014	1.0780e-005	
"01.07.2024 16:32:58.823"	1.0309e-010	-9.2586e-014	3.1895e-012	7.9554e-014	2.1061e-011	3.6063e-014	1.0348e-005	
"01.07.2024 16:32:59.106"	1.0313e-010	-8.9079e-014	3.0849e-012	7.4682e-014	2.1178e-011	3.3504e-014	1.0348e-005	
"01.07.2024 16:32:59.389"	9.9884e-011	-8.5972e-014	3.1202e-012	7.7721e-014	2.0173e-011	4.1381e-014	1.0348e-005	
"01.07.2024 16:32:59.673"	1.0072e-010	-8.8016e-014	3.1104e-012	7.8926e-014	2.0155e-011	4.0636e-014	9.6435e-006	
"01.07.2024 16:32:59.956"	1.0160e-010	-8.8020e-014	3.0183e-012	7.6474e-014	2.0524e-011	3.7794e-014	9.6435e-006	
"01.07.2024 16:33:00.240"	9.9083e-011	-8.7187e-014	3.0741e-012	7.3777e-014	2.0012e-011	4.1933e-014	9.6435e-006	
"01.07.2024 16:33:00.523"	1.0012e-010	-8.7405e-014	3.0982e-012	8.0574e-014	1.9907e-011	4.0744e-014	9.6435e-006	
"01.07.2024 16:33:00.807"	1.0113e-010	-8.6553e-014	2.9920e-012	7.2945e-014	2.0390e-011	3.9528e-014	9.3851e-006	
"01.07.2024 16:33:01.091"	9.8966e-011	-8.6900e-014	3.0520e-012	7.8909e-014	2.0062e-011	4.2145e-014	9.3851e-006	
"01.07.2024 16:33:01.374"	9.9917e-011	-8.8782e-014	3.1064e-012	7.6631e-014	1.9888e-011	4.1604e-014	9.3851e-006	
"01.07.2024 16:33:01.657"	1.0103e-010	-8.5859e-014	2.9900e-012	7.4787e-014	2.0262e-011	3.9971e-014	9.3851e-006	
"01.07.2024 16:33:01.941"	9.9295e-011	-8.6012e-014	3.0423e-012	7.8752e-014	2.0284e-011	4.2343e-014	9.3114e-006	
"01.07.2024 16:33:02.224"	9.9789e-011	-8.7020e-014	3.1049e-012	7.5252e-014	1.9815e-011	4.1527e-014	9.3114e-006	
"01.07.2024 16:33:02.508"	1.0085e-010	-8.6565e-014	2.9797e-012	7.8057e-014	2.0357e-011	3.9345e-014	9.3114e-006	
"01.07.2024 16:33:02.791"	9.9654e-011	-8.7703e-014	3.0515e-012	7.0732e-014	2.0365e-011	3.9904e-014	9.3114e-006	
"01.07.2024 16:33:03.074"	9.9737e-011	-8.5909e-014	3.0946e-012	7.7234e-014	1.9815e-011	4.1939e-014	9.2576e-006	
"01.07.2024 16:33:03.359"	1.0077e-010	-8.9178e-014	2.9797e-012	7.5239e-014	2.0236e-011	4.1652e-014	9.2576e-006	
"01.07.2024 16:33:03.642"	1.0019e-010	-8.7453e-014	3.0290e-012	7.8539e-014	2.0520e-011	4.0778e-014	9.2576e-006	
"01.07.2024 16:33:03.926"	9.9552e-011	-8.6286e-014	3.0869e-012	7.7860e-014	1.9791e-011	4.0983e-014	9.2576e-006	
"01.07.2024 16:33:04.209"	1.0070e-010	-8.3496e-014	2.9977e-012	7.7907e-014	2.0299e-011	3.8545e-014	9.2281e-006	
"01.07.2024 16:33:04.494"	1.0048e-010	-8.8115e-014	3.0356e-012	7.8566e-014	2.0601e-011	4.1255e-014	9.2281e-006	
"01.07.2024 16:33:04.777"	9.9472e-011	-8.5521e-014	3.0859e-012	7.5473e-014	1.9788e-011	4.1163e-014	9.2281e-006	
"01.07.2024 16:33:05.060"	1.0059e-010	-8.3278e-014	2.9576e-012	7.6878e-014	2.0227e-011	4.1239e-014	9.2281e-006	
"01.07.2024 16:33:05.344"	1.0083e-010	-8.8618e-014	3.0079e-012	7.5863e-014	2.0649e-011	3.8197e-014	9.2060e-006	
"01.07.2024 16:33:05.628"	9.9305e-011	-8.9061e-014	3.0730e-012	7.9379e-014	1.9800e-011	4.2223e-014	9.2060e-006	
"01.07.2024 16:33:05.911"	1.0047e-010	-8.4999e-014	2.9864e-012	7.6074e-014	2.0226e-011	4.1509e-014	9.2060e-006	
"01.07.2024 16:33:06.195"	1.0100e-010	-8.4896e-014	3.0269e-012	7.5350e-014	2.0672e-011	3.8696e-014	9.1825e-006	
"01.07.2024 16:33:06.479"	9.9315e-011	-8.7822e-014	3.0757e-012	7.5393e-014	1.9758e-011	4.3149e-014	9.1825e-006	
"01.07.2024 16:33:06.762"	1.0038e-010	-8.7065e-014	2.9858e-012	7.8366e-014	2.0157e-011	3.8523e-014	9.1825e-006	
"01.07.2024 16:33:07.046"	1.0136e-010	-8.4863e-014	3.0176e-012	8.2399e-014	2.0660e-011	3.9083e-014	9.1825e-006	
"01.07.2024 16:33:07.330"	9.9239e-011	-8.4373e-014	3.0782e-012	8.0407e-014	1.9797e-011	4.1013e-014	9.1834e-006	
"01.07.2024 16:33:07.614"	1.0038e-010	-8.7923e-014	2.9966e-012	7.8348e-014	2.0137e-011	3.9855e-014	9.1834e-006	
"01.07.2024 16:33:07.898"	1.0139e-010	-8.6541e-014	3.0172e-012	7.8020e-014	2.0668e-011	3.7850e-014	9.1834e-006	
"01.07.2024 16:33:08.182"	9.9083e-011	-8.5420e-014	3.0741e-012	7.9925e-014	1.9803e-011	4.0430e-014	9.1834e-006	
"01.07.2024 16:33:08.465"	1.0028e-010	-8.7873e-014	3.0110e-012	7.7542e-014	2.0121e-011	4.0080e-014	9.1591e-006	
"01.07.2024 16:33:08.749"	1.0141e-010	-8.6677e-014	2.9920e-012	7.3429e-014	2.0668e-011	3.7127e-014	9.1591e-006	
"01.07.2024 16:33:09.033"	9.8974e-011	-8.9081e-014	3.0690e-012	7.9807e-014	1.9881e-011	4.2790e-014	9.1591e-006	
"01.07.2024 16:33:09.316"	1.0019e-010	-8.4065e-014	3.0367e-012	8.0023e-014	2.0114e-011	4.1192e-014	9.1591e-006	
"01.07.2024 16:33:09.600"	1.0131e-010	-8.5964e-014	3.0151e-012	7.8404e-014	2.0654e-011	3.9066e-014	9.1479e-006	
"01.07.2024 16:33:09.883"	9.8935e-011	-8.7380e-014	3.0782e-012	7.8240e-014	1.9798e-011	4.3014e-014	9.1479e-006	
"01.07.2024 16:33:10.167"	1.0013e-010	-8.4355e-014	3.0556e-012	7.5871e-014	2.0045e-011	4.2336e-014	9.1479e-006	
"01.07.2024 16:33:10.450"	1.0128e-010	-8.9530e-014	2.9930e-012	7.7446e-014	2.0504e-011	3.9393e-014	9.1479e-006	
"01.07.2024 16:33:10.734"	1.0781e-010	-8.6851e-014	3.0074e-012	7.9084e-014	3.1751e-012	8.2769e-014	9.1460e-006	
"01.07.2024 16:33:11.017"	1.1223e-010	-8.8205e-014	3.6101e-012	7.3347e-014	1.2577e-012	7.9655e-014	9.1460e-006	
"01.07.2024 16:33:11.301"	1.1489e-010	-8.9959e-014	3.7085e-012	7.4423e-014	9.2227e-013	7.9679e-014	9.1460e-006	
"01.07.2024 16:33:11.584"	1.1250e-010	-8.2786e-014	3.8723e-012	7.9405e-014	7.0954e-013	7.5901e-014	9.1460e-006	
"01.07.2024 16:33:11.868"	1.1451e-010	-8.4648e-014	3.9306e-012	7.7979e-014	6.0381e-013	7.5667e-014	9.5257e-006	
"01.07.2024 16:33:12.151"	1.1641e-010	-8.4126e-014	3.8534e-012	7.8386e-014	5.3706e-013	7.5543e-014	9.5257e-006	
"01.07.2024 16:33:12.435"	1.1354e-010	-8.4385e-014	3.9690e-012	7.8015e-014	4.5797e-013	8.4981e-014	9.5257e-006	
"01.07.2024 16:33:12.718"	1.1548e-010	-8.4688e-014	4.0350e-012	7.7467e-014	4.0339e-013	7.2667e-014	9.5257e-006	
"01.07.2024 16:33:13.001"	1.1739e-010	-8.6076e-014	3.8958e-012	7.2564e-014	3.7500e-013	6.3182e-014	9.7752e-006	
"01.07.2024 16:33:13.285"	1.1442e-010	-8.6519e-014	3.9972e-012	7.4721e-014	3.4200e-013	5.1891e-014	9.7752e-006	
"01.07.2024 16:33:13.568"	1.1618e-010	-8.5316e-014	4.1011e-012	7.3877e-014	3.0855e-013	4.4347e-014	9.7752e-006	
"01.07.2024 16:33:13.852"	1.1801e-010	-8.8459e-014	3.9128e-012	7.5617e-014	2.9482e-013	4.1835e-014	9.9169e-006	
"01.07.2024 16:33:14.135"	1.1542e-010	-8.6674e-014	4.0125e-012	7.6454e-014	2.7596e-013	3.5920e-014	9.9169e-006	
"01.07.2024 16:33:14.419"	1.1665e-010	-8.5341e-014	4.1210e-012	7.6467e-014	2.5255e-013	3.2141e-014	9.9169e-006	
"01.07.2024 16:33:14.703"	1.1832e-010	-8.7485e-014	3.9538e-012	7.6927e-014	2.4950e-013	3.1738e-014	9.9169e-006	
"01.07.2024 16:33:14.986"	1.1609e-010	-8.7343e-014	4.0254e-012	7.7741e-014	2.3866e-013	2.8891e-014	1.0005e-005	
"01.07.2024 16:33:15.270"	1.1688e-010	-8.3792e-014	4.1384e-012	7.7209e-014	2.1460e-013	2.6512e-014	1.0005e-005	
"01.07.2024 16:33:15.553"	1.1848e-010	-8.6395e-014	3.9517e-012	7.7975e-014	2.1209e-013	2.6090e-014	1.0005e-005	
"01.07.2024 16:33:15.836"	1.1703e-010	-8.4779e-014	4.0433e-012	7.8794e-014	2.0769e-013	2.4420e-014	1.0005e-005	
"01.07.2024 16:33:16.120"	1.1690e-010	-8.4860e-014	4.1492e-012	7.5301e-014	1.8748e-013	2.2633e-014	1.0060e-005	
"01.07.2024 16:33:16.403"	1.1852e-010	-8.8143e-014	3.9491e-012	7.8593e-014	1.8442e-013	2.2285e-014	1.0060e-005	
"01.07.2024 16:33:16.687"	1.1791e-010	-8.9844e-014	4.0469e-012	7.5878e-014	1.8726e-013	2.1725e-014	1.0060e-005	
"01.07.2024 16:33:16.970"	1.1692e-010	-8.7510e-014	4.1533e-012	7.5526e-014	1.7236e-013	2.0698e-014	1.0060e-005	
"01.07.2024 16:33:17.253"	1.1844e-010	-8.4409e-014	3.9338e-012	7.8180e-014	1.7249e-013	2.0888e-014	1.0101e-005	
"01.07.2024 16:33:17.537"	1.1846e-010	-8.3380e-014	4.0438e-012	7.7723e-014	1.6814e-013	2.0161e-014	1.0101e-005	
"01.07.2024 16:33:17.820"	1.1674e-010	-8.7168e-014	4.1016e-012	7.5039e-014	1.5555e-013	1.8752e-014	1.0101e-005	
"01.07.2024 16:33:18.104"	1.1824e-010	-8.4420e-014	3.9424e-012	7.8589e-014	1.5659e-013	1.9455e-014	1.0101e-005	
"01.07.2024 16:33:18.388"	1.1891e-010	-8.6330e-014	4.0387e-012	7.7660e-014	1.5665e-013	1.8517e-014	1.0111e-005	
"01.07.2024 16:33:18.672"	1.1647e-010	-8.8306e-014	4.1415e-012	7.7590e-014	1.4447e-013	1.7887e-014	1.0111e-005	
"01.07.2024 16:33:18.955"	1.1819e-010	-8.8571e-014	3.9476e-012	7.7573e-014	1.4333e-013	1.7917e-014	1.0111e-005	
"01.07.2024 16:33:19.239"	1.1907e-010	-9.1937e-014	4.0043e-012	7.8391e-014	1.4459e-013	1.7577e-014	1.0111e-005	
"01.07.2024 16:33:19.523"	1.1633e-010	-8.6451e-014	4.0996e-012	7.6435e-014	1.3362e-013	1.6515e-014	1.0130e-005	
"01.07.2024 16:33:19.807"	1.1785e-010	-8.7172e-014	3.9583e-012	7.6277e-014	1.3694e-013	1.7256e-014	1.0130e-005	
"01.07.2024 16:33:20.090"	1.1908e-010	-8.9117e-014	3.9978e-012	7.5099e-014	1.3596e-013	1.7260e-014	1.0130e-005	
"01.07.2024 16:33:20.374"	1.1599e-010	-8.9150e-014	4.1109e-012	7.7883e-014	1.2934e-013	1.6209e-014	1.0101e-005	
"01.07.2024 16:33:20.657"	1.1770e-010	-8.7442e-014	3.9757e-012	7.7365e-014	1.2738e-013	1.6120e-014	1.0101e-005	
"01.07.2024 16:33:20.940"	1.1909e-010	-9.0623e-014	3.9957e-012	7.6419e-014	1.3030e-013	1.6507e-014	1.0101e-005	
"01.07.2024 16:33:21.225"	1.1590e-010	-9.1281e-014	4.0919e-012	6.8832e-014	1.2121e-013	1.5273e-014	1.0101e-005	
"01.07.2024 16:33:21.508"	1.1757e-010	-8.6332e-014	3.9824e-012	7.3316e-014	1.2535e-013	1.5888e-014	1.0100e-005	
"01.07.2024 16:33:21.792"	1.1902e-010	-8.9497e-014	3.9799e-012	7.7008e-014	1.2070e-013	1.5813e-014	1.0100e-005	
"01.07.2024 16:33:22.075"	1.1577e-010	-8.6802e-014	4.0796e-012	7.4824e-014	1.1905e-013	1.4970e-014	1.0100e-005	
"01.07.2024 16:33:22.359"	1.1748e-010	-8.8532e-014	3.9937e-012	7.5217e-014	1.1678e-013	1.5102e-014	1.0100e-005	
"01.07.2024 16:33:22.643"	1.1893e-010	-8.8045e-014	3.9911e-012	7.7440e-014	1.1817e-013	1.5502e-014	1.0097e-005	
"01.07.2024 16:33:22.927"	1.1560e-010	-8.3339e-014	4.0842e-012	7.4408e-014	1.1674e-013	1.4682e-014	1.0097e-005	
"01.07.2024 16:33:23.211"	1.1720e-010	-8.4795e-014	4.0243e-012	7.2172e-014	1.1371e-013	1.5364e-014	1.0097e-005	
"01.07.2024 16:33:23.495"	1.1874e-010	-8.9261e-014	3.9537e-012	7.8369e-014	1.1401e-013	1.5177e-014	1.0097e-005	
"01.07.2024 16:33:23.778"	1.1543e-010	-8.6806e-014	4.0592e-012	7.6797e-014	1.1161e-013	1.4124e-014	1.0097e-005	
"01.07.2024 16:33:24.063"	1.1702e-010	-8.5221e-014	4.0085e-012	7.8293e-014	1.1162e-013	1.4885e-014	1.0097e-005	
"01.07.2024 16:33:24.346"	1.1859e-010	-8.7996e-014	3.9614e-012	7.7135e-014	1.1195e-013	1.5234e-014	1.0097e-005	
"01.07.2024 16:33:24.630"	1.1522e-010	-8.7022e-014	4.0367e-012	7.5470e-014	1.1210e-013	1.4670e-014	1.0097e-005	
"01.07.2024 16:33:24.913"	1.1691e-010	-8.7948e-014	4.0734e-012	7.6516e-014	1.0871e-013	1.4350e-014	1.0096e-005	
"01.07.2024 16:33:25.197"	1.1853e-010	-8.7018e-014	3.9486e-012	7.5432e-014	1.0795e-013	1.4761e-014	1.0096e-005	
"01.07.2024 16:33:25.480"	1.1511e-010	-8.3863e-014	4.0412e-012	7.7791e-014	1.0765e-013	1.3943e-014	1.0096e-005	
"01.07.2024 16:33:25.763"	1.1683e-010	-8.6141e-014	4.1210e-012	7.6491e-014	1.0664e-013	1.4693e-014	1.0096e-005	
"01.07.2024 16:33:26.047"	1.1836e-010	-8.8947e-014	3.9297e-012	7.4365e-014	1.0703e-013	1.4726e-014	1.0099e-005	
"01.07.2024 16:33:26.330"	1.1513e-010	-8.8994e-014	4.0325e-012	7.5510e-014	1.0778e-013	1.4068e-014	1.0099e-005	
"01.07.2024 16:33:26.614"	1.1669e-010	-8.8027e-014	4.1032e-012	7.6462e-014	1.0432e-013	1.4117e-014	1.0099e-005	
"01.07.2024 16:33:26.897"	1.1826e-010	-8.5483e-014	3.9338e-012	7.6279e-014	1.0339e-013	1.4623e-014	1.0099e-005	
"01.07.2024 16:33:27.181"	1.1540e-010	-8.6786e-014	4.0367e-012	7.5497e-014	1.0596e-013	1.4039e-014	1.0101e-005	
"01.07.2024 16:33:27.464"	1.1649e-010	-8.4073e-014	4.1180e-012	7.5876e-014	1.0698e-013	1.3700e-014	1.0101e-005	
"01.07.2024 16:33:27.748"	1.1804e-010	-9.0039e-014	3.9056e-012	7.8105e-014	1.0206e-013	1.4098e-014	1.0101e-005	
"01.07.2024 16:33:28.031"	1.1582e-010	-8.5405e-014	4.0305e-012	7.5196e-014	1.0383e-013	1.3388e-014	1.0098e-005	
"01.07.2024 16:33:28.315"	1.1637e-010	-8.6823e-014	4.1042e-012	7.6182e-014	1.0048e-013	1.3450e-014	1.0098e-005	
"01.07.2024 16:33:28.599"	1.1785e-010	-8.6081e-014	3.9251e-012	7.8878e-014	1.0189e-013	1.4080e-014	1.0098e-005	
"01.07.2024 16:33:28.882"	1.1651e-010	-8.3766e-014	3.9993e-012	7.9485e-014	1.0233e-013	1.3629e-014	1.0098e-005	
"01.07.2024 16:33:29.165"	1.1612e-010	-8.8962e-014	4.0986e-012	7.2947e-014	9.7579e-014	1.3371e-014	1.0098e-005	
"01.07.2024 16:33:29.449"	1.1759e-010	-8.5395e-014	3.9036e-012	7.7666e-014	9.9325e-014	1.3859e-014	1.0098e-005	
"01.07.2024 16:33:29.732"	1.1697e-010	-8.6804e-014	3.9916e-012	7.5316e-014	1.0169e-013	1.3684e-014	1.0098e-005	
"01.07.2024 16:33:30.016"	1.1595e-010	-8.5185e-014	4.0935e-012	7.5314e-014	9.7461e-014	1.3421e-014	1.0098e-005	
"01.07.2024 16:33:30.299"	1.1751e-010	-8.5371e-014	3.9051e-012	7.6075e-014	1.0060e-013	1.3938e-014	1.0094e-005	
"01.07.2024 16:33:30.582"	1.1758e-010	-8.5550e-014	3.9793e-012	7.8113e-014	1.0347e-013	1.3406e-014	1.0094e-005	
"01.07.2024 16:33:30.866"	1.1580e-010	-8.3849e-014	4.0669e-012	7.8946e-014	9.3305e-014	1.3220e-014	1.0094e-005	
"01.07.2024 16:33:31.149"	1.1740e-010	-8.7664e-014	3.9061e-012	7.7457e-014	9.9757e-014	1.3510e-014	1.0094e-005	
"01.07.2024 16:33:31.433"	1.1814e-010	-8.2732e-014	3.9656e-012	7.3573e-014	9.9814e-014	1.3472e-014	1.0078e-005	
"01.07.2024 16:33:31.716"	1.1571e-010	-8.5345e-014	4.0709e-012	7.6827e-014	9.1712e-014	1.2887e-014	1.0078e-005	
"01.07.2024 16:33:32.000"	1.1727e-010	-8.5924e-014	3.9144e-012	7.6547e-014	9.5750e-014	1.3493e-014	1.0078e-005	
"01.07.2024 16:33:32.283"	1.1871e-010	-8.6658e-014	3.9496e-012	7.8574e-014	9.8646e-014	1.3427e-014	1.0078e-005	
"01.07.2024 16:33:32.567"	1.1552e-010	-8.8408e-014	4.0658e-012	7.5339e-014	9.3289e-014	1.2957e-014	1.0083e-005	
"01.07.2024 16:33:32.851"	1.1716e-010	-8.5955e-014	3.9532e-012	7.6455e-014	9.5005e-014	1.3121e-014	1.0083e-005	
"01.07.2024 16:33:33.134"	1.1867e-010	-8.6967e-014	3.9629e-012	7.9044e-014	9.4872e-014	1.3224e-014	1.0083e-005	
"01.07.2024 16:33:33.418"	1.1543e-010	-8.5033e-014	4.0361e-012	7.5755e-014	9.3164e-014	1.2912e-014	1.0083e-005	
"01.07.2024 16:33:33.702"	1.1705e-010	-8.5583e-014	3.9650e-012	7.6726e-014	9.3003e-014	1.2817e-014	1.0091e-005	
"01.07.2024 16:33:33.985"	1.1865e-010	-8.6111e-014	3.9598e-012	7.7351e-014	9.5051e-014	1.3461e-014	1.0091e-005	
"01.07.2024 16:33:34.269"	1.1529e-010	-8.6391e-014	4.0443e-012	7.5577e-014	9.2307e-014	1.2995e-014	1.0091e-005	
"01.07.2024 16:33:34.553"	1.1688e-010	-8.7403e-014	3.9880e-012	7.6449e-014	9.1782e-014	1.3108e-014	1.0095e-005	
"01.07.2024 16:33:34.836"	1.1849e-010	-8.7449e-014	3.9532e-012	7.5876e-014	9.4640e-014	1.2932e-014	1.0095e-005	
"01.07.2024 16:33:35.120"	1.1513e-010	-8.6460e-014	4.0320e-012	7.8800e-014	9.0483e-014	1.2678e-014	1.0095e-005	
"01.07.2024 16:33:35.403"	1.1684e-010	-8.4547e-014	4.0376e-012	7.8307e-014	8.9459e-014	1.2598e-014	1.0095e-005	
"01.07.2024 16:33:35.687"	1.1841e-010	-8.9455e-014	3.9272e-012	7.8099e-014	9.3240e-014	1.2729e-014	1.0100e-005	
"01.07.2024 16:33:35.970"	1.1498e-010	-8.6916e-014	4.0269e-012	7.8753e-014	9.1664e-014	1.2733e-014	1.0100e-005	
"01.07.2024 16:33:36.254"	1.1670e-010	-8.8971e-014	4.0586e-012	7.8749e-014	8.9441e-014	1.2614e-014	1.0100e-005	
"01.07.2024 16:33:36.538"	1.1826e-010	-8.9692e-014	3.9296e-012	7.4496e-014	9.2730e-014	1.2929e-014	1.0100e-005	
"01.07.2024 16:33:36.821"	1.1489e-010	-8.5839e-014	4.0350e-012	7.6298e-014	9.0169e-014	1.2499e-014	1.0086e-005	
"01.07.2024 16:33:37.105"	1.1660e-010	-8.9637e-014	4.0535e-012	7.8632e-014	8.8191e-014	1.2461e-014	1.0086e-005	
"01.07.2024 16:33:37.390"	1.1822e-010	-8.6453e-014	3.9379e-012	7.8547e-014	9.0851e-014	1.2828e-014	1.0086e-005	
"01.07.2024 16:33:37.674"	1.1478e-010	-8.4546e-014	4.0228e-012	7.7579e-014	8.8597e-014	1.2239e-014	1.0086e-005	
"01.07.2024 16:33:37.957"	1.1653e-010	-8.5859e-014	4.0459e-012	7.8843e-014	8.8734e-014	1.2525e-014	1.0078e-005	
"01.07.2024 16:33:38.242"	1.1801e-010	-8.7940e-014	3.9256e-012	7.6450e-014	8.8795e-014	1.2853e-014	1.0078e-005	
"01.07.2024 16:33:38.525"	1.1485e-010	-8.5064e-014	4.0157e-012	7.4297e-014	8.8566e-014	1.2275e-014	1.0078e-005	
"01.07.2024 16:33:38.808"	1.1636e-010	-8.8147e-014	4.0750e-012	7.5152e-014	8.7487e-014	1.2964e-014	1.0078e-005	
"01.07.2024 16:33:39.093"	1.1797e-010	-8.6374e-014	3.9087e-012	7.7536e-014	8.9177e-014	1.2502e-014	1.0066e-005	
"01.07.2024 16:33:39.376"	1.1498e-010	-8.8346e-014	4.0213e-012	7.9517e-014	8.7606e-014	1.1950e-014	1.0066e-005	
"01.07.2024 16:33:39.660"	1.1622e-010	-8.7313e-014	4.0863e-012	7.6564e-014	8.3768e-014	1.2356e-014	1.0066e-005	
"01.07.2024 16:33:39.943"	1.1785e-010	-8.7473e-014	3.9087e-012	7.6149e-014	8.6651e-014	1.2844e-014	1.0066e-005	
"01.07.2024 16:33:40.226"	1.1543e-010	-8.5387e-014	3.9987e-012	7.7915e-014	8.7971e-014	1.1989e-014	1.0067e-005	
"01.07.2024 16:33:40.510"	1.1611e-010	-8.7510e-014	4.0740e-012	7.3738e-014	8.4913e-014	1.2187e-014	1.0067e-005	
"01.07.2024 16:33:40.793"	1.1764e-010	-8.5299e-014	3.9097e-012	7.9496e-014	8.7299e-014	1.2518e-014	1.0067e-005	
"01.07.2024 16:33:41.077"	1.1579e-010	-8.6252e-014	4.0075e-012	7.7178e-014	8.6863e-014	1.2231e-014	1.0067e-005	
"01.07.2024 16:33:41.360"	1.1594e-010	-8.6298e-014	4.0821e-012	7.7178e-014	8.2852e-014	1.2085e-014	1.0064e-005	
"01.07.2024 16:33:41.644"	1.1753e-010	-9.2933e-014	3.8790e-012	7.7368e-014	8.5397e-014	1.2711e-014	1.0064e-005	
"01.07.2024 16:33:41.928"	1.1635e-010	-8.6388e-014	4.0069e-012	7.6065e-014	8.7033e-014	1.2384e-014	1.0064e-005	
"01.07.2024 16:33:42.211"	1.1579e-010	-8.3503e-014	4.0771e-012	7.9274e-014	8.3192e-014	1.1733e-014	1.0053e-005	
"01.07.2024 16:33:42.495"	1.1745e-010	-8.8058e-014	3.8867e-012	7.3452e-014	8.5521e-014	1.2182e-014	1.0053e-005	
"01.07.2024 16:33:42.778"	1.1685e-010	-8.6324e-014	3.9778e-012	7.6429e-014	8.6356e-014	1.2076e-014	1.0053e-005	
"01.07.2024 16:33:43.061"	1.1571e-010	-8.4887e-014	4.0868e-012	7.6233e-014	8.2178e-014	1.1818e-014	1.0053e-005	
"01.07.2024 16:33:43.345"	1.1731e-010	-8.3548e-014	3.8938e-012	7.5012e-014	8.3551e-014	1.1672e-014	1.0058e-005	
"01.07.2024 16:33:43.628"	1.1743e-010	-8.7517e-014	3.9793e-012	7.1984e-014	8.5376e-014	1.2444e-014	1.0058e-005	
"01.07.2024 16:33:43.912"	1.1557e-010	-8.6993e-014	4.0607e-012	7.5428e-014	8.0445e-014	1.1897e-014	1.0058e-005	
"01.07.2024 16:33:44.195"	1.1713e-010	-8.3692e-014	3.9046e-012	7.6665e-014	8.2091e-014	1.1994e-014	1.0058e-005	
"01.07.2024 16:33:44.478"	1.1790e-010	-8.5859e-014	3.9522e-012	7.6084e-014	8.3554e-014	1.1817e-014	1.0055e-005	
"01.07.2024 16:33:44.762"	1.1540e-010	-8.9167e-014	4.0464e-012	7.2780e-014	8.2252e-014	1.2198e-014	1.0055e-005	
"01.07.2024 16:33:45.045"	1.1701e-010	-8.4685e-014	3.9113e-012	7.7855e-014	8.0964e-014	1.1754e-014	1.0055e-005	
"01.07.2024 16:33:45.329"	1.1835e-010	-8.5430e-014	3.9450e-012	7.8119e-014	8.4080e-014	1.1935e-014	1.0055e-005	
"01.07.2024 16:33:45.612"	1.1526e-010	-8.5956e-014	4.0402e-012	7.4099e-014	8.0221e-014	1.1846e-014	1.0061e-005	
"01.07.2024 16:33:45.896"	1.1682e-010	-8.7640e-014	3.9588e-012	7.9772e-014	8.0015e-014	1.2353e-014	1.0061e-005	
"01.07.2024 16:33:46.179"	1.1846e-010	-9.0048e-014	3.9404e-012	7.4867e-014	8.2581e-014	1.1979e-014	1.0061e-005	
"01.07.2024 16:33:46.463"	1.1505e-010	-8.5900e-014	4.0341e-012	7.9263e-014	7.9234e-014	1.1565e-014	1.0061e-005	
"01.07.2024 16:33:46.746"	1.1681e-010	-8.3851e-014	3.9767e-012	7.4823e-014	8.1070e-014	1.1777e-014	1.0055e-005	
"01.07.2024 16:33:47.030"	1.1824e-010	-8.9512e-014	3.9425e-012	7.5594e-014	8.1821e-014	1.1784e-014	1.0055e-005	
"01.07.2024 16:33:47.313"	1.1494e-010	-8.6791e-014	4.0310e-012	7.4887e-014	7.8274e-014	1.1542e-014	1.0055e-005	
"01.07.2024 16:33:47.597"	1.1663e-010	-8.5895e-014	4.0182e-012	7.7604e-014	7.9064e-014	1.1566e-014	1.0055e-005	
"01.07.2024 16:33:47.880"	1.1815e-010	-8.5167e-014	3.9374e-012	7.7442e-014	8.0116e-014	1.1728e-014	1.0059e-005	
"01.07.2024 16:33:48.164"	1.1479e-010	-8.8477e-014	4.0198e-012	7.5222e-014	7.8797e-014	1.1621e-014	1.0059e-005	
"01.07.2024 16:33:48.448"	1.1650e-010	-8.6835e-014	4.0233e-012	7.6740e-014	7.8358e-014	1.1758e-014	1.0059e-005	
"01.07.2024 16:33:48.731"	1.1808e-010	-8.7946e-014	3.9236e-012	7.5516e-014	8.0338e-014	1.2024e-014	1.0059e-005	
"01.07.2024 16:33:49.015"	1.1470e-010	-8.6323e-014	4.0142e-012	7.3983e-014	7.9019e-014	1.1418e-014	1.0059e-005	
"01.07.2024 16:33:49.298"	1.1635e-010	-8.7207e-014	4.0473e-012	7.9329e-014	7.7781e-014	1.1395e-014	1.0059e-005	
"01.07.2024 16:33:49.583"	1.1788e-010	-8.7520e-014	3.9205e-012	7.3775e-014	7.9381e-014	1.2090e-014	1.0059e-005	
"01.07.2024 16:33:49.866"	1.1461e-010	-8.4382e-014	3.9926e-012	7.5407e-014	7.8223e-014	1.0408e-014	1.0060e-005	
"01.07.2024 16:33:50.150"	1.1613e-010	-8.6816e-014	4.0587e-012	7.5265e-014	7.6098e-014	1.1421e-014	1.0060e-005	
"01.07.2024 16:33:50.433"	1.1777e-010	-8.7064e-014	3.8928e-012	7.5186e-014	7.8364e-014	1.1849e-014	1.0060e-005	
"01.07.2024 16:33:50.716"	1.1463e-010	-8.8466e-014	3.9875e-012	7.5839e-014	7.7854e-014	1.1480e-014	1.0060e-005	
"01.07.2024 16:33:51.000"	1.1605e-010	-8.7815e-014	4.0484e-012	7.4297e-014	7.5779e-014	1.1190e-014	1.0057e-005	
"01.07.2024 16:33:51.285"	1.1763e-010	-8.4456e-014	3.8989e-012	7.7569e-014	7.8119e-014	1.1911e-014	1.0057e-005	
"01.07.2024 16:33:51.568"	1.1467e-010	-8.5802e-014	3.9722e-012	7.5878e-014	7.7408e-014	1.1317e-014	1.0057e-005	
"01.07.2024 16:33:51.852"	1.1587e-010	-9.0823e-014	4.0704e-012	7.6531e-014	7.5120e-014	1.1380e-014	1.0057e-005	
"01.07.2024 16:33:52.135"	1.1748e-010	-8.7114e-014	3.8662e-012	7.6180e-014	7.7689e-014	1.1437e-014	1.0051e-005	
"01.07.2024 16:33:52.420"	1.1487e-010	-8.8354e-014	3.9737e-012	7.8208e-014	7.5868e-014	1.0958e-014	1.0051e-005	
"01.07.2024 16:33:52.703"	1.1572e-010	-8.8407e-014	4.0678e-012	7.4278e-014	7.4885e-014	1.1163e-014	1.0051e-005	
"01.07.2024 16:33:52.986"	1.1729e-010	-8.6504e-014	3.8810e-012	7.5112e-014	7.6760e-014	1.1132e-014	1.0051e-005	
"01.07.2024 16:33:53.271"	1.1526e-010	-8.6370e-014	3.9599e-012	8.0449e-014	7.6553e-014	1.1224e-014	1.0027e-005	
"01.07.2024 16:33:53.554"	1.1550e-010	-8.6922e-014	4.0586e-012	7.5243e-014	7.2587e-014	1.1466e-014	1.0027e-005	
"01.07.2024 16:33:53.838"	1.1710e-010	-8.5880e-014	3.8596e-012	7.4654e-014	7.4334e-014	1.1473e-014	1.0027e-005	
"01.07.2024 16:33:54.122"	1.1573e-010	-8.7827e-014	3.9594e-012	7.5544e-014	7.6044e-014	1.1057e-014	1.0027e-005	
"01.07.2024 16:33:54.405"	1.1532e-010	-8.6324e-014	4.0418e-012	7.5938e-014	7.3182e-014	1.1413e-014	1.0020e-005	
"01.07.2024 16:33:54.689"	1.1687e-010	-8.2971e-014	3.8641e-012	7.7527e-014	7.4755e-014	1.1221e-014	1.0020e-005	
"01.07.2024 16:33:54.972"	1.1625e-010	-8.8137e-014	3.9522e-012	7.7743e-014	7.5860e-014	1.1189e-014	1.0020e-005	
"01.07.2024 16:33:55.256"	1.1516e-010	-8.3692e-014	4.0417e-012	7.6847e-014	7.2788e-014	1.0974e-014	1.0020e-005	
"01.07.2024 16:33:55.540"	1.1675e-010	-8.4798e-014	3.8386e-012	7.7827e-014	7.2450e-014	1.1101e-014	1.0019e-005	
"01.07.2024 16:33:55.823"	1.1657e-010	-8.8459e-014	3.9297e-012	7.6578e-014	7.4970e-014	1.1140e-014	1.0019e-005	
"01.07.2024 16:33:56.107"	1.1498e-010	-8.5898e-014	4.0447e-012	7.7106e-014	7.0248e-014	1.0698e-014	1.0019e-005	
