"Spectra International Data File"
"[Scan Data (Pressures in mbar)]"
"Time"	"Mass 2"	"Mass 8"	"Mass 4"	"Mass 12"	"Mass 40"	"Mass 44"	"CirrusPressure"	
"01.07.2024 16:43:25.192"	1.2338e-010	-8.7659e-014	4.5978e-012	7.6349e-014	1.2107e-013	1.6249e-014	1.1159e-005	
"01.07.2024 16:43:25.475"	1.2586e-010	-8.7882e-014	4.6857e-012	7.6549e-014	1.1859e-013	1.6935e-014	1.1159e-005	
"01.07.2024 16:43:25.759"	1.2693e-010	-8.8197e-014	4.4577e-012	7.6800e-014	1.2406e-013	1.6360e-014	1.1159e-005	
"01.07.2024 16:43:26.042"	1.2423e-010	-8.7815e-014	4.5651e-012	7.8530e-014	1.2138e-013	1.6100e-014	1.1159e-005	
"01.07.2024 16:43:26.325"	1.2556e-010	-8.8557e-014	4.7082e-012	7.3064e-014	1.2025e-013	1.6280e-014	1.1155e-005	
"01.07.2024 16:43:26.609"	1.2705e-010	-8.9331e-014	4.4373e-012	7.0703e-014	1.2180e-013	1.6722e-014	1.1155e-005	
"01.07.2024 16:43:26.892"	1.2486e-010	-8.7142e-014	4.5717e-012	7.9278e-014	1.2045e-013	1.6350e-014	1.1155e-005	
"01.07.2024 16:43:27.176"	1.2512e-010	-8.7741e-014	4.6495e-012	7.3955e-014	1.1634e-013	1.6645e-014	1.1155e-005	
"01.07.2024 16:43:27.459"	1.2705e-010	-8.7477e-014	4.4249e-012	7.7971e-014	1.1996e-013	1.7041e-014	1.1156e-005	
"01.07.2024 16:43:27.743"	1.2584e-010	-8.5151e-014	4.5528e-012	7.6276e-014	1.2083e-013	1.6093e-014	1.1156e-005	
"01.07.2024 16:43:28.026"	1.2498e-010	-8.7651e-014	4.6423e-012	7.4080e-014	1.1400e-013	1.5781e-014	1.1156e-005	
"01.07.2024 16:43:28.310"	1.2690e-010	-8.5617e-014	4.4306e-012	7.5478e-014	1.2262e-013	1.6970e-014	1.1156e-005	
"01.07.2024 16:43:28.593"	1.2656e-010	-8.5454e-014	4.5278e-012	7.4612e-014	1.1585e-013	1.6195e-014	1.1154e-005	
"01.07.2024 16:43:28.877"	1.2468e-010	-8.5816e-014	4.6571e-012	7.5661e-014	1.1276e-013	1.5937e-014	1.1154e-005	
"01.07.2024 16:43:29.161"	1.2669e-010	-8.7141e-014	4.4654e-012	7.3762e-014	1.1851e-013	1.7036e-014	1.1154e-005	
"01.07.2024 16:43:29.444"	1.2708e-010	-8.3975e-014	4.5369e-012	7.7132e-014	1.2200e-013	1.6085e-014	1.1154e-005	
"01.07.2024 16:43:29.728"	1.2420e-010	-8.7228e-014	4.6280e-012	7.4507e-014	1.1554e-013	1.5881e-014	1.1153e-005	
"01.07.2024 16:43:30.011"	1.2657e-010	-8.4733e-014	4.4674e-012	7.5529e-014	1.1425e-013	1.6191e-014	1.1153e-005	
"01.07.2024 16:43:30.295"	1.2756e-010	-8.5213e-014	4.5165e-012	8.0638e-014	1.1996e-013	1.6549e-014	1.1153e-005	
"01.07.2024 16:43:30.578"	1.2402e-010	-8.6902e-014	4.6479e-012	7.7301e-014	1.1557e-013	1.6130e-014	1.1153e-005	
"01.07.2024 16:43:30.862"	1.2629e-010	-8.4880e-014	4.4991e-012	7.6031e-014	1.1620e-013	1.6161e-014	1.1147e-005	
"01.07.2024 16:43:31.145"	1.2741e-010	-8.7926e-014	4.5232e-012	7.4459e-014	1.2692e-013	1.7448e-014	1.1147e-005	
"01.07.2024 16:43:31.428"	1.2408e-010	-8.8740e-014	4.6469e-012	7.7552e-014	1.1592e-013	1.5891e-014	1.1147e-005	
"01.07.2024 16:43:31.712"	1.2596e-010	-8.4831e-014	4.5446e-012	7.6060e-014	1.2653e-013	1.8662e-014	1.1147e-005	
"01.07.2024 16:43:31.996"	1.1865e-010	-8.7041e-014	4.1605e-012	7.8348e-014	2.0776e-011	3.8097e-014	1.1154e-005	
"01.07.2024 16:43:32.279"	1.1157e-010	-8.7461e-014	3.3115e-012	7.8484e-014	2.4583e-011	2.8806e-014	1.1154e-005	
"01.07.2024 16:43:32.563"	1.1387e-010	-8.7047e-014	3.7444e-012	7.6337e-014	2.2494e-011	3.0333e-014	1.1154e-005	
"01.07.2024 16:43:32.846"	1.1393e-010	-8.5820e-014	3.6670e-012	7.7309e-014	2.5397e-011	1.7064e-014	1.0957e-005	
"01.07.2024 16:43:33.130"	1.0987e-010	-8.5302e-014	3.7096e-012	7.6948e-014	2.5086e-011	2.2699e-014	1.0957e-005	
"01.07.2024 16:43:33.413"	1.1150e-010	-8.9849e-014	3.7326e-012	7.4965e-014	2.5223e-011	1.9838e-014	1.0957e-005	
"01.07.2024 16:43:33.697"	1.1202e-010	-8.4122e-014	3.5759e-012	7.6823e-014	2.5709e-011	1.9595e-014	1.0957e-005	
"01.07.2024 16:43:33.980"	1.0861e-010	-8.6457e-014	3.6087e-012	7.9447e-014	2.4819e-011	2.2894e-014	1.0787e-005	
"01.07.2024 16:43:34.264"	1.0986e-010	-8.5374e-014	3.6583e-012	7.7545e-014	2.4445e-011	2.2593e-014	1.0787e-005	
"01.07.2024 16:43:34.547"	1.1015e-010	-8.5403e-014	3.4816e-012	7.8987e-014	2.4710e-011	2.2478e-014	1.0787e-005	
"01.07.2024 16:43:34.830"	1.0727e-010	-8.6029e-014	3.5129e-012	7.8124e-014	2.4167e-011	2.5909e-014	1.0787e-005	
"01.07.2024 16:43:35.114"	1.0699e-010	-8.6327e-014	3.4955e-012	7.7637e-014	2.3033e-011	3.0116e-014	1.0518e-005	
"01.07.2024 16:43:35.397"	1.0636e-010	-8.6673e-014	3.2557e-012	7.7033e-014	2.2576e-011	3.1773e-014	1.0518e-005	
"01.07.2024 16:43:35.681"	1.0406e-010	-8.7691e-014	3.2075e-012	7.5009e-014	2.2075e-011	3.3204e-014	1.0518e-005	
"01.07.2024 16:43:35.964"	1.0168e-010	-8.4342e-014	3.1956e-012	7.7786e-014	2.0546e-011	3.9014e-014	1.0518e-005	
"01.07.2024 16:43:36.248"	1.0200e-010	-8.4866e-014	3.0213e-012	7.8913e-014	2.0728e-011	3.6358e-014	9.9445e-006	
"01.07.2024 16:43:36.532"	1.0177e-010	-8.7573e-014	3.0603e-012	7.7932e-014	2.0899e-011	3.7495e-014	9.9445e-006	
"01.07.2024 16:43:36.815"	9.9803e-011	-9.1141e-014	3.1095e-012	7.8428e-014	1.9870e-011	4.2689e-014	9.9445e-006	
"01.07.2024 16:43:37.098"	1.0072e-010	-8.5396e-014	3.0034e-012	7.8639e-014	2.0219e-011	3.8171e-014	9.9445e-006	
"01.07.2024 16:43:37.382"	1.0161e-010	-8.7598e-014	3.0157e-012	7.8473e-014	2.0659e-011	3.5902e-014	9.4601e-006	
"01.07.2024 16:43:37.666"	9.9337e-011	-8.5052e-014	3.0716e-012	7.7374e-014	1.9765e-011	4.2145e-014	9.4601e-006	
"01.07.2024 16:43:37.950"	1.0042e-010	-8.8778e-014	3.0172e-012	7.9834e-014	2.0078e-011	3.9575e-014	9.4601e-006	
"01.07.2024 16:43:38.233"	1.0142e-010	-9.1065e-014	3.0106e-012	7.5255e-014	2.0583e-011	3.7801e-014	9.4601e-006	
"01.07.2024 16:43:38.517"	9.9106e-011	-8.6975e-014	3.0808e-012	7.8479e-014	1.9766e-011	4.2528e-014	9.3233e-006	
"01.07.2024 16:43:38.800"	1.0030e-010	-8.5679e-014	3.0239e-012	7.7560e-014	2.0004e-011	4.1211e-014	9.3233e-006	
"01.07.2024 16:43:39.084"	1.0134e-010	-8.4356e-014	3.0070e-012	7.9342e-014	2.0523e-011	3.9692e-014	9.3233e-006	
"01.07.2024 16:43:39.367"	9.8902e-011	-8.6909e-014	3.0551e-012	7.9531e-014	1.9872e-011	4.1740e-014	9.2718e-006	
"01.07.2024 16:43:39.651"	1.0010e-010	-8.6544e-014	3.0567e-012	8.0735e-014	1.9977e-011	4.2573e-014	9.2718e-006	
"01.07.2024 16:43:39.934"	1.0115e-010	-8.5613e-014	2.9896e-012	7.8839e-014	2.0485e-011	3.9979e-014	9.2718e-006	
"01.07.2024 16:43:40.217"	9.8829e-011	-8.4773e-014	3.0414e-012	8.0497e-014	1.9998e-011	3.9722e-014	9.2718e-006	
"01.07.2024 16:43:40.501"	9.9991e-011	-8.7890e-014	3.0808e-012	8.0506e-014	1.9911e-011	4.1993e-014	9.2357e-006	
"01.07.2024 16:43:40.785"	1.0103e-010	-8.6507e-014	2.9751e-012	7.5365e-014	2.0440e-011	3.9731e-014	9.2357e-006	
"01.07.2024 16:43:41.068"	9.8813e-011	-8.5874e-014	3.0321e-012	7.6369e-014	2.0113e-011	4.3535e-014	9.2357e-006	
"01.07.2024 16:43:41.352"	9.9804e-011	-8.4367e-014	3.0911e-012	7.8825e-014	1.9879e-011	4.0364e-014	9.2357e-006	
"01.07.2024 16:43:41.635"	1.0086e-010	-8.5160e-014	2.9675e-012	7.8447e-014	2.0408e-011	4.0361e-014	9.1959e-006	
"01.07.2024 16:43:41.919"	9.9105e-011	-8.8051e-014	3.0403e-012	7.7368e-014	2.0271e-011	4.2666e-014	9.1959e-006	
"01.07.2024 16:43:42.202"	9.9663e-011	-8.6378e-014	3.1024e-012	7.7176e-014	1.9876e-011	4.1940e-014	9.1959e-006	
"01.07.2024 16:43:42.485"	1.0082e-010	-9.3088e-014	2.9598e-012	7.9372e-014	2.0321e-011	3.9659e-014	9.1959e-006	
"01.07.2024 16:43:42.769"	9.9888e-011	-8.7169e-014	3.0310e-012	7.9590e-014	2.0538e-011	4.1325e-014	9.1821e-006	
"01.07.2024 16:43:43.052"	9.9524e-011	-8.5257e-014	3.1003e-012	7.8267e-014	1.9829e-011	4.3851e-014	9.1821e-006	
"01.07.2024 16:43:43.336"	1.0062e-010	-8.7759e-014	2.9598e-012	7.6355e-014	2.0296e-011	3.9450e-014	9.1821e-006	
"01.07.2024 16:43:43.619"	1.0037e-010	-8.5938e-014	3.0142e-012	7.7942e-014	2.0595e-011	4.0926e-014	9.1821e-006	
"01.07.2024 16:43:43.902"	9.9401e-011	-8.8014e-014	3.0705e-012	7.5805e-014	1.9785e-011	4.1135e-014	9.1683e-006	
"01.07.2024 16:43:44.187"	1.0051e-010	-8.6175e-014	2.9593e-012	7.8090e-014	2.0215e-011	4.1179e-014	9.1683e-006	
"01.07.2024 16:43:44.470"	1.0081e-010	-8.7971e-014	3.0157e-012	7.3894e-014	2.0591e-011	4.1288e-014	9.1683e-006	
"01.07.2024 16:43:44.754"	9.9236e-011	-8.6519e-014	3.0675e-012	7.4588e-014	1.9785e-011	4.2247e-014	9.1683e-006	
"01.07.2024 16:43:45.037"	1.0043e-010	-8.3234e-014	2.9720e-012	8.0043e-014	2.0224e-011	3.9284e-014	9.1469e-006	
"01.07.2024 16:43:45.321"	1.0117e-010	-8.6413e-014	3.0136e-012	7.6162e-014	2.0653e-011	4.0820e-014	9.1469e-006	
"01.07.2024 16:43:45.605"	9.9161e-011	-8.7861e-014	3.0711e-012	7.6897e-014	1.9839e-011	4.0386e-014	9.1469e-006	
"01.07.2024 16:43:45.888"	1.0028e-010	-8.9379e-014	2.9814e-012	7.7004e-014	2.0141e-011	4.1605e-014	9.1469e-006	
"01.07.2024 16:43:46.171"	1.0133e-010	-8.9209e-014	3.0075e-012	7.8830e-014	2.0653e-011	3.8654e-014	9.1463e-006	
"01.07.2024 16:43:46.455"	9.9043e-011	-8.9067e-014	3.0593e-012	7.7431e-014	1.9839e-011	4.3339e-014	9.1463e-006	
"01.07.2024 16:43:46.738"	1.0014e-010	-8.9930e-014	3.0208e-012	7.5824e-014	2.0093e-011	4.3631e-014	9.1463e-006	
"01.07.2024 16:43:47.022"	1.0124e-010	-8.8432e-014	3.0008e-012	7.7172e-014	2.0558e-011	3.8499e-014	9.1489e-006	
"01.07.2024 16:43:47.305"	9.8950e-011	-8.6494e-014	3.0449e-012	7.6812e-014	1.9842e-011	4.3171e-014	9.1489e-006	
"01.07.2024 16:43:47.588"	1.0006e-010	-8.6853e-014	3.0326e-012	7.7128e-014	2.0033e-011	4.0865e-014	9.1489e-006	
"01.07.2024 16:43:47.872"	1.0110e-010	-8.3895e-014	3.0039e-012	7.9950e-014	2.0541e-011	3.9971e-014	9.1489e-006	
"01.07.2024 16:43:48.155"	9.8684e-011	-8.6557e-014	3.0598e-012	7.8229e-014	1.9965e-011	4.1284e-014	9.1470e-006	
"01.07.2024 16:43:48.439"	9.9889e-011	-8.7954e-014	3.0875e-012	7.7504e-014	1.9943e-011	4.2868e-014	9.1470e-006	
"01.07.2024 16:43:48.722"	1.0096e-010	-8.6738e-014	2.9895e-012	7.9588e-014	2.0469e-011	3.9681e-014	9.1470e-006	
"01.07.2024 16:43:49.006"	9.8669e-011	-9.0514e-014	3.0275e-012	7.5764e-014	2.0059e-011	4.1539e-014	9.1470e-006	
"01.07.2024 16:43:49.289"	9.9738e-011	-8.3301e-014	3.0819e-012	7.5487e-014	1.9939e-011	4.2706e-014	9.1474e-006	
"01.07.2024 16:43:49.573"	1.0089e-010	-8.6114e-014	2.9706e-012	7.7291e-014	2.0408e-011	3.7974e-014	9.1474e-006	
"01.07.2024 16:43:49.857"	9.8960e-011	-8.5984e-014	3.0372e-012	7.8770e-014	2.0235e-011	4.1518e-014	9.1474e-006	
"01.07.2024 16:43:50.140"	9.9667e-011	-8.6375e-014	3.1060e-012	7.9462e-014	1.9911e-011	4.1839e-014	9.1474e-006	
"01.07.2024 16:43:50.424"	1.0070e-010	-8.5182e-014	2.9838e-012	8.1268e-014	2.0401e-011	4.0552e-014	9.1425e-006	
"01.07.2024 16:43:50.707"	9.9554e-011	-8.5346e-014	3.0316e-012	7.7473e-014	2.0415e-011	4.3520e-014	9.1425e-006	
"01.07.2024 16:43:50.991"	9.9526e-011	-8.6846e-014	3.0783e-012	7.8994e-014	1.9901e-011	4.2581e-014	9.1425e-006	
"01.07.2024 16:43:51.274"	1.0063e-010	-8.7704e-014	2.9685e-012	7.8438e-014	2.0350e-011	4.0721e-014	9.1425e-006	
"01.07.2024 16:43:51.558"	1.0003e-010	-8.8568e-014	3.0228e-012	7.8036e-014	2.0521e-011	4.2573e-014	9.1341e-006	
"01.07.2024 16:43:51.841"	9.9400e-011	-8.9192e-014	3.0823e-012	7.8839e-014	1.9872e-011	4.3044e-014	9.1341e-006	
"01.07.2024 16:43:52.125"	1.0052e-010	-8.8435e-014	2.9593e-012	7.7455e-014	2.0291e-011	4.1423e-014	9.1341e-006	
"01.07.2024 16:43:52.408"	1.0056e-010	-8.7579e-014	3.0131e-012	7.9184e-014	2.0674e-011	4.1917e-014	9.1341e-006	
"01.07.2024 16:43:52.692"	9.9339e-011	-8.5265e-014	3.0675e-012	7.6153e-014	1.9789e-011	4.3403e-014	9.1112e-006	
"01.07.2024 16:43:52.976"	1.0041e-010	-8.6350e-014	2.9829e-012	7.5392e-014	2.0237e-011	4.1111e-014	9.1112e-006	
"01.07.2024 16:43:53.259"	1.0092e-010	-8.3959e-014	3.0198e-012	7.9101e-014	2.0703e-011	3.9584e-014	9.1112e-006	
"01.07.2024 16:43:53.543"	9.9186e-011	-8.5992e-014	3.0573e-012	7.6965e-014	1.9857e-011	4.1430e-014	9.1097e-006	
"01.07.2024 16:43:53.826"	1.0036e-010	-8.7896e-014	2.9680e-012	7.8017e-014	2.0198e-011	4.3254e-014	9.1097e-006	
"01.07.2024 16:43:54.110"	1.0121e-010	-8.6440e-014	2.9962e-012	7.7236e-014	2.0699e-011	4.1071e-014	9.1097e-006	
"01.07.2024 16:43:54.394"	9.9095e-011	-8.8443e-014	3.0475e-012	7.8497e-014	1.9835e-011	4.2242e-014	9.1097e-006	
"01.07.2024 16:43:54.678"	1.0016e-010	-8.5761e-014	3.0008e-012	7.8027e-014	2.0119e-011	4.0658e-014	9.1107e-006	
"01.07.2024 16:43:54.961"	1.0128e-010	-8.7530e-014	3.0069e-012	7.5719e-014	2.0647e-011	3.9771e-014	9.1107e-006	
"01.07.2024 16:43:55.244"	9.8957e-011	-8.6899e-014	3.0552e-012	7.9102e-014	1.9849e-011	4.2602e-014	9.1107e-006	
"01.07.2024 16:43:55.528"	1.0010e-010	-8.5049e-014	3.0326e-012	7.9053e-014	2.0142e-011	4.0407e-014	9.1107e-006	
"01.07.2024 16:43:55.811"	1.0115e-010	-8.7436e-014	3.0009e-012	7.7585e-014	2.0654e-011	3.9054e-014	9.1112e-006	
"01.07.2024 16:43:56.095"	9.8795e-011	-8.4556e-014	3.0531e-012	7.7811e-014	1.9904e-011	4.4247e-014	9.1112e-006	
"01.07.2024 16:43:56.378"	9.9952e-011	-8.5846e-014	3.0505e-012	7.7050e-014	2.0042e-011	4.0837e-014	9.1112e-006	
"01.07.2024 16:43:56.662"	1.0103e-010	-8.9178e-014	2.9803e-012	7.4738e-014	2.0586e-011	3.9704e-014	9.1112e-006	
"01.07.2024 16:43:56.945"	9.8754e-011	-8.7449e-014	3.0322e-012	7.7338e-014	2.0009e-011	4.1590e-014	9.1119e-006	
"01.07.2024 16:43:57.229"	9.9834e-011	-9.0587e-014	3.0823e-012	7.7572e-014	2.0042e-011	4.1391e-014	9.1119e-006	
"01.07.2024 16:43:57.512"	1.0092e-010	-8.6662e-014	2.9926e-012	7.6751e-014	2.0534e-011	3.8124e-014	9.1119e-006	
"01.07.2024 16:43:57.795"	9.8664e-011	-8.9595e-014	3.0495e-012	8.0390e-014	2.0104e-011	4.0918e-014	9.1119e-006	
"01.07.2024 16:43:58.079"	9.9811e-011	-8.6115e-014	3.0797e-012	7.5187e-014	1.9966e-011	4.1771e-014	9.1107e-006	
"01.07.2024 16:43:58.362"	1.0085e-010	-8.7050e-014	2.9629e-012	7.9094e-014	2.0496e-011	3.8065e-014	9.1107e-006	
"01.07.2024 16:43:58.646"	9.9170e-011	-8.3348e-014	3.0408e-012	7.5042e-014	2.0317e-011	4.3465e-014	9.1107e-006	
"01.07.2024 16:43:58.930"	9.9673e-011	-8.7359e-014	3.0879e-012	7.7723e-014	1.9970e-011	4.4596e-014	9.1107e-006	
"01.07.2024 16:43:59.214"	1.0078e-010	-8.4446e-014	2.9654e-012	7.1835e-014	2.0456e-011	4.1050e-014	9.1117e-006	
"01.07.2024 16:43:59.497"	9.9510e-011	-8.6396e-014	3.0295e-012	7.5608e-014	2.0409e-011	4.1861e-014	9.1117e-006	
"01.07.2024 16:43:59.781"	9.9589e-011	-8.6104e-014	3.0819e-012	7.9753e-014	1.9861e-011	4.1439e-014	9.1117e-006	
"01.07.2024 16:44:00.064"	1.0062e-010	-8.8400e-014	2.9547e-012	7.4838e-014	2.0381e-011	3.9231e-014	9.1117e-006	
"01.07.2024 16:44:00.348"	9.9958e-011	-8.7407e-014	3.0198e-012	7.7041e-014	2.0554e-011	4.0721e-014	9.1079e-006	
"01.07.2024 16:44:00.631"	9.9405e-011	-8.5779e-014	3.0798e-012	7.9286e-014	1.9868e-011	4.0857e-014	9.1079e-006	
"01.07.2024 16:44:00.915"	1.0048e-010	-8.8101e-014	2.9664e-012	7.8695e-014	2.0307e-011	4.1778e-014	9.1079e-006	
"01.07.2024 16:44:01.198"	1.0059e-010	-8.6875e-014	3.0203e-012	7.6488e-014	2.0666e-011	4.4215e-014	9.1125e-006	
"01.07.2024 16:44:01.481"	9.9347e-011	-8.8103e-014	3.0680e-012	7.6227e-014	1.9867e-011	4.2365e-014	9.1125e-006	
"01.07.2024 16:44:01.765"	1.0039e-010	-8.8825e-014	2.9618e-012	7.5933e-014	2.0273e-011	4.0344e-014	9.1125e-006	
"01.07.2024 16:44:02.048"	1.0124e-010	-8.5930e-014	3.0203e-012	7.8314e-014	2.0718e-011	3.8740e-014	9.1125e-006	
"01.07.2024 16:44:02.332"	9.9112e-011	-9.0130e-014	3.0685e-012	7.6755e-014	1.9851e-011	4.4182e-014	9.1118e-006	
"01.07.2024 16:44:02.615"	1.0024e-010	-8.5470e-014	2.9829e-012	7.4518e-014	2.0219e-011	4.0872e-014	9.1118e-006	
"01.07.2024 16:44:02.898"	1.0131e-010	-9.1804e-014	2.9880e-012	7.8065e-014	2.0686e-011	3.8786e-014	9.1118e-006	
"01.07.2024 16:44:03.182"	9.9033e-011	-8.7861e-014	3.0485e-012	8.0005e-014	1.9934e-011	4.4329e-014	9.1118e-006	
"01.07.2024 16:44:03.466"	1.0019e-010	-8.8284e-014	3.0085e-012	7.7902e-014	2.0177e-011	4.2635e-014	9.1140e-006	
"01.07.2024 16:44:03.749"	1.0115e-010	-8.6512e-014	3.0049e-012	7.6444e-014	2.0718e-011	3.6954e-014	9.1140e-006	
"01.07.2024 16:44:04.033"	9.8872e-011	-8.7333e-014	3.0567e-012	7.7783e-014	1.9914e-011	4.2871e-014	9.1140e-006	
"01.07.2024 16:44:04.316"	9.9983e-011	-8.8604e-014	3.0398e-012	7.6952e-014	2.0085e-011	4.1014e-014	9.1140e-006	
"01.07.2024 16:44:04.600"	1.0112e-010	-9.1423e-014	3.0023e-012	7.4921e-014	2.0635e-011	4.0330e-014	9.1078e-006	
"01.07.2024 16:44:04.883"	9.8738e-011	-8.5532e-014	3.0454e-012	7.7706e-014	1.9923e-011	4.2017e-014	9.1078e-006	
"01.07.2024 16:44:05.167"	9.9912e-011	-8.6050e-014	3.0665e-012	7.8139e-014	2.0111e-011	4.2572e-014	9.1078e-006	
"01.07.2024 16:44:05.450"	1.0099e-010	-8.6986e-014	2.9762e-012	7.7483e-014	2.0553e-011	4.0392e-014	9.1078e-006	
"01.07.2024 16:44:05.733"	9.8655e-011	-8.7069e-014	3.0598e-012	7.5777e-014	2.0091e-011	4.3837e-014	9.1096e-006	
"01.07.2024 16:44:06.017"	9.9781e-011	-8.6122e-014	3.0947e-012	7.8033e-014	2.0049e-011	4.1247e-014	9.1096e-006	
"01.07.2024 16:44:06.300"	1.0087e-010	-8.4784e-014	2.9865e-012	8.0320e-014	2.0479e-011	4.1328e-014	9.1096e-006	
"01.07.2024 16:44:06.584"	9.8876e-011	-8.5846e-014	3.0357e-012	7.7784e-014	2.0288e-011	4.0949e-014	9.1096e-006	
"01.07.2024 16:44:06.867"	9.9691e-011	-8.6949e-014	3.0793e-012	7.8382e-014	1.9961e-011	4.3349e-014	9.1138e-006	
"01.07.2024 16:44:07.151"	1.0075e-010	-8.4056e-014	2.9777e-012	7.5332e-014	2.0431e-011	3.9051e-014	9.1138e-006	
"01.07.2024 16:44:07.434"	9.9410e-011	-8.8045e-014	3.0095e-012	7.7306e-014	2.0513e-011	4.2070e-014	9.1138e-006	
"01.07.2024 16:44:07.718"	9.9634e-011	-8.5933e-014	3.0998e-012	7.8528e-014	1.9963e-011	4.1971e-014	9.1132e-006	
"01.07.2024 16:44:08.003"	1.0069e-010	-8.3532e-014	2.9685e-012	7.9420e-014	2.0407e-011	3.9721e-014	9.1132e-006	
"01.07.2024 16:44:08.286"	9.9747e-011	-8.9474e-014	3.0244e-012	7.6973e-014	2.0504e-011	4.1957e-014	9.1132e-006	
"01.07.2024 16:44:08.570"	9.9497e-011	-8.5416e-014	3.0916e-012	7.7933e-014	1.9938e-011	4.3010e-014	9.1132e-006	
"01.07.2024 16:44:08.853"	1.0058e-010	-8.9166e-014	2.9623e-012	7.7349e-014	2.0394e-011	3.9731e-014	9.1035e-006	
"01.07.2024 16:44:09.137"	1.0020e-010	-8.4572e-014	3.0357e-012	7.9993e-014	2.0644e-011	4.1847e-014	9.1035e-006	
"01.07.2024 16:44:09.420"	9.9405e-011	-9.0164e-014	3.0655e-012	7.8405e-014	1.9896e-011	4.3868e-014	9.1035e-006	
"01.07.2024 16:44:09.704"	1.0041e-010	-8.5078e-014	2.9798e-012	7.7996e-014	2.0347e-011	3.9698e-014	9.1035e-006	
"01.07.2024 16:44:09.987"	1.0070e-010	-8.9238e-014	3.0147e-012	7.5837e-014	2.0738e-011	4.1211e-014	9.1010e-006	
"01.07.2024 16:44:10.271"	9.9242e-011	-8.7769e-014	3.0962e-012	7.7307e-014	1.9863e-011	4.1390e-014	9.1010e-006	
"01.07.2024 16:44:10.554"	1.0035e-010	-8.6279e-014	2.9598e-012	7.5504e-014	2.0286e-011	4.1573e-014	9.1010e-006	
"01.07.2024 16:44:10.837"	1.0112e-010	-8.4900e-014	3.0054e-012	7.7445e-014	2.0804e-011	3.8231e-014	9.1010e-006	
"01.07.2024 16:44:11.121"	9.9111e-011	-8.8728e-014	3.0741e-012	7.7317e-014	1.9885e-011	3.7933e-014	9.1016e-006	
"01.07.2024 16:44:11.404"	1.0035e-010	-8.7074e-014	2.9988e-012	7.8453e-014	2.0173e-011	4.0574e-014	9.1016e-006	
"01.07.2024 16:44:11.688"	1.0130e-010	-8.7981e-014	3.0034e-012	7.8698e-014	2.0750e-011	3.8647e-014	9.1016e-006	
"01.07.2024 16:44:11.971"	9.9059e-011	-8.8299e-014	3.0568e-012	7.5125e-014	1.9924e-011	4.3029e-014	9.1016e-006	
"01.07.2024 16:44:12.255"	1.0016e-010	-8.6196e-014	2.9905e-012	7.8005e-014	2.0171e-011	4.0132e-014	9.1017e-006	
"01.07.2024 16:44:12.539"	1.0127e-010	-8.8267e-014	3.0008e-012	7.9156e-014	2.0701e-011	3.7761e-014	9.1017e-006	
"01.07.2024 16:44:12.822"	9.8911e-011	-8.6127e-014	3.0588e-012	7.8790e-014	1.9944e-011	4.3174e-014	9.1017e-006	
"01.07.2024 16:44:13.105"	1.0005e-010	-9.2902e-014	3.0388e-012	7.6986e-014	2.0154e-011	4.3425e-014	9.1017e-006	
"01.07.2024 16:44:13.389"	1.0113e-010	-8.5827e-014	2.9910e-012	7.8210e-014	2.0671e-011	4.0302e-014	9.1119e-006	
"01.07.2024 16:44:13.672"	9.8799e-011	-8.2919e-014	3.0496e-012	8.0485e-014	1.9931e-011	4.3574e-014	9.1119e-006	
"01.07.2024 16:44:13.956"	9.9977e-011	-8.2784e-014	3.0650e-012	7.5491e-014	2.0134e-011	4.0882e-014	9.1119e-006	
"01.07.2024 16:44:14.239"	1.0106e-010	-8.8051e-014	2.9695e-012	7.8059e-014	2.0614e-011	3.8402e-014	9.1119e-006	
"01.07.2024 16:44:14.523"	9.8722e-011	-8.9158e-014	3.0506e-012	7.8301e-014	2.0019e-011	4.2442e-014	9.1079e-006	
"01.07.2024 16:44:14.806"	9.9840e-011	-8.6443e-014	3.0854e-012	7.6436e-014	2.0062e-011	4.1818e-014	9.1079e-006	
"01.07.2024 16:44:15.090"	1.0097e-010	-8.5756e-014	2.9782e-012	7.8818e-014	2.0505e-011	3.8359e-014	9.1079e-006	
"01.07.2024 16:44:15.373"	9.8840e-011	-8.6391e-014	3.0403e-012	7.7997e-014	2.0288e-011	4.3282e-014	9.1052e-006	
"01.07.2024 16:44:15.657"	9.9667e-011	-8.7888e-014	3.0798e-012	7.7498e-014	2.0033e-011	4.0341e-014	9.1052e-006	
"01.07.2024 16:44:15.940"	1.0079e-010	-8.7100e-014	2.9593e-012	7.8187e-014	2.0497e-011	4.0279e-014	9.1052e-006	
"01.07.2024 16:44:16.223"	9.9255e-011	-9.0341e-014	3.0388e-012	7.9368e-014	2.0405e-011	4.4008e-014	9.1052e-006	
"01.07.2024 16:44:16.507"	9.9566e-011	-8.4818e-014	3.0946e-012	7.8255e-014	1.9959e-011	3.9772e-014	9.1034e-006	
"01.07.2024 16:44:16.790"	1.0065e-010	-8.7981e-014	2.9700e-012	8.0250e-014	2.0445e-011	3.9772e-014	9.1034e-006	
"01.07.2024 16:44:17.074"	9.9686e-011	-8.7601e-014	3.0188e-012	8.0358e-014	2.0547e-011	4.3314e-014	9.1034e-006	
"01.07.2024 16:44:17.358"	9.9483e-011	-8.5563e-014	3.0788e-012	7.5693e-014	1.9970e-011	4.0291e-014	9.1034e-006	
