"Spectra International Data File"
"[Scan Data (Pressures in mbar)]"
"Time"	"Mass 2"	"Mass 8"	"Mass 4"	"Mass 12"	"Mass 40"	"Mass 44"	"CirrusPressure"	
"01.07.2024 16:38:05.065"	1.2751e-010	-8.5260e-014	4.5154e-012	7.5503e-014	1.0390e-013	1.4737e-014	1.1189e-005	
"01.07.2024 16:38:05.348"	1.2376e-010	-8.6227e-014	4.6233e-012	7.7201e-014	1.0050e-013	1.4024e-014	1.1189e-005	
"01.07.2024 16:38:05.631"	1.2640e-010	-8.5671e-014	4.5922e-012	7.7038e-014	1.0207e-013	1.5038e-014	1.1189e-005	
"01.07.2024 16:38:05.915"	1.2753e-010	-8.6836e-014	4.5113e-012	7.4473e-014	1.0094e-013	1.5127e-014	1.1179e-005	
"01.07.2024 16:38:06.198"	1.2336e-010	-8.5480e-014	4.6065e-012	7.6941e-014	9.9938e-014	1.4194e-014	1.1179e-005	
"01.07.2024 16:38:06.483"	1.2631e-010	-8.5148e-014	4.6617e-012	6.8363e-014	9.6929e-014	1.5003e-014	1.1179e-005	
"01.07.2024 16:38:06.766"	1.2762e-010	-8.6355e-014	4.5119e-012	7.5199e-014	1.0462e-013	1.5572e-014	1.1179e-005	
"01.07.2024 16:38:07.049"	1.2331e-010	-8.6286e-014	4.6106e-012	7.6920e-014	1.0042e-013	1.4350e-014	1.1179e-005	
"01.07.2024 16:38:07.333"	1.2562e-010	-8.3206e-014	4.6637e-012	7.5754e-014	1.0062e-013	1.4579e-014	1.1179e-005	
"01.07.2024 16:38:07.618"	1.2759e-010	-8.7252e-014	4.5042e-012	7.7053e-014	9.8987e-014	1.4582e-014	1.1179e-005	
"01.07.2024 16:38:07.901"	1.2368e-010	-8.5525e-014	4.5916e-012	7.4479e-014	1.0136e-013	1.4492e-014	1.1179e-005	
"01.07.2024 16:38:08.185"	1.2566e-010	-8.7495e-014	4.6709e-012	7.6601e-014	9.9251e-014	1.4541e-014	1.1180e-005	
"01.07.2024 16:38:08.469"	1.2708e-010	-8.6941e-014	4.4617e-012	7.8061e-014	1.0121e-013	1.4404e-014	1.1180e-005	
"01.07.2024 16:38:08.753"	1.2414e-010	-8.7275e-014	4.6228e-012	7.6758e-014	1.0094e-013	1.4210e-014	1.1180e-005	
"01.07.2024 16:38:09.036"	1.2584e-010	-8.6820e-014	4.6913e-012	7.7814e-014	9.6230e-014	1.4610e-014	1.1180e-005	
"01.07.2024 16:38:09.320"	1.2701e-010	-8.4826e-014	4.4346e-012	7.6427e-014	1.0148e-013	1.4918e-014	1.1182e-005	
"01.07.2024 16:38:09.604"	1.2449e-010	-8.5525e-014	4.6208e-012	7.5406e-014	9.9430e-014	1.4429e-014	1.1182e-005	
"01.07.2024 16:38:09.888"	1.2569e-010	-8.5377e-014	4.7026e-012	7.7553e-014	9.5100e-014	1.4104e-014	1.1182e-005	
"01.07.2024 16:38:10.171"	1.2689e-010	-8.6459e-014	4.4213e-012	7.7974e-014	9.7340e-014	1.4365e-014	1.1182e-005	
"01.07.2024 16:38:10.454"	1.2529e-010	-8.8376e-014	4.6029e-012	7.7565e-014	9.8360e-014	1.4234e-014	1.1176e-005	
"01.07.2024 16:38:10.738"	1.2554e-010	-8.5347e-014	4.7082e-012	7.6570e-014	9.6792e-014	1.3844e-014	1.1176e-005	
"01.07.2024 16:38:11.021"	1.2673e-010	-8.6933e-014	4.4096e-012	7.4705e-014	9.8426e-014	1.4747e-014	1.1176e-005	
"01.07.2024 16:38:11.305"	1.2616e-010	-9.2980e-014	4.5982e-012	7.6668e-014	1.0267e-013	1.4298e-014	1.1176e-005	
"01.07.2024 16:38:11.588"	1.2547e-010	-8.6566e-014	4.6893e-012	7.4305e-014	9.5358e-014	1.4362e-014	1.1179e-005	
"01.07.2024 16:38:11.872"	1.2658e-010	-8.5113e-014	4.4183e-012	7.4095e-014	9.6906e-014	1.4052e-014	1.1179e-005	
"01.07.2024 16:38:12.155"	1.2697e-010	-8.6308e-014	4.5814e-012	7.4206e-014	9.7592e-014	1.3868e-014	1.1179e-005	
"01.07.2024 16:38:12.439"	1.2523e-010	-8.5705e-014	4.6714e-012	7.7795e-014	9.3008e-014	1.3974e-014	1.1179e-005	
"01.07.2024 16:38:12.722"	1.2657e-010	-8.5572e-014	4.4494e-012	7.5203e-014	9.2920e-014	1.4383e-014	1.1186e-005	
"01.07.2024 16:38:13.006"	1.2748e-010	-8.8429e-014	4.5630e-012	7.6716e-014	1.0137e-013	1.4478e-014	1.1186e-005	
"01.07.2024 16:38:13.289"	1.2473e-010	-8.6266e-014	4.6719e-012	7.3636e-014	8.7683e-014	1.4556e-014	1.1186e-005	
"01.07.2024 16:38:13.572"	1.2659e-010	-8.6798e-014	4.4761e-012	7.6611e-014	9.4392e-014	1.4478e-014	1.1182e-005	
"01.07.2024 16:38:13.856"	1.2771e-010	-8.6773e-014	4.5395e-012	7.3403e-014	9.6847e-014	1.4389e-014	1.1182e-005	
"01.07.2024 16:38:14.141"	1.2449e-010	-8.6287e-014	4.6704e-012	7.6844e-014	9.2193e-014	1.3787e-014	1.1182e-005	
"01.07.2024 16:38:14.424"	1.2645e-010	-8.6841e-014	4.4965e-012	7.4808e-014	9.3169e-014	1.4404e-014	1.1182e-005	
"01.07.2024 16:38:14.707"	1.2756e-010	-8.9037e-014	4.5277e-012	7.6650e-014	9.8774e-014	1.4142e-014	1.1182e-005	
"01.07.2024 16:38:14.991"	1.2419e-010	-8.6717e-014	4.6520e-012	7.5454e-014	9.3275e-014	1.3946e-014	1.1182e-005	
"01.07.2024 16:38:15.274"	1.2650e-010	-8.4788e-014	4.5420e-012	7.4273e-014	9.2005e-014	1.4303e-014	1.1182e-005	
"01.07.2024 16:38:15.558"	1.2757e-010	-8.2601e-014	4.5093e-012	7.6315e-014	9.7307e-014	1.4259e-014	1.1182e-005	
"01.07.2024 16:38:15.841"	1.2347e-010	-8.6227e-014	4.6131e-012	7.8300e-014	9.2621e-014	1.3870e-014	1.1183e-005	
"01.07.2024 16:38:16.125"	1.2640e-010	-8.4142e-014	4.6402e-012	7.5571e-014	9.3375e-014	1.4075e-014	1.1183e-005	
"01.07.2024 16:38:16.408"	1.2758e-010	-8.7734e-014	4.5043e-012	7.6142e-014	9.3081e-014	1.4380e-014	1.1183e-005	
"01.07.2024 16:38:16.692"	1.2340e-010	-8.5606e-014	4.6146e-012	7.0293e-014	9.2946e-014	1.3359e-014	1.1183e-005	
"01.07.2024 16:38:16.975"	1.2626e-010	-8.7308e-014	4.6826e-012	8.0224e-014	9.1596e-014	1.3802e-014	1.1186e-005	
"01.07.2024 16:38:17.259"	1.2751e-010	-8.7295e-014	4.5068e-012	7.4901e-014	9.3875e-014	1.4367e-014	1.1186e-005	
"01.07.2024 16:38:17.542"	1.2362e-010	-8.7993e-014	4.5886e-012	7.8629e-014	9.3667e-014	1.3549e-014	1.1186e-005	
"01.07.2024 16:38:17.825"	1.2601e-010	-8.7213e-014	4.7246e-012	7.5801e-014	9.1104e-014	1.4227e-014	1.1186e-005	
"01.07.2024 16:38:18.109"	1.2763e-010	-8.5791e-014	4.4755e-012	7.8624e-014	9.4958e-014	1.4334e-014	1.1196e-005	
"01.07.2024 16:38:18.392"	1.2369e-010	-8.7658e-014	4.6233e-012	7.5447e-014	9.3856e-014	1.3838e-014	1.1196e-005	
"01.07.2024 16:38:18.677"	1.2559e-010	-8.6490e-014	4.7067e-012	7.4913e-014	9.0189e-014	1.3700e-014	1.1196e-005	
"01.07.2024 16:38:18.961"	1.2743e-010	-8.7182e-014	4.4730e-012	7.5759e-014	9.2498e-014	1.3869e-014	1.1196e-005	
"01.07.2024 16:38:19.245"	1.2442e-010	-8.7481e-014	4.5957e-012	7.4489e-014	9.1914e-014	1.3458e-014	1.1192e-005	
"01.07.2024 16:38:19.528"	1.2558e-010	-8.8779e-014	4.7215e-012	7.5800e-014	8.8412e-014	1.3443e-014	1.1192e-005	
"01.07.2024 16:38:19.812"	1.2740e-010	-8.5649e-014	4.4679e-012	7.3062e-014	9.2984e-014	1.4157e-014	1.1192e-005	
"01.07.2024 16:38:20.096"	1.2490e-010	-8.6279e-014	4.5890e-012	7.6777e-014	9.3137e-014	1.3710e-014	1.1197e-005	
"01.07.2024 16:38:20.379"	1.2560e-010	-8.6633e-014	4.6929e-012	7.3462e-014	9.0257e-014	1.3603e-014	1.1197e-005	
"01.07.2024 16:38:20.663"	1.2723e-010	-8.6278e-014	4.4490e-012	7.7115e-014	9.1498e-014	1.3753e-014	1.1197e-005	
"01.07.2024 16:38:20.946"	1.2582e-010	-8.6177e-014	4.5809e-012	7.3881e-014	9.1403e-014	1.3242e-014	1.1197e-005	
"01.07.2024 16:38:21.230"	1.2519e-010	-9.0178e-014	4.6837e-012	7.4086e-014	8.8375e-014	1.3239e-014	1.1198e-005	
"01.07.2024 16:38:21.514"	1.2706e-010	-8.5805e-014	4.4397e-012	7.5767e-014	9.0723e-014	1.3851e-014	1.1198e-005	
"01.07.2024 16:38:21.797"	1.2654e-010	-8.8790e-014	4.5906e-012	7.6966e-014	9.2750e-014	1.3837e-014	1.1198e-005	
"01.07.2024 16:38:22.081"	1.2517e-010	-8.6339e-014	4.6586e-012	7.6429e-014	8.8544e-014	1.3884e-014	1.1198e-005	
"01.07.2024 16:38:22.364"	1.2701e-010	-8.8627e-014	4.4515e-012	7.4171e-014	8.9801e-014	1.4029e-014	1.1195e-005	
"01.07.2024 16:38:22.649"	1.2672e-010	-8.6981e-014	4.5528e-012	7.5090e-014	9.1180e-014	1.3802e-014	1.1195e-005	
"01.07.2024 16:38:22.933"	1.2510e-010	-8.5684e-014	4.6775e-012	7.7358e-014	8.7649e-014	1.3582e-014	1.1195e-005	
"01.07.2024 16:38:23.216"	1.2716e-010	-8.5814e-014	4.4520e-012	7.6641e-014	8.9645e-014	1.4139e-014	1.1195e-005	
"01.07.2024 16:38:23.501"	1.2701e-010	-8.7241e-014	4.5595e-012	7.5981e-014	9.2700e-014	1.3564e-014	1.1182e-005	
"01.07.2024 16:38:23.784"	1.2449e-010	-8.7772e-014	4.6468e-012	7.4622e-014	8.5298e-014	1.3485e-014	1.1182e-005	
"01.07.2024 16:38:24.068"	1.2685e-010	-8.7754e-014	4.4285e-012	7.3890e-014	8.9976e-014	1.3346e-014	1.1182e-005	
"01.07.2024 16:38:24.352"	1.2780e-010	-8.7878e-014	4.5804e-012	7.5363e-014	9.2794e-014	1.3655e-014	1.1182e-005	
"01.07.2024 16:38:24.635"	1.2442e-010	-8.8331e-014	4.6509e-012	7.2827e-014	8.4520e-014	1.2986e-014	1.1189e-005	
"01.07.2024 16:38:24.919"	1.2651e-010	-8.8613e-014	4.4929e-012	7.2786e-014	8.6880e-014	1.4101e-014	1.1189e-005	
"01.07.2024 16:38:25.202"	1.2822e-010	-8.8743e-014	4.5656e-012	7.6034e-014	9.0632e-014	1.3868e-014	1.1189e-005	
"01.07.2024 16:38:25.486"	1.2426e-010	-8.7203e-014	4.6673e-012	7.3998e-014	8.4958e-014	1.2895e-014	1.1192e-005	
"01.07.2024 16:38:25.769"	1.2615e-010	-8.9176e-014	4.5338e-012	7.6072e-014	8.6234e-014	1.3480e-014	1.1192e-005	
"01.07.2024 16:38:26.053"	1.2801e-010	-8.7362e-014	4.5733e-012	7.5918e-014	8.9890e-014	1.3970e-014	1.1192e-005	
"01.07.2024 16:38:26.336"	1.2399e-010	-8.5690e-014	4.6402e-012	7.5913e-014	8.6294e-014	1.3406e-014	1.1192e-005	
"01.07.2024 16:38:26.619"	1.2619e-010	-8.5037e-014	4.6213e-012	7.5245e-014	8.8917e-014	1.3967e-014	1.1190e-005	
"01.07.2024 16:38:26.903"	1.2796e-010	-8.7432e-014	4.5165e-012	7.5245e-014	9.3823e-014	1.4961e-014	1.1190e-005	
"01.07.2024 16:38:27.186"	1.1546e-010	-8.5471e-014	4.5114e-012	7.7343e-014	1.9266e-011	4.6421e-014	1.1190e-005	
"01.07.2024 16:38:27.470"	1.1407e-010	-8.5734e-014	3.3007e-012	7.5206e-014	2.5188e-011	2.5925e-014	1.1190e-005	
"01.07.2024 16:38:27.754"	1.1512e-010	-8.4840e-014	3.6762e-012	7.6277e-014	2.3110e-011	2.5690e-014	1.1088e-005	
"01.07.2024 16:38:28.037"	1.1099e-010	-8.6776e-014	3.7586e-012	7.8125e-014	2.4524e-011	2.0435e-014	1.1088e-005	
"01.07.2024 16:38:28.321"	1.1220e-010	-8.4133e-014	3.7961e-012	7.7033e-014	2.5433e-011	1.7190e-014	1.1088e-005	
"01.07.2024 16:38:28.604"	1.1274e-010	-8.5163e-014	3.6143e-012	7.6856e-014	2.5907e-011	1.6042e-014	1.1088e-005	
"01.07.2024 16:38:28.888"	1.0923e-010	-8.6246e-014	3.6772e-012	7.6788e-014	2.5130e-011	2.1707e-014	1.0907e-005	
"01.07.2024 16:38:29.171"	1.1058e-010	-8.5153e-014	3.7090e-012	7.4741e-014	2.4836e-011	2.2301e-014	1.0907e-005	
"01.07.2024 16:38:29.455"	1.1098e-010	-8.6766e-014	3.4924e-012	7.6137e-014	2.5143e-011	2.2141e-014	1.0907e-005	
"01.07.2024 16:38:29.738"	1.0840e-010	-8.4596e-014	3.5697e-012	7.8962e-014	2.4569e-011	2.4508e-014	1.0907e-005	
"01.07.2024 16:38:30.021"	1.0793e-010	-8.7262e-014	3.5636e-012	7.6119e-014	2.3446e-011	2.8427e-014	1.0669e-005	
"01.07.2024 16:38:30.305"	1.0758e-010	-8.6144e-014	3.3288e-012	7.4329e-014	2.3215e-011	3.0204e-014	1.0669e-005	
"01.07.2024 16:38:30.588"	1.0545e-010	-8.4771e-014	3.2843e-012	7.9943e-014	2.2591e-011	3.1814e-014	1.0669e-005	
"01.07.2024 16:38:30.872"	1.0237e-010	-8.6051e-014	3.2494e-012	7.8606e-014	2.0782e-011	3.7182e-014	1.0669e-005	
"01.07.2024 16:38:31.155"	1.0242e-010	-8.7057e-014	3.0674e-012	7.9501e-014	2.0829e-011	3.5781e-014	1.0129e-005	
"01.07.2024 16:38:31.439"	1.0241e-010	-8.5573e-014	3.0705e-012	7.6804e-014	2.0972e-011	3.7877e-014	1.0129e-005	
"01.07.2024 16:38:31.722"	9.9911e-011	-9.0794e-014	3.1161e-012	7.5968e-014	1.9906e-011	4.0909e-014	1.0129e-005	
"01.07.2024 16:38:32.005"	1.0088e-010	-8.5454e-014	2.9951e-012	7.6451e-014	2.0192e-011	3.9971e-014	1.0129e-005	
"01.07.2024 16:38:32.289"	1.0171e-010	-8.8117e-014	3.0336e-012	7.6962e-014	2.0653e-011	3.9127e-014	9.5283e-006	
"01.07.2024 16:38:32.573"	9.9340e-011	-8.4996e-014	3.0793e-012	7.7643e-014	1.9818e-011	4.0723e-014	9.5283e-006	
"01.07.2024 16:38:32.856"	1.0049e-010	-8.6842e-014	2.9997e-012	7.7411e-014	2.0037e-011	4.0782e-014	9.5283e-006	
"01.07.2024 16:38:33.140"	1.0151e-010	-8.5281e-014	3.0105e-012	7.8398e-014	2.0538e-011	3.7595e-014	9.3559e-006	
"01.07.2024 16:38:33.423"	9.9136e-011	-8.7380e-014	3.0556e-012	7.6142e-014	1.9777e-011	3.9878e-014	9.3559e-006	
"01.07.2024 16:38:33.707"	1.0025e-010	-9.0041e-014	3.0459e-012	7.1374e-014	2.0016e-011	4.2420e-014	9.3559e-006	
"01.07.2024 16:38:33.991"	1.0138e-010	-8.7162e-014	3.0054e-012	7.7814e-014	2.0523e-011	3.7351e-014	9.3559e-006	
"01.07.2024 16:38:34.274"	9.9017e-011	-8.5707e-014	3.0598e-012	7.8944e-014	1.9779e-011	4.1534e-014	9.3046e-006	
"01.07.2024 16:38:34.558"	1.0015e-010	-8.7734e-014	3.0556e-012	7.5481e-014	1.9945e-011	4.1348e-014	9.3046e-006	
"01.07.2024 16:38:34.841"	1.0120e-010	-8.6395e-014	2.9951e-012	7.8607e-014	2.0465e-011	3.9119e-014	9.3046e-006	
"01.07.2024 16:38:35.125"	9.8864e-011	-8.5135e-014	3.0587e-012	7.7562e-014	1.9823e-011	4.3987e-014	9.3046e-006	
"01.07.2024 16:38:35.408"	1.0003e-010	-8.5623e-014	3.0787e-012	7.8902e-014	1.9988e-011	4.1374e-014	9.2638e-006	
"01.07.2024 16:38:35.692"	1.0113e-010	-8.5514e-014	2.9890e-012	7.6800e-014	2.0474e-011	4.0394e-014	9.2638e-006	
"01.07.2024 16:38:35.975"	9.8787e-011	-8.5986e-014	3.0556e-012	7.8258e-014	1.9972e-011	4.0772e-014	9.2638e-006	
"01.07.2024 16:38:36.258"	9.9937e-011	-8.7039e-014	3.0895e-012	7.6338e-014	1.9933e-011	4.0561e-014	9.2638e-006	
"01.07.2024 16:38:36.543"	1.0110e-010	-8.6684e-014	2.9926e-012	7.7361e-014	2.0405e-011	3.9995e-014	9.2192e-006	
"01.07.2024 16:38:36.827"	9.8826e-011	-8.6223e-014	3.0443e-012	7.7835e-014	2.0051e-011	4.2942e-014	9.2192e-006	
"01.07.2024 16:38:37.110"	9.9850e-011	-8.6488e-014	3.0966e-012	7.7315e-014	1.9862e-011	4.0922e-014	9.2192e-006	
"01.07.2024 16:38:37.394"	1.0102e-010	-8.9915e-014	2.9792e-012	7.5576e-014	2.0409e-011	3.8537e-014	9.2192e-006	
"01.07.2024 16:38:37.678"	9.8878e-011	-8.5446e-014	3.0490e-012	7.6469e-014	2.0161e-011	4.3301e-014	9.2039e-006	
"01.07.2024 16:38:37.962"	9.9772e-011	-8.4960e-014	3.0895e-012	7.8290e-014	1.9862e-011	3.9541e-014	9.2039e-006	
"01.07.2024 16:38:38.245"	1.0087e-010	-8.4632e-014	2.9715e-012	8.0449e-014	2.0357e-011	4.1233e-014	9.2039e-006	
"01.07.2024 16:38:38.528"	9.9223e-011	-8.8007e-014	3.0228e-012	7.6779e-014	2.0307e-011	4.2467e-014	9.2039e-006	
"01.07.2024 16:38:38.812"	9.9676e-011	-8.5794e-014	3.0926e-012	7.7337e-014	1.9839e-011	4.3102e-014	9.1821e-006	
"01.07.2024 16:38:39.095"	1.0071e-010	-8.8641e-014	2.9741e-012	7.3534e-014	2.0297e-011	3.9187e-014	9.1821e-006	
"01.07.2024 16:38:39.379"	9.9812e-011	-8.5054e-014	3.0289e-012	7.8461e-014	2.0432e-011	4.0951e-014	9.1821e-006	
"01.07.2024 16:38:39.662"	9.9479e-011	-8.6371e-014	3.0890e-012	7.8082e-014	1.9835e-011	4.3805e-014	9.1834e-006	
"01.07.2024 16:38:39.946"	1.0064e-010	-8.5533e-014	2.9664e-012	7.9033e-014	2.0274e-011	3.8824e-014	9.1834e-006	
"01.07.2024 16:38:40.229"	1.0025e-010	-8.6412e-014	3.0244e-012	7.5918e-014	2.0562e-011	4.3160e-014	9.1834e-006	
"01.07.2024 16:38:40.513"	9.9380e-011	-8.6557e-014	3.0777e-012	7.6330e-014	1.9823e-011	4.1980e-014	9.1834e-006	
"01.07.2024 16:38:40.796"	1.0054e-010	-8.6611e-014	2.9587e-012	7.6778e-014	2.0224e-011	4.2157e-014	9.1560e-006	
"01.07.2024 16:38:41.080"	1.0083e-010	-8.9050e-014	3.0223e-012	7.8490e-014	2.0682e-011	4.0596e-014	9.1560e-006	
"01.07.2024 16:38:41.363"	9.9332e-011	-8.7036e-014	3.0829e-012	7.9902e-014	1.9816e-011	4.2317e-014	9.1560e-006	
"01.07.2024 16:38:41.647"	1.0041e-010	-8.5507e-014	2.9736e-012	7.8492e-014	2.0205e-011	4.0983e-014	9.1560e-006	
"01.07.2024 16:38:41.930"	1.0110e-010	-8.8144e-014	3.0172e-012	7.8101e-014	2.0668e-011	3.9421e-014	9.1496e-006	
"01.07.2024 16:38:42.214"	9.9123e-011	-8.9016e-014	3.0669e-012	7.6743e-014	1.9840e-011	4.2434e-014	9.1496e-006	
"01.07.2024 16:38:42.497"	1.0029e-010	-8.8068e-014	2.9813e-012	7.7061e-014	2.0111e-011	4.1313e-014	9.1496e-006	
"01.07.2024 16:38:42.781"	1.0135e-010	-8.5491e-014	3.0095e-012	7.6236e-014	2.0664e-011	3.8902e-014	9.1496e-006	
"01.07.2024 16:38:43.064"	9.9068e-011	-8.5257e-014	3.0670e-012	7.9354e-014	1.9823e-011	4.3344e-014	9.1497e-006	
"01.07.2024 16:38:43.348"	1.0014e-010	-8.6943e-014	3.0223e-012	8.2046e-014	2.0075e-011	4.0223e-014	9.1497e-006	
"01.07.2024 16:38:43.631"	1.0129e-010	-8.9618e-014	3.0033e-012	7.6803e-014	2.0618e-011	3.8907e-014	9.1497e-006	
"01.07.2024 16:38:43.915"	9.8934e-011	-8.6941e-014	3.0628e-012	6.8820e-014	1.9844e-011	4.2123e-014	9.1497e-006	
"01.07.2024 16:38:44.199"	1.0008e-010	-8.7710e-014	3.0361e-012	7.9193e-014	2.0071e-011	4.2757e-014	9.1473e-006	
"01.07.2024 16:38:44.482"	1.0116e-010	-8.5273e-014	2.9926e-012	7.9412e-014	2.0526e-011	3.9253e-014	9.1473e-006	
"01.07.2024 16:38:44.766"	9.8876e-011	-8.7611e-014	3.0505e-012	7.9213e-014	1.9900e-011	4.4127e-014	9.1473e-006	
"01.07.2024 16:38:45.049"	1.0000e-010	-8.4747e-014	3.0474e-012	7.8009e-014	2.0051e-011	4.0535e-014	9.1473e-006	
"01.07.2024 16:38:45.332"	1.0103e-010	-8.6577e-014	3.0028e-012	7.8265e-014	2.0495e-011	3.8480e-014	9.1478e-006	
"01.07.2024 16:38:45.616"	9.8719e-011	-8.6580e-014	3.0556e-012	7.7288e-014	2.0008e-011	4.3317e-014	9.1478e-006	
"01.07.2024 16:38:45.900"	9.9913e-011	-8.6976e-014	3.0741e-012	7.8010e-014	1.9988e-011	3.9815e-014	9.1478e-006	
"01.07.2024 16:38:46.183"	1.0100e-010	-8.5492e-014	2.9890e-012	7.7897e-014	2.0457e-011	4.0465e-014	9.1483e-006	
"01.07.2024 16:38:46.467"	9.8703e-011	-8.5523e-014	3.0562e-012	7.7676e-014	2.0134e-011	4.4905e-014	9.1483e-006	
"01.07.2024 16:38:46.750"	9.9772e-011	-8.3318e-014	3.0926e-012	7.8114e-014	1.9980e-011	4.2116e-014	9.1483e-006	
"01.07.2024 16:38:47.033"	1.0090e-010	-8.7144e-014	2.9941e-012	7.8301e-014	2.0403e-011	4.1021e-014	9.1483e-006	
"01.07.2024 16:38:47.317"	9.8947e-011	-8.7562e-014	3.0223e-012	7.5421e-014	2.0254e-011	4.1700e-014	9.1466e-006	
"01.07.2024 16:38:47.600"	9.9624e-011	-8.5130e-014	3.0993e-012	7.7216e-014	1.9977e-011	4.3248e-014	9.1466e-006	
"01.07.2024 16:38:47.884"	1.0081e-010	-8.7006e-014	2.9808e-012	7.8985e-014	2.0357e-011	3.9355e-014	9.1466e-006	
"01.07.2024 16:38:48.167"	9.9458e-011	-8.8004e-014	3.0443e-012	7.6217e-014	2.0407e-011	4.1545e-014	9.1466e-006	
"01.07.2024 16:38:48.451"	9.9628e-011	-8.6853e-014	3.0813e-012	7.4809e-014	1.9951e-011	4.2976e-014	9.1228e-006	
"01.07.2024 16:38:48.734"	1.0077e-010	-8.8144e-014	2.9608e-012	7.4289e-014	2.0380e-011	4.0502e-014	9.1228e-006	
"01.07.2024 16:38:49.019"	9.9795e-011	-8.6494e-014	3.0295e-012	8.0486e-014	2.0468e-011	4.3929e-014	9.1228e-006	
"01.07.2024 16:38:49.302"	9.9533e-011	-8.7567e-014	3.0767e-012	7.8041e-014	1.9885e-011	4.2169e-014	9.1228e-006	
"01.07.2024 16:38:49.585"	1.0066e-010	-8.6821e-014	2.9649e-012	7.6948e-014	2.0359e-011	4.0007e-014	9.1197e-006	
"01.07.2024 16:38:49.869"	1.0004e-010	-8.9981e-014	3.0156e-012	7.9702e-014	2.0613e-011	4.0616e-014	9.1197e-006	
"01.07.2024 16:38:50.152"	9.9391e-011	-8.4409e-014	3.0839e-012	7.9365e-014	1.9852e-011	4.4054e-014	9.1197e-006	
"01.07.2024 16:38:50.436"	1.0054e-010	-8.6755e-014	2.9582e-012	7.6231e-014	2.0271e-011	4.1826e-014	9.1197e-006	
"01.07.2024 16:38:50.720"	1.0052e-010	-8.6003e-014	3.0279e-012	7.8506e-014	2.0689e-011	3.9343e-014	9.1179e-006	
"01.07.2024 16:38:51.003"	9.9334e-011	-8.6413e-014	3.0747e-012	7.9321e-014	1.9853e-011	4.3025e-014	9.1179e-006	
"01.07.2024 16:38:51.287"	1.0037e-010	-8.5090e-014	2.9674e-012	7.8082e-014	2.0255e-011	4.0658e-014	9.1179e-006	
"01.07.2024 16:38:51.570"	1.0121e-010	-8.7549e-014	3.0162e-012	7.7887e-014	2.0668e-011	3.9609e-014	9.1179e-006	
"01.07.2024 16:38:51.853"	9.9173e-011	-8.9874e-014	3.0782e-012	7.7685e-014	1.9840e-011	4.0862e-014	9.1102e-006	
"01.07.2024 16:38:52.137"	1.0032e-010	-8.4854e-014	2.9741e-012	7.6081e-014	2.0219e-011	4.0369e-014	9.1102e-006	
"01.07.2024 16:38:52.420"	1.0124e-010	-8.4989e-014	3.0095e-012	7.9911e-014	2.0706e-011	4.0205e-014	9.1102e-006	
"01.07.2024 16:38:52.705"	9.9066e-011	-8.3506e-014	3.0680e-012	8.0854e-014	1.9897e-011	4.3963e-014	9.1102e-006	
"01.07.2024 16:38:52.988"	1.0018e-010	-8.6076e-014	3.0110e-012	7.7128e-014	2.0154e-011	4.0901e-014	9.1117e-006	
"01.07.2024 16:38:53.272"	1.0132e-010	-8.7145e-014	3.0043e-012	7.5949e-014	2.0634e-011	4.0146e-014	9.1117e-006	
"01.07.2024 16:38:53.555"	9.9010e-011	-8.8431e-014	3.0577e-012	7.5734e-014	1.9876e-011	4.3361e-014	9.1117e-006	
"01.07.2024 16:38:53.839"	1.0011e-010	-8.8444e-014	3.0254e-012	7.9533e-014	2.0143e-011	4.0747e-014	9.1114e-006	
"01.07.2024 16:38:54.122"	1.0116e-010	-8.5397e-014	2.9997e-012	7.6410e-014	2.0613e-011	3.8585e-014	9.1114e-006	
"01.07.2024 16:38:54.406"	9.8858e-011	-8.8690e-014	3.0495e-012	7.6899e-014	1.9915e-011	4.4452e-014	9.1114e-006	
"01.07.2024 16:38:54.689"	1.0004e-010	-8.6048e-014	3.0494e-012	7.7217e-014	2.0099e-011	4.1546e-014	9.1114e-006	
"01.07.2024 16:38:54.973"	1.0113e-010	-8.6940e-014	2.9951e-012	7.7951e-014	2.0620e-011	3.9066e-014	9.1101e-006	
"01.07.2024 16:38:55.257"	9.8777e-011	-8.5576e-014	3.0572e-012	7.7305e-014	1.9956e-011	4.3310e-014	9.1101e-006	
"01.07.2024 16:38:55.540"	9.9913e-011	-8.5979e-014	3.0572e-012	8.0358e-014	2.0069e-011	4.2389e-014	9.1101e-006	
"01.07.2024 16:38:55.823"	1.0099e-010	-8.5992e-014	2.9828e-012	7.7932e-014	2.0547e-011	3.7749e-014	9.1101e-006	
"01.07.2024 16:38:56.107"	9.8726e-011	-8.7946e-014	3.0341e-012	7.5930e-014	2.0019e-011	4.2497e-014	9.1115e-006	
"01.07.2024 16:38:56.390"	9.9825e-011	-8.5504e-014	3.0787e-012	7.8384e-014	1.9978e-011	4.1595e-014	9.1115e-006	
"01.07.2024 16:38:56.674"	1.0092e-010	-8.8136e-014	2.9885e-012	7.8481e-014	2.0532e-011	4.2818e-014	9.1115e-006	
"01.07.2024 16:38:56.957"	9.8851e-011	-8.9059e-014	3.0387e-012	7.7505e-014	2.0216e-011	4.4371e-014	9.1115e-006	
"01.07.2024 16:38:57.240"	9.9770e-011	-8.7868e-014	3.0849e-012	7.8497e-014	1.9992e-011	4.2067e-014	9.1101e-006	
"01.07.2024 16:38:57.524"	1.0083e-010	-8.6564e-014	2.9725e-012	8.0544e-014	2.0436e-011	4.0018e-014	9.1101e-006	
"01.07.2024 16:38:57.807"	9.9224e-011	-8.4887e-014	3.0377e-012	7.8797e-014	2.0374e-011	4.3742e-014	9.1101e-006	
"01.07.2024 16:38:58.091"	9.9619e-011	-8.6576e-014	3.0859e-012	7.9308e-014	1.9979e-011	4.0661e-014	9.1101e-006	
"01.07.2024 16:38:58.374"	1.0072e-010	-8.5494e-014	2.9705e-012	7.6190e-014	2.0441e-011	4.0438e-014	9.1090e-006	
"01.07.2024 16:38:58.658"	9.9408e-011	-8.5054e-014	3.0320e-012	7.8309e-014	2.0476e-011	4.1697e-014	9.1090e-006	
"01.07.2024 16:38:58.942"	9.9514e-011	-8.3491e-014	3.0808e-012	7.6755e-014	1.9929e-011	4.2862e-014	9.1090e-006	
"01.07.2024 16:38:59.225"	1.0062e-010	-8.6935e-014	2.9587e-012	7.5511e-014	2.0348e-011	3.8815e-014	9.1090e-006	
"01.07.2024 16:38:59.509"	9.9732e-011	-8.5884e-014	3.0326e-012	7.8312e-014	2.0518e-011	4.2038e-014	9.1105e-006	
"01.07.2024 16:38:59.793"	9.9506e-011	-8.9477e-014	3.0736e-012	7.8174e-014	1.9907e-011	4.3243e-014	9.1105e-006	
"01.07.2024 16:39:00.076"	1.0064e-010	-8.6017e-014	2.9689e-012	7.7584e-014	2.0308e-011	4.1081e-014	9.1105e-006	
"01.07.2024 16:39:00.360"	1.0051e-010	-8.4809e-014	3.0192e-012	7.5432e-014	2.0729e-011	4.0012e-014	9.1075e-006	
"01.07.2024 16:39:00.643"	9.9387e-011	-8.6090e-014	3.0859e-012	8.0526e-014	1.9898e-011	4.1843e-014	9.1075e-006	
"01.07.2024 16:39:00.927"	1.0049e-010	-8.6922e-014	2.9669e-012	7.7941e-014	2.0301e-011	3.9575e-014	9.1075e-006	
"01.07.2024 16:39:01.210"	1.0092e-010	-8.5833e-014	3.0121e-012	7.6261e-014	2.0814e-011	4.2013e-014	9.1075e-006	
"01.07.2024 16:39:01.493"	9.9124e-011	-8.7132e-014	3.0741e-012	7.0728e-014	1.9886e-011	4.2758e-014	9.1086e-006	
"01.07.2024 16:39:01.777"	1.0037e-010	-8.7620e-014	2.9695e-012	7.7127e-014	2.0245e-011	4.2528e-014	9.1086e-006	
"01.07.2024 16:39:02.060"	1.0124e-010	-8.6040e-014	3.0003e-012	7.6015e-014	2.0746e-011	3.9741e-014	9.1086e-006	
"01.07.2024 16:39:02.344"	9.9089e-011	-8.7362e-014	3.0608e-012	7.8760e-014	1.9914e-011	4.1969e-014	9.1086e-006	
"01.07.2024 16:39:02.627"	1.0020e-010	-8.6794e-014	3.0110e-012	7.8346e-014	2.0224e-011	4.1036e-014	9.1097e-006	
"01.07.2024 16:39:02.911"	1.0132e-010	-8.4894e-014	3.0079e-012	7.6869e-014	2.0735e-011	4.0461e-014	9.1097e-006	
"01.07.2024 16:39:03.194"	9.8989e-011	-8.5504e-014	3.0546e-012	7.9038e-014	1.9897e-011	4.3351e-014	9.1097e-006	
"01.07.2024 16:39:03.477"	1.0008e-010	-8.9521e-014	3.0459e-012	7.9903e-014	2.0176e-011	4.2330e-014	9.1097e-006	
"01.07.2024 16:39:03.761"	1.0125e-010	-8.6735e-014	3.0038e-012	7.7996e-014	2.0686e-011	3.8085e-014	9.1096e-006	
"01.07.2024 16:39:04.046"	9.8971e-011	-8.7357e-014	3.0685e-012	7.9741e-014	1.9879e-011	4.4092e-014	9.1096e-006	
"01.07.2024 16:39:04.329"	1.0011e-010	-8.6237e-014	3.0347e-012	7.6671e-014	2.0140e-011	4.0821e-014	9.1096e-006	
"01.07.2024 16:39:04.612"	1.0113e-010	-8.5683e-014	2.9849e-012	7.7926e-014	2.0591e-011	3.8634e-014	9.1096e-006	
"01.07.2024 16:39:04.896"	9.8755e-011	-8.6525e-014	3.0470e-012	7.8691e-014	1.9999e-011	4.2252e-014	9.1112e-006	
"01.07.2024 16:39:05.180"	9.9986e-011	-8.6323e-014	3.0639e-012	7.7535e-014	2.0097e-011	4.0612e-014	9.1112e-006	
"01.07.2024 16:39:05.463"	1.0110e-010	-8.6065e-014	2.9772e-012	7.5759e-014	2.0591e-011	4.1944e-014	9.1112e-006	
"01.07.2024 16:39:05.746"	9.8724e-011	-8.5360e-014	3.0444e-012	7.9260e-014	2.0087e-011	4.4013e-014	9.1112e-006	
"01.07.2024 16:39:06.030"	9.9798e-011	-8.7346e-014	3.0880e-012	7.6831e-014	2.0024e-011	4.2033e-014	9.1104e-006	
"01.07.2024 16:39:06.313"	1.0086e-010	-8.7030e-014	2.9833e-012	7.7021e-014	2.0505e-011	4.1076e-014	9.1104e-006	
"01.07.2024 16:39:06.597"	9.8810e-011	-8.2869e-014	3.0428e-012	7.6704e-014	2.0242e-011	4.2051e-014	9.1104e-006	
"01.07.2024 16:39:06.880"	9.9732e-011	-8.6931e-014	3.0797e-012	7.9217e-014	2.0035e-011	4.1772e-014	9.1104e-006	
"01.07.2024 16:39:07.164"	1.0079e-010	-8.8187e-014	2.9808e-012	7.6998e-014	2.0516e-011	4.0697e-014	9.1122e-006	
"01.07.2024 16:39:07.447"	9.9212e-011	-8.6763e-014	3.0326e-012	7.8382e-014	2.0344e-011	4.2457e-014	9.1122e-006	
"01.07.2024 16:39:07.731"	9.9694e-011	-8.4841e-014	3.1007e-012	7.7123e-014	1.9996e-011	4.1093e-014	9.1122e-006	
"01.07.2024 16:39:08.015"	1.0073e-010	-8.5851e-014	2.9730e-012	7.4877e-014	2.0440e-011	3.9531e-014	9.1089e-006	
"01.07.2024 16:39:08.299"	9.9376e-011	-8.4958e-014	3.0418e-012	7.9800e-014	2.0456e-011	4.3855e-014	9.1089e-006	
"01.07.2024 16:39:08.583"	9.9536e-011	-8.6765e-014	3.0844e-012	7.8415e-014	2.0033e-011	4.3303e-014	9.1089e-006	
"01.07.2024 16:39:08.867"	1.0071e-010	-8.7149e-014	2.9566e-012	7.8023e-014	2.0419e-011	4.1181e-014	9.1089e-006	
"01.07.2024 16:39:09.150"	9.9730e-011	-8.6132e-014	3.0305e-012	7.8370e-014	2.0566e-011	4.1133e-014	9.1122e-006	
"01.07.2024 16:39:09.434"	9.9522e-011	-8.5901e-014	3.0798e-012	7.6761e-014	1.9876e-011	4.2374e-014	9.1122e-006	
"01.07.2024 16:39:09.717"	1.0055e-010	-8.5252e-014	2.9674e-012	7.6692e-014	2.0421e-011	4.2036e-014	9.1122e-006	
"01.07.2024 16:39:10.000"	1.0017e-010	-8.4410e-014	3.0075e-012	7.6537e-014	2.0708e-011	4.1820e-014	9.1122e-006	
"01.07.2024 16:39:10.284"	9.9369e-011	-8.8636e-014	3.0746e-012	7.5458e-014	1.9901e-011	4.1821e-014	9.1100e-006	
"01.07.2024 16:39:10.567"	1.0048e-010	-8.7046e-014	2.9792e-012	7.7965e-014	2.0329e-011	4.1579e-014	9.1100e-006	
"01.07.2024 16:39:10.851"	1.0091e-010	-8.9061e-014	3.0126e-012	7.9649e-014	2.0801e-011	3.8752e-014	9.1100e-006	
"01.07.2024 16:39:11.134"	9.9300e-011	-8.7473e-014	3.0710e-012	7.8811e-014	1.9903e-011	4.3316e-014	9.1100e-006	
"01.07.2024 16:39:11.417"	1.0037e-010	-8.7800e-014	2.9654e-012	7.8612e-014	2.0313e-011	4.0192e-014	9.1086e-006	
"01.07.2024 16:39:11.701"	1.0122e-010	-8.4566e-014	3.0095e-012	7.8471e-014	2.0817e-011	3.9672e-014	9.1086e-006	
"01.07.2024 16:39:11.984"	9.9142e-011	-8.4793e-014	3.0705e-012	7.7235e-014	1.9892e-011	4.2559e-014	9.1086e-006	
"01.07.2024 16:39:12.268"	1.0027e-010	-9.0571e-014	3.0028e-012	7.8466e-014	2.0252e-011	4.1145e-014	9.1086e-006	
"01.07.2024 16:39:12.551"	1.0132e-010	-9.4166e-014	2.9981e-012	7.4362e-014	2.0683e-011	3.9072e-014	9.1112e-006	
