"Spectra International Data File"
"[Scan Data (Pressures in mbar)]"
"Time"	"Mass 2"	"Mass 8"	"Mass 4"	"Mass 12"	"Mass 40"	"Mass 44"	"CirrusPressure"	
"01.07.2024 16:40:12.940"	1.2734e-010	-8.7221e-014	4.4899e-012	7.8022e-014	1.1637e-013	1.6579e-014	1.1180e-005	
"01.07.2024 16:40:13.224"	1.2350e-010	-8.7104e-014	4.6346e-012	7.3637e-014	1.1391e-013	1.5419e-014	1.1180e-005	
"01.07.2024 16:40:13.507"	1.2630e-010	-8.6757e-014	4.6770e-012	7.6966e-014	1.1225e-013	1.5879e-014	1.1185e-005	
"01.07.2024 16:40:13.790"	1.2747e-010	-8.5889e-014	4.4950e-012	7.7140e-014	1.1473e-013	1.6381e-014	1.1185e-005	
"01.07.2024 16:40:14.075"	1.2343e-010	-8.7641e-014	4.6367e-012	7.1874e-014	1.1084e-013	1.5848e-014	1.1185e-005	
"01.07.2024 16:40:14.358"	1.2606e-010	-8.8748e-014	4.7312e-012	7.8217e-014	1.1248e-013	1.5817e-014	1.1185e-005	
"01.07.2024 16:40:14.641"	1.2777e-010	-8.8839e-014	4.4807e-012	7.8091e-014	1.1525e-013	1.6292e-014	1.1181e-005	
"01.07.2024 16:40:14.925"	1.2389e-010	-8.6169e-014	4.5958e-012	7.1162e-014	1.1171e-013	1.5524e-014	1.1181e-005	
"01.07.2024 16:40:15.208"	1.2562e-010	-8.5665e-014	4.6898e-012	7.3989e-014	1.1040e-013	1.5619e-014	1.1181e-005	
"01.07.2024 16:40:15.492"	1.2745e-010	-9.0228e-014	4.4756e-012	7.6031e-014	1.1573e-013	1.5980e-014	1.1181e-005	
"01.07.2024 16:40:15.775"	1.2485e-010	-8.5124e-014	4.5819e-012	7.1726e-014	1.1060e-013	1.5225e-014	1.1190e-005	
"01.07.2024 16:40:16.059"	1.2571e-010	-8.5728e-014	4.7400e-012	7.6181e-014	1.0838e-013	1.5949e-014	1.1190e-005	
"01.07.2024 16:40:16.342"	1.2740e-010	-8.5836e-014	4.4689e-012	7.5341e-014	1.1154e-013	1.5662e-014	1.1190e-005	
"01.07.2024 16:40:16.626"	1.2544e-010	-8.8357e-014	4.5850e-012	7.5900e-014	1.1383e-013	1.5303e-014	1.1197e-005	
"01.07.2024 16:40:16.910"	1.2532e-010	-8.7366e-014	4.7026e-012	7.5480e-014	1.0668e-013	1.5177e-014	1.1197e-005	
"01.07.2024 16:40:17.193"	1.2726e-010	-8.7308e-014	4.4612e-012	7.3947e-014	1.0831e-013	1.5819e-014	1.1197e-005	
"01.07.2024 16:40:17.477"	1.2651e-010	-8.6913e-014	4.5635e-012	7.6587e-014	1.1426e-013	1.5473e-014	1.1197e-005	
"01.07.2024 16:40:17.760"	1.2496e-010	-8.6215e-014	4.6780e-012	7.6869e-014	1.0565e-013	1.4950e-014	1.1176e-005	
"01.07.2024 16:40:18.043"	1.2708e-010	-8.7708e-014	4.4525e-012	7.5352e-014	1.0784e-013	1.5464e-014	1.1176e-005	
"01.07.2024 16:40:18.327"	1.2720e-010	-8.6909e-014	4.5646e-012	7.8505e-014	1.4937e-013	1.8615e-014	1.1176e-005	
"01.07.2024 16:40:18.610"	1.2447e-010	-8.6134e-014	4.6704e-012	7.5807e-014	1.1025e-013	1.5724e-014	1.1176e-005	
"01.07.2024 16:40:18.894"	1.2661e-010	-8.9168e-014	4.5743e-012	7.7948e-014	2.4526e-012	8.8504e-014	1.1178e-005	
"01.07.2024 16:40:19.177"	1.1730e-010	-8.5568e-014	3.4134e-012	8.0491e-014	2.3982e-011	3.0084e-014	1.1178e-005	
"01.07.2024 16:40:19.461"	1.1198e-010	-8.6360e-014	3.5036e-012	7.8304e-014	2.4377e-011	2.7764e-014	1.1178e-005	
"01.07.2024 16:40:19.744"	1.1427e-010	-8.4211e-014	3.6742e-012	7.7008e-014	2.3170e-011	2.7148e-014	1.1178e-005	
"01.07.2024 16:40:20.028"	1.1380e-010	-9.1837e-014	3.7013e-012	7.8277e-014	2.5886e-011	1.4335e-014	1.1001e-005	
"01.07.2024 16:40:20.311"	1.1021e-010	-8.7300e-014	3.7290e-012	7.7518e-014	2.4853e-011	2.0298e-014	1.1001e-005	
"01.07.2024 16:40:20.595"	1.1154e-010	-8.6202e-014	3.6471e-012	7.6478e-014	2.5335e-011	1.8318e-014	1.1001e-005	
"01.07.2024 16:40:20.878"	1.1198e-010	-8.9455e-014	3.5969e-012	7.6504e-014	2.5643e-011	1.8994e-014	1.1001e-005	
"01.07.2024 16:40:21.162"	1.0840e-010	-8.3252e-014	3.6092e-012	7.6992e-014	2.4310e-011	2.2662e-014	1.0797e-005	
"01.07.2024 16:40:21.446"	1.0955e-010	-8.9726e-014	3.5913e-012	7.8318e-014	2.4307e-011	2.4406e-014	1.0797e-005	
"01.07.2024 16:40:21.729"	1.0978e-010	-8.6750e-014	3.4698e-012	7.8404e-014	2.4402e-011	2.3611e-014	1.0797e-005	
"01.07.2024 16:40:22.012"	1.0571e-010	-8.6161e-014	3.4509e-012	7.1528e-014	2.3224e-011	2.9795e-014	1.0797e-005	
"01.07.2024 16:40:22.296"	1.0540e-010	-8.6257e-014	3.3966e-012	7.6554e-014	2.2124e-011	2.9643e-014	1.0485e-005	
"01.07.2024 16:40:22.580"	1.0467e-010	-8.7949e-014	3.1648e-012	7.8698e-014	2.1805e-011	3.3275e-014	1.0485e-005	
"01.07.2024 16:40:22.864"	1.0148e-010	-8.9186e-014	3.1588e-012	7.7306e-014	2.1070e-011	3.7042e-014	1.0485e-005	
"01.07.2024 16:40:23.147"	1.0102e-010	-8.7494e-014	3.1639e-012	7.6718e-014	2.0266e-011	3.9733e-014	1.0485e-005	
"01.07.2024 16:40:23.431"	1.0169e-010	-8.7156e-014	3.0141e-012	7.8460e-014	2.0512e-011	3.8678e-014	9.8380e-006	
"01.07.2024 16:40:23.714"	1.0044e-010	-8.7304e-014	3.0418e-012	7.9443e-014	2.0544e-011	4.0195e-014	9.8380e-006	
"01.07.2024 16:40:23.998"	9.9906e-011	-8.5950e-014	3.0961e-012	7.9153e-014	1.9861e-011	4.1154e-014	9.8380e-006	
"01.07.2024 16:40:24.281"	1.0091e-010	-8.5542e-014	2.9762e-012	7.2718e-014	2.0244e-011	3.9721e-014	9.4257e-006	
"01.07.2024 16:40:24.565"	1.0061e-010	-8.5554e-014	3.0331e-012	7.9092e-014	2.0564e-011	4.0218e-014	9.4257e-006	
"01.07.2024 16:40:24.848"	9.9507e-011	-8.9031e-014	3.0864e-012	7.6850e-014	1.9783e-011	4.1458e-014	9.4257e-006	
"01.07.2024 16:40:25.132"	1.0065e-010	-8.7504e-014	2.9772e-012	7.3940e-014	2.0196e-011	3.8479e-014	9.4257e-006	
"01.07.2024 16:40:25.415"	1.0095e-010	-8.4844e-014	3.0172e-012	7.4822e-014	2.0607e-011	3.8759e-014	9.3114e-006	
"01.07.2024 16:40:25.699"	9.9411e-011	-8.7092e-014	3.0793e-012	7.5894e-014	1.9767e-011	4.1737e-014	9.3114e-006	
"01.07.2024 16:40:25.982"	1.0048e-010	-8.6158e-014	2.9777e-012	7.4729e-014	2.0130e-011	3.9814e-014	9.3114e-006	
"01.07.2024 16:40:26.266"	1.0131e-010	-8.5484e-014	3.0161e-012	7.9428e-014	2.0623e-011	3.7668e-014	9.3114e-006	
"01.07.2024 16:40:26.549"	9.9235e-011	-8.7548e-014	3.0772e-012	7.8163e-014	1.9773e-011	4.1795e-014	9.2672e-006	
"01.07.2024 16:40:26.833"	1.0040e-010	-8.7957e-014	2.9972e-012	7.7904e-014	2.0092e-011	3.9821e-014	9.2672e-006	
"01.07.2024 16:40:27.116"	1.0137e-010	-8.4328e-014	3.0069e-012	7.7485e-014	2.0617e-011	3.7915e-014	9.2672e-006	
"01.07.2024 16:40:27.399"	9.9045e-011	-8.5749e-014	3.0823e-012	8.0226e-014	1.9824e-011	4.2244e-014	9.2672e-006	
"01.07.2024 16:40:27.683"	1.0023e-010	-8.6366e-014	3.0192e-012	7.9033e-014	2.0053e-011	4.1775e-014	9.2279e-006	
"01.07.2024 16:40:27.966"	1.0126e-010	-8.5335e-014	2.9956e-012	7.8033e-014	2.0559e-011	3.6398e-014	9.2279e-006	
"01.07.2024 16:40:28.250"	9.8965e-011	-8.5011e-014	3.0716e-012	7.9488e-014	1.9789e-011	4.1411e-014	9.2279e-006	
"01.07.2024 16:40:28.533"	1.0008e-010	-8.9689e-014	3.0501e-012	7.7061e-014	2.0013e-011	3.8988e-014	9.2279e-006	
"01.07.2024 16:40:28.817"	1.0118e-010	-8.9137e-014	2.9905e-012	7.7972e-014	2.0492e-011	4.0062e-014	9.2066e-006	
"01.07.2024 16:40:29.100"	9.8809e-011	-8.8925e-014	3.0480e-012	7.7051e-014	1.9907e-011	4.2526e-014	9.2066e-006	
"01.07.2024 16:40:29.384"	1.0002e-010	-8.7551e-014	3.0634e-012	7.6527e-014	1.9949e-011	4.1068e-014	9.2066e-006	
"01.07.2024 16:40:29.667"	1.0107e-010	-8.4586e-014	2.9854e-012	7.9753e-014	2.0469e-011	4.0596e-014	9.2066e-006	
"01.07.2024 16:40:29.950"	9.8725e-011	-8.3590e-014	3.0561e-012	7.5291e-014	1.9989e-011	4.3693e-014	9.1841e-006	
"01.07.2024 16:40:30.235"	9.9846e-011	-9.3554e-014	3.0854e-012	7.8236e-014	1.9945e-011	4.2680e-014	9.1841e-006	
"01.07.2024 16:40:30.518"	1.0102e-010	-8.7974e-014	2.9849e-012	7.6847e-014	2.0412e-011	3.8580e-014	9.1841e-006	
"01.07.2024 16:40:30.801"	9.8778e-011	-8.5935e-014	3.0300e-012	7.9275e-014	2.0128e-011	4.3524e-014	9.1730e-006	
"01.07.2024 16:40:31.085"	9.9774e-011	-8.8458e-014	3.0967e-012	7.7835e-014	1.9876e-011	4.0866e-014	9.1730e-006	
"01.07.2024 16:40:31.368"	1.0087e-010	-8.5920e-014	2.9613e-012	7.6737e-014	2.0372e-011	3.9066e-014	9.1730e-006	
"01.07.2024 16:40:31.652"	9.9214e-011	-8.6109e-014	3.0326e-012	7.7024e-014	2.0278e-011	4.4964e-014	9.1730e-006	
"01.07.2024 16:40:31.935"	9.9648e-011	-8.6394e-014	3.0880e-012	7.9043e-014	1.9887e-011	4.1350e-014	9.1498e-006	
"01.07.2024 16:40:32.219"	1.0075e-010	-8.7697e-014	2.9665e-012	7.5972e-014	2.0318e-011	4.0466e-014	9.1498e-006	
"01.07.2024 16:40:32.502"	9.9739e-011	-8.6842e-014	3.0228e-012	8.1118e-014	2.0422e-011	4.2895e-014	9.1498e-006	
"01.07.2024 16:40:32.785"	9.9535e-011	-8.8041e-014	3.0962e-012	8.0345e-014	1.9840e-011	4.3367e-014	9.1498e-006	
"01.07.2024 16:40:33.069"	1.0061e-010	-8.5275e-014	2.9684e-012	7.5263e-014	2.0313e-011	4.0722e-014	9.1446e-006	
"01.07.2024 16:40:33.352"	9.9929e-011	-8.9450e-014	3.0434e-012	7.7216e-014	2.0476e-011	4.1992e-014	9.1446e-006	
"01.07.2024 16:40:33.637"	9.9466e-011	-8.7800e-014	3.0906e-012	7.9059e-014	1.9831e-011	4.2771e-014	9.1446e-006	
"01.07.2024 16:40:33.920"	1.0057e-010	-8.9782e-014	2.9664e-012	7.9457e-014	2.0303e-011	4.0772e-014	9.1446e-006	
"01.07.2024 16:40:34.203"	1.0037e-010	-8.7952e-014	3.0208e-012	7.9126e-014	2.0575e-011	4.2448e-014	9.1450e-006	
"01.07.2024 16:40:34.487"	9.9433e-011	-8.5396e-014	3.0772e-012	7.7874e-014	1.9820e-011	4.2577e-014	9.1450e-006	
"01.07.2024 16:40:34.772"	1.0054e-010	-8.6091e-014	2.9746e-012	7.7435e-014	2.0245e-011	4.0965e-014	9.1450e-006	
"01.07.2024 16:40:35.055"	1.0067e-010	-8.4406e-014	3.0101e-012	8.0967e-014	2.0641e-011	4.2030e-014	9.1450e-006	
"01.07.2024 16:40:35.339"	9.9302e-011	-8.6353e-014	3.0679e-012	7.6180e-014	1.9843e-011	4.2793e-014	9.1488e-006	
"01.07.2024 16:40:35.622"	1.0044e-010	-8.3971e-014	2.9669e-012	7.6540e-014	2.0171e-011	4.2398e-014	9.1488e-006	
"01.07.2024 16:40:35.906"	1.0104e-010	-8.6900e-014	3.0111e-012	7.8606e-014	2.0678e-011	4.0262e-014	9.1488e-006	
"01.07.2024 16:40:36.189"	9.9231e-011	-8.9684e-014	3.0772e-012	7.8011e-014	1.9796e-011	4.2246e-014	9.1488e-006	
"01.07.2024 16:40:36.473"	1.0033e-010	-8.6311e-014	2.9905e-012	7.7051e-014	2.0193e-011	4.0304e-014	9.1432e-006	
"01.07.2024 16:40:36.756"	1.0133e-010	-8.9547e-014	3.0116e-012	7.8902e-014	2.0647e-011	3.9494e-014	9.1432e-006	
"01.07.2024 16:40:37.039"	9.9070e-011	-9.0027e-014	3.0593e-012	7.5328e-014	1.9821e-011	4.2489e-014	9.1432e-006	
"01.07.2024 16:40:37.323"	1.0025e-010	-8.7567e-014	2.9859e-012	7.9121e-014	2.0145e-011	4.1770e-014	9.1432e-006	
"01.07.2024 16:40:37.607"	1.0128e-010	-8.6019e-014	3.0018e-012	7.7033e-014	2.0662e-011	3.8316e-014	9.1427e-006	
"01.07.2024 16:40:37.892"	9.9053e-011	-8.9437e-014	3.0628e-012	7.8630e-014	1.9838e-011	4.3653e-014	9.1427e-006	
"01.07.2024 16:40:38.175"	1.0019e-010	-8.7722e-014	3.0069e-012	7.7396e-014	2.0147e-011	4.2060e-014	9.1427e-006	
"01.07.2024 16:40:38.459"	1.0133e-010	-8.4442e-014	2.9982e-012	7.6978e-014	2.0626e-011	4.0291e-014	9.1298e-006	
"01.07.2024 16:40:38.743"	9.8970e-011	-8.3329e-014	3.0500e-012	8.0069e-014	1.9834e-011	4.2232e-014	9.1298e-006	
"01.07.2024 16:40:39.026"	1.0015e-010	-8.8035e-014	3.0054e-012	7.6555e-014	2.0168e-011	4.1248e-014	9.1298e-006	
"01.07.2024 16:40:39.311"	1.0124e-010	-8.5975e-014	2.9926e-012	7.6799e-014	2.0632e-011	3.9309e-014	9.1298e-006	
"01.07.2024 16:40:39.594"	9.8885e-011	-8.4485e-014	3.0470e-012	7.7651e-014	1.9878e-011	4.3984e-014	9.1229e-006	
"01.07.2024 16:40:39.878"	1.0001e-010	-8.6408e-014	3.0357e-012	7.6899e-014	2.0058e-011	4.1862e-014	9.1229e-006	
"01.07.2024 16:40:40.161"	1.0111e-010	-8.6127e-014	2.9993e-012	7.7263e-014	2.0561e-011	4.0206e-014	9.1229e-006	
"01.07.2024 16:40:40.444"	9.8821e-011	-8.9985e-014	3.0557e-012	7.6316e-014	1.9981e-011	4.1625e-014	9.1229e-006	
"01.07.2024 16:40:40.728"	9.9919e-011	-8.6255e-014	3.0725e-012	7.8436e-014	2.0041e-011	4.2767e-014	9.1126e-006	
"01.07.2024 16:40:41.011"	1.0099e-010	-8.7636e-014	2.9864e-012	7.7714e-014	2.0478e-011	4.0163e-014	9.1126e-006	
"01.07.2024 16:40:41.295"	9.8735e-011	-8.5423e-014	3.0475e-012	7.7840e-014	2.0046e-011	4.3235e-014	9.1126e-006	
"01.07.2024 16:40:41.578"	9.9809e-011	-8.8142e-014	3.0823e-012	7.8151e-014	1.9977e-011	4.1533e-014	9.1126e-006	
"01.07.2024 16:40:41.862"	1.0092e-010	-8.8030e-014	2.9798e-012	7.8978e-014	2.0480e-011	3.8794e-014	9.1114e-006	
"01.07.2024 16:40:42.145"	9.8914e-011	-8.5051e-014	3.0316e-012	8.1981e-014	2.0240e-011	4.1390e-014	9.1114e-006	
"01.07.2024 16:40:42.429"	9.9690e-011	-8.8047e-014	3.0854e-012	7.9909e-014	1.9962e-011	4.2991e-014	9.1114e-006	
"01.07.2024 16:40:42.712"	1.0079e-010	-8.6909e-014	2.9762e-012	7.6261e-014	2.0400e-011	3.9749e-014	9.1114e-006	
"01.07.2024 16:40:42.995"	9.9302e-011	-8.9759e-014	3.0126e-012	7.8740e-014	2.0402e-011	4.1228e-014	9.1084e-006	
"01.07.2024 16:40:43.279"	9.9574e-011	-8.8004e-014	3.0798e-012	7.6635e-014	1.9891e-011	4.2463e-014	9.1084e-006	
"01.07.2024 16:40:43.562"	1.0067e-010	-8.7511e-014	2.9690e-012	8.0074e-014	2.0396e-011	4.0310e-014	9.1084e-006	
"01.07.2024 16:40:43.846"	9.9684e-011	-8.7346e-014	3.0233e-012	7.7796e-014	2.0529e-011	4.2935e-014	9.1084e-006	
"01.07.2024 16:40:44.130"	9.9504e-011	-8.6069e-014	3.0895e-012	7.5598e-014	1.9889e-011	4.3941e-014	9.1081e-006	
"01.07.2024 16:40:44.413"	1.0058e-010	-8.5889e-014	2.9567e-012	7.7323e-014	2.0325e-011	4.3011e-014	9.1081e-006	
"01.07.2024 16:40:44.697"	1.0042e-010	-8.7583e-014	3.0320e-012	7.8919e-014	2.0671e-011	4.2103e-014	9.1081e-006	
"01.07.2024 16:40:44.980"	9.9313e-011	-8.9227e-014	3.0767e-012	7.9613e-014	1.9907e-011	4.2813e-014	9.1092e-006	
"01.07.2024 16:40:45.264"	1.0047e-010	-8.4853e-014	2.9725e-012	7.5158e-014	2.0295e-011	4.1753e-014	9.1092e-006	
"01.07.2024 16:40:45.547"	1.0088e-010	-8.9976e-014	3.0095e-012	7.6867e-014	2.0684e-011	4.1841e-014	9.1092e-006	
"01.07.2024 16:40:45.830"	9.9254e-011	-8.3842e-014	3.0788e-012	7.6677e-014	1.9883e-011	4.2261e-014	9.1092e-006	
"01.07.2024 16:40:46.114"	1.0034e-010	-8.5560e-014	2.9792e-012	7.8127e-014	2.0206e-011	4.2062e-014	9.1106e-006	
"01.07.2024 16:40:46.397"	1.0119e-010	-8.8055e-014	3.0023e-012	7.6059e-014	2.0729e-011	4.0375e-014	9.1106e-006	
"01.07.2024 16:40:46.681"	9.9082e-011	-8.8553e-014	3.0711e-012	7.8407e-014	1.9877e-011	4.3248e-014	9.1106e-006	
"01.07.2024 16:40:46.964"	1.0023e-010	-8.8143e-014	3.0034e-012	7.8760e-014	2.0165e-011	4.0307e-014	9.1106e-006	
"01.07.2024 16:40:47.248"	1.0130e-010	-9.0542e-014	3.0044e-012	7.7350e-014	2.0684e-011	3.8759e-014	9.1089e-006	
"01.07.2024 16:40:47.531"	9.8952e-011	-8.6595e-014	3.0726e-012	7.5534e-014	1.9853e-011	4.3472e-014	9.1089e-006	
"01.07.2024 16:40:47.814"	1.0014e-010	-8.7030e-014	3.0197e-012	7.6818e-014	2.0090e-011	4.2000e-014	9.1089e-006	
"01.07.2024 16:40:48.098"	1.0117e-010	-8.6046e-014	3.0018e-012	7.6400e-014	2.0671e-011	3.9240e-014	9.1089e-006	
"01.07.2024 16:40:48.382"	9.8938e-011	-8.4272e-014	3.0618e-012	7.8324e-014	1.9909e-011	4.3003e-014	9.1092e-006	
"01.07.2024 16:40:48.666"	1.0004e-010	-8.6526e-014	3.0280e-012	7.6955e-014	2.0116e-011	4.2879e-014	9.1092e-006	
"01.07.2024 16:40:48.950"	1.0115e-010	-8.5896e-014	2.9931e-012	7.8079e-014	2.0612e-011	3.7916e-014	9.1092e-006	
"01.07.2024 16:40:49.233"	9.8825e-011	-8.6907e-014	3.0628e-012	8.0928e-014	1.9911e-011	4.2103e-014	9.1092e-006	
"01.07.2024 16:40:49.516"	1.0002e-010	-9.1058e-014	3.0474e-012	7.9082e-014	2.0100e-011	3.9979e-014	9.1102e-006	
"01.07.2024 16:40:49.801"	1.0111e-010	-8.6541e-014	2.9900e-012	7.6841e-014	2.0637e-011	3.9941e-014	9.1102e-006	
"01.07.2024 16:40:50.084"	9.8770e-011	-8.9130e-014	3.0521e-012	7.7855e-014	1.9983e-011	4.3464e-014	9.1102e-006	
"01.07.2024 16:40:50.368"	9.9918e-011	-8.7048e-014	3.0654e-012	7.7499e-014	2.0071e-011	4.0034e-014	9.1102e-006	
"01.07.2024 16:40:50.651"	1.0100e-010	-8.6426e-014	2.9747e-012	7.6538e-014	2.0565e-011	4.0605e-014	9.1095e-006	
"01.07.2024 16:40:50.935"	9.8678e-011	-8.7631e-014	3.0469e-012	7.3653e-014	2.0088e-011	4.4893e-014	9.1095e-006	
"01.07.2024 16:40:51.218"	9.9783e-011	-8.4961e-014	3.0777e-012	7.9537e-014	2.0016e-011	4.1990e-014	9.1095e-006	
"01.07.2024 16:40:51.502"	1.0093e-010	-8.5576e-014	2.9839e-012	7.7930e-014	2.0547e-011	3.9745e-014	9.1095e-006	
"01.07.2024 16:40:51.786"	9.8748e-011	-8.5370e-014	3.0520e-012	7.7270e-014	2.0147e-011	4.3206e-014	9.1110e-006	
"01.07.2024 16:40:52.069"	9.9754e-011	-8.5904e-014	3.0993e-012	7.7372e-014	2.0046e-011	4.2261e-014	9.1110e-006	
"01.07.2024 16:40:52.353"	1.0089e-010	-8.6469e-014	2.9757e-012	7.7809e-014	2.0472e-011	3.9629e-014	9.1110e-006	
"01.07.2024 16:40:52.637"	9.8759e-011	-8.8996e-014	3.0444e-012	7.6255e-014	2.0191e-011	4.3410e-014	9.1087e-006	
"01.07.2024 16:40:52.922"	9.9722e-011	-8.5032e-014	3.0849e-012	7.6849e-014	1.9970e-011	4.3342e-014	9.1087e-006	
"01.07.2024 16:40:53.205"	1.0091e-010	-8.7176e-014	2.9782e-012	7.5888e-014	2.0461e-011	4.1080e-014	9.1087e-006	
"01.07.2024 16:40:53.489"	9.9020e-011	-8.5743e-014	3.0407e-012	7.9868e-014	2.0324e-011	4.4109e-014	9.1087e-006	
"01.07.2024 16:40:53.773"	9.9611e-011	-8.4413e-014	3.0895e-012	7.7402e-014	2.0007e-011	4.1417e-014	9.1104e-006	
"01.07.2024 16:40:54.056"	1.0077e-010	-8.7440e-014	2.9926e-012	7.6838e-014	2.0476e-011	4.0198e-014	9.1104e-006	
"01.07.2024 16:40:54.340"	9.9294e-011	-8.6609e-014	3.0290e-012	7.5234e-014	2.0473e-011	4.4116e-014	9.1104e-006	
"01.07.2024 16:40:54.624"	9.9567e-011	-8.7542e-014	3.0957e-012	7.6912e-014	1.9963e-011	4.2138e-014	9.1104e-006	
"01.07.2024 16:40:54.907"	1.0065e-010	-8.5585e-014	2.9643e-012	8.0835e-014	2.0411e-011	4.1820e-014	9.1109e-006	
"01.07.2024 16:40:55.191"	9.9806e-011	-8.9105e-014	3.0213e-012	7.9830e-014	2.0561e-011	4.1546e-014	9.1109e-006	
"01.07.2024 16:40:55.474"	9.9422e-011	-8.5851e-014	3.0767e-012	7.9002e-014	1.9906e-011	4.2020e-014	9.1109e-006	
"01.07.2024 16:40:55.757"	1.0055e-010	-9.4599e-014	2.9577e-012	7.5852e-014	2.0387e-011	3.8047e-014	9.1109e-006	
"01.07.2024 16:40:56.041"	1.0023e-010	-8.5364e-014	3.0203e-012	7.9304e-014	2.0683e-011	4.2907e-014	9.1084e-006	
"01.07.2024 16:40:56.324"	9.9404e-011	-8.6987e-014	3.0608e-012	7.5696e-014	1.9901e-011	4.4002e-014	9.1084e-006	
"01.07.2024 16:40:56.608"	1.0046e-010	-8.7207e-014	2.9633e-012	7.7608e-014	2.0307e-011	3.9026e-014	9.1084e-006	
"01.07.2024 16:40:56.891"	1.0101e-010	-8.4943e-014	3.0213e-012	7.5960e-014	2.0778e-011	3.9661e-014	9.1084e-006	
"01.07.2024 16:40:57.175"	9.9289e-011	-8.8118e-014	3.0628e-012	7.6713e-014	1.9916e-011	4.3220e-014	9.1117e-006	
"01.07.2024 16:40:57.459"	1.0039e-010	-8.4603e-014	2.9792e-012	7.6686e-014	2.0303e-011	3.9804e-014	9.1117e-006	
"01.07.2024 16:40:57.742"	1.0117e-010	-8.7797e-014	3.0213e-012	7.6349e-014	2.0746e-011	3.9060e-014	9.1117e-006	
"01.07.2024 16:40:58.025"	9.9071e-011	-8.9634e-014	3.0751e-012	7.5606e-014	1.9897e-011	4.3236e-014	9.1117e-006	
"01.07.2024 16:40:58.309"	1.0016e-010	-8.7144e-014	3.0002e-012	7.7490e-014	2.0205e-011	4.2268e-014	9.1134e-006	
"01.07.2024 16:40:58.592"	1.0128e-010	-8.4164e-014	2.9957e-012	7.7584e-014	2.0740e-011	3.8184e-014	9.1134e-006	
"01.07.2024 16:40:58.876"	9.8932e-011	-8.6483e-014	3.0588e-012	7.9640e-014	1.9905e-011	4.0963e-014	9.1134e-006	
"01.07.2024 16:40:59.159"	1.0013e-010	-8.6052e-014	3.0203e-012	7.6049e-014	2.0158e-011	4.0914e-014	9.1119e-006	
"01.07.2024 16:40:59.443"	1.0116e-010	-8.7778e-014	3.0018e-012	7.7403e-014	2.0634e-011	3.7724e-014	9.1119e-006	
"01.07.2024 16:40:59.726"	9.8792e-011	-8.6760e-014	3.0573e-012	7.8789e-014	1.9995e-011	4.2174e-014	9.1119e-006	
"01.07.2024 16:41:00.010"	9.9988e-011	-8.7925e-014	3.0439e-012	7.5468e-014	2.0144e-011	4.2179e-014	9.1119e-006	
"01.07.2024 16:41:00.293"	1.0108e-010	-8.4328e-014	2.9880e-012	7.7713e-014	2.0616e-011	3.8158e-014	9.1106e-006	
"01.07.2024 16:41:00.577"	9.8692e-011	-8.9002e-014	3.0449e-012	7.5303e-014	2.0134e-011	4.3937e-014	9.1106e-006	
"01.07.2024 16:41:00.860"	9.9851e-011	-8.7991e-014	3.0813e-012	7.2994e-014	2.0086e-011	4.1199e-014	9.1106e-006	
"01.07.2024 16:41:01.143"	1.0097e-010	-8.6558e-014	2.9916e-012	7.5961e-014	2.0575e-011	3.8445e-014	9.1106e-006	
"01.07.2024 16:41:01.427"	9.8702e-011	-8.6516e-014	3.0331e-012	7.9405e-014	2.0198e-011	4.2532e-014	9.1118e-006	
"01.07.2024 16:41:01.710"	9.9773e-011	-8.3802e-014	3.0880e-012	7.8087e-014	2.0056e-011	4.3130e-014	9.1118e-006	
"01.07.2024 16:41:01.994"	1.0087e-010	-8.5099e-014	2.9710e-012	7.9308e-014	2.0524e-011	3.9575e-014	9.1118e-006	
"01.07.2024 16:41:02.278"	9.8950e-011	-8.5780e-014	3.0320e-012	7.9493e-014	2.0268e-011	4.4102e-014	9.1118e-006	
"01.07.2024 16:41:02.561"	9.9694e-011	-8.4304e-014	3.0844e-012	7.6224e-014	2.0035e-011	4.0004e-014	9.1101e-006	
"01.07.2024 16:41:02.845"	1.0080e-010	-8.5955e-014	2.9608e-012	7.5974e-014	2.0456e-011	4.0491e-014	9.1101e-006	
"01.07.2024 16:41:03.128"	9.9628e-011	-8.4639e-014	3.0315e-012	7.5974e-014	2.0527e-011	4.1238e-014	9.1101e-006	
"01.07.2024 16:41:03.411"	9.9520e-011	-8.6453e-014	3.0957e-012	7.6549e-014	2.0001e-011	4.1474e-014	9.1101e-006	
"01.07.2024 16:41:03.696"	1.0068e-010	-8.9229e-014	2.9725e-012	7.5980e-014	2.0417e-011	4.0337e-014	9.1005e-006	
"01.07.2024 16:41:03.979"	9.9856e-011	-8.6957e-014	3.0233e-012	7.5462e-014	2.0569e-011	4.2374e-014	9.1005e-006	
"01.07.2024 16:41:04.263"	9.9491e-011	-8.7464e-014	3.0864e-012	7.5104e-014	1.9958e-011	4.3445e-014	9.1005e-006	
"01.07.2024 16:41:04.546"	1.0061e-010	-8.5422e-014	2.9623e-012	8.1738e-014	2.0377e-011	4.2391e-014	9.1005e-006	
"01.07.2024 16:41:04.830"	1.0008e-010	-8.3233e-014	3.0280e-012	7.8385e-014	2.0642e-011	4.2504e-014	9.1036e-006	
"01.07.2024 16:41:05.114"	9.9424e-011	-8.7351e-014	3.0921e-012	7.9828e-014	1.9924e-011	4.1779e-014	9.1036e-006	
"01.07.2024 16:41:05.397"	1.0050e-010	-8.6164e-014	2.9428e-012	7.6775e-014	2.0395e-011	4.1106e-014	9.1036e-006	
"01.07.2024 16:41:05.681"	1.0064e-010	-9.1183e-014	3.0131e-012	7.7910e-014	2.0719e-011	3.8917e-014	9.1036e-006	
"01.07.2024 16:41:05.964"	9.9292e-011	-9.2102e-014	3.0695e-012	7.4600e-014	1.9932e-011	4.3291e-014	9.1070e-006	
"01.07.2024 16:41:06.247"	1.0045e-010	-8.5899e-014	2.9510e-012	7.7422e-014	2.0318e-011	3.8926e-014	9.1070e-006	
"01.07.2024 16:41:06.532"	1.0086e-010	-8.5095e-014	3.0188e-012	7.9040e-014	2.0768e-011	3.8709e-014	9.1070e-006	
"01.07.2024 16:41:06.816"	9.9232e-011	-8.9442e-014	3.0701e-012	7.5815e-014	1.9934e-011	4.4595e-014	9.1087e-006	
"01.07.2024 16:41:07.099"	1.0040e-010	-8.6752e-014	2.9710e-012	8.2086e-014	2.0268e-011	4.0750e-014	9.1087e-006	
"01.07.2024 16:41:07.382"	1.0125e-010	-8.3286e-014	3.0079e-012	7.9988e-014	2.0794e-011	3.8376e-014	9.1087e-006	
"01.07.2024 16:41:07.667"	9.9220e-011	-8.6160e-014	3.0737e-012	7.7612e-014	1.9895e-011	4.3482e-014	9.1087e-006	
"01.07.2024 16:41:07.951"	1.0032e-010	-8.7445e-014	2.9771e-012	7.2363e-014	2.0279e-011	4.1062e-014	9.1127e-006	
"01.07.2024 16:41:08.235"	1.0122e-010	-8.6010e-014	3.0131e-012	8.0410e-014	2.0785e-011	3.8350e-014	9.1127e-006	
"01.07.2024 16:41:08.519"	9.9115e-011	-8.7033e-014	3.0639e-012	7.5815e-014	1.9909e-011	4.3460e-014	9.1127e-006	
"01.07.2024 16:41:08.802"	1.0027e-010	-8.7073e-014	2.9756e-012	7.9175e-014	2.0229e-011	4.0119e-014	9.1127e-006	
"01.07.2024 16:41:09.086"	1.0129e-010	-8.9009e-014	2.9911e-012	7.6788e-014	2.0764e-011	3.6812e-014	9.0913e-006	
"01.07.2024 16:41:09.370"	9.9024e-011	-8.4863e-014	3.0557e-012	7.6569e-014	1.9908e-011	4.3436e-014	9.0913e-006	
"01.07.2024 16:41:09.653"	1.0017e-010	-8.8005e-014	3.0141e-012	7.6590e-014	2.0234e-011	4.1105e-014	9.0913e-006	
"01.07.2024 16:41:09.937"	1.0128e-010	-8.5938e-014	2.9869e-012	7.8416e-014	2.0716e-011	3.7866e-014	9.0913e-006	
"01.07.2024 16:41:10.220"	9.8912e-011	-8.7586e-014	3.0516e-012	7.8965e-014	1.9948e-011	4.2455e-014	9.0781e-006	
"01.07.2024 16:41:10.504"	1.0007e-010	-8.5342e-014	3.0264e-012	7.7379e-014	2.0156e-011	4.2572e-014	9.0781e-006	
"01.07.2024 16:41:10.787"	1.0118e-010	-8.5703e-014	2.9844e-012	7.7366e-014	2.0696e-011	3.9460e-014	9.0781e-006	
"01.07.2024 16:41:11.071"	9.8775e-011	-8.9108e-014	3.0593e-012	7.5209e-014	2.0012e-011	4.3415e-014	9.0781e-006	
"01.07.2024 16:41:11.354"	9.9947e-011	-8.6578e-014	3.0746e-012	7.6378e-014	2.0133e-011	4.1368e-014	9.0735e-006	
"01.07.2024 16:41:11.638"	1.0100e-010	-8.8525e-014	2.9844e-012	7.6005e-014	2.0600e-011	3.8048e-014	9.0735e-006	
"01.07.2024 16:41:11.921"	9.8705e-011	-8.7009e-014	3.0505e-012	7.6967e-014	2.0062e-011	4.3498e-014	9.0735e-006	
"01.07.2024 16:41:12.205"	9.9881e-011	-8.3805e-014	3.0701e-012	7.9425e-014	2.0104e-011	4.2107e-014	9.0735e-006	
"01.07.2024 16:41:12.488"	1.0098e-010	-8.5639e-014	2.9746e-012	7.6476e-014	2.0591e-011	3.9210e-014	9.0752e-006	
"01.07.2024 16:41:12.772"	9.8720e-011	-8.4304e-014	3.0310e-012	7.5229e-014	2.0234e-011	4.3942e-014	9.0752e-006	
"01.07.2024 16:41:13.055"	9.9762e-011	-8.9011e-014	3.1003e-012	7.4486e-014	1.9997e-011	4.4277e-014	9.0752e-006	
"01.07.2024 16:41:13.339"	1.0084e-010	-8.5396e-014	2.9746e-012	7.7914e-014	2.0524e-011	3.9396e-014	9.0764e-006	
"01.07.2024 16:41:13.622"	9.8933e-011	-8.4999e-014	3.0305e-012	7.7766e-014	2.0297e-011	4.1727e-014	9.0764e-006	
"01.07.2024 16:41:13.906"	9.9642e-011	-8.7368e-014	3.0859e-012	7.8374e-014	2.0005e-011	4.1480e-014	9.0764e-006	
"01.07.2024 16:41:14.189"	1.0079e-010	-8.6550e-014	2.9787e-012	7.7360e-014	2.0462e-011	4.1288e-014	9.0764e-006	
"01.07.2024 16:41:14.472"	9.9409e-011	-8.7364e-014	3.0367e-012	7.5703e-014	2.0459e-011	4.2184e-014	9.0740e-006	
"01.07.2024 16:41:14.756"	9.9601e-011	-8.7981e-014	3.0931e-012	7.8722e-014	2.0005e-011	4.1145e-014	9.0740e-006	
"01.07.2024 16:41:15.039"	1.0829e-010	-8.7109e-014	2.7827e-012	7.4815e-014	4.4556e-012	8.5919e-014	9.0740e-006	
"01.07.2024 16:41:15.323"	1.1129e-010	-8.7718e-014	3.4944e-012	7.6032e-014	1.4589e-012	7.9107e-014	9.0740e-006	
"01.07.2024 16:41:15.607"	1.1254e-010	-8.4190e-014	3.8386e-012	7.9231e-014	1.0017e-012	8.0921e-014	9.2431e-006	
"01.07.2024 16:41:15.890"	1.1496e-010	-8.8237e-014	3.7566e-012	7.7156e-014	8.2893e-013	7.7714e-014	9.2431e-006	
"01.07.2024 16:41:16.174"	1.1409e-010	-8.6692e-014	3.8882e-012	7.5512e-014	7.1718e-013	7.8017e-014	9.2431e-006	
"01.07.2024 16:41:16.457"	1.1443e-010	-8.5383e-014	4.0167e-012	7.5789e-014	6.1576e-013	7.5553e-014	9.2431e-006	
"01.07.2024 16:41:16.740"	1.1644e-010	-8.7484e-014	3.8576e-012	7.6549e-014	5.5000e-013	7.2792e-014	9.6539e-006	
"01.07.2024 16:41:17.024"	1.1595e-010	-8.6532e-014	3.9885e-012	7.5799e-014	5.0422e-013	7.0713e-014	9.6539e-006	
"01.07.2024 16:41:17.307"	1.1578e-010	-8.4353e-014	4.0745e-012	7.7130e-014	4.4977e-013	8.4031e-014	9.6539e-006	
"01.07.2024 16:41:17.591"	1.1803e-010	-8.6573e-014	3.9292e-012	7.5873e-014	4.2891e-013	7.9840e-014	9.6539e-006	
"01.07.2024 16:41:17.874"	1.1868e-010	-8.6894e-014	4.0893e-012	7.7725e-014	4.1544e-013	7.5138e-014	9.8709e-006	
"01.07.2024 16:41:18.158"	1.1964e-010	-9.1459e-014	4.3329e-012	7.7902e-014	3.8916e-013	6.8778e-014	9.8709e-006	
"01.07.2024 16:41:18.441"	1.2383e-010	-8.9600e-014	4.2582e-012	7.4672e-014	3.9679e-013	7.2037e-014	9.8709e-006	
"01.07.2024 16:41:18.725"	1.2472e-010	-8.7690e-014	4.5369e-012	7.8239e-014	3.9352e-013	6.9448e-014	9.8709e-006	
"01.07.2024 16:41:19.010"	1.2442e-010	-8.7215e-014	4.6101e-012	7.5612e-014	3.5823e-013	5.9495e-014	1.0369e-005	
"01.07.2024 16:41:19.293"	1.2579e-010	-8.9237e-014	4.3758e-012	7.3121e-014	3.5000e-013	5.7986e-014	1.0369e-005	
"01.07.2024 16:41:19.576"	1.2624e-010	-8.6633e-014	4.5477e-012	7.6037e-014	3.4678e-013	5.5957e-014	1.0369e-005	
"01.07.2024 16:41:19.861"	1.2456e-010	-8.7097e-014	4.6361e-012	7.3994e-014	3.1531e-013	4.7294e-014	1.0369e-005	
"01.07.2024 16:41:20.145"	1.2600e-010	-8.7345e-014	4.3651e-012	7.5122e-014	3.1354e-013	4.6972e-014	1.0836e-005	
"01.07.2024 16:41:20.428"	1.2671e-010	-8.5846e-014	4.4965e-012	7.6730e-014	3.1017e-013	4.5513e-014	1.0836e-005	
"01.07.2024 16:41:20.712"	1.2406e-010	-8.6898e-014	4.6183e-012	7.7605e-014	2.8366e-013	3.9168e-014	1.0836e-005	
"01.07.2024 16:41:20.995"	1.2588e-010	-8.4707e-014	4.4024e-012	7.6546e-014	2.8395e-013	3.9833e-014	1.0902e-005	
"01.07.2024 16:41:21.278"	1.2702e-010	-8.6165e-014	4.4710e-012	8.0103e-014	2.7979e-013	3.9181e-014	1.0902e-005	
"01.07.2024 16:41:21.563"	1.2364e-010	-8.7672e-014	4.6233e-012	7.7434e-014	2.6063e-013	3.4667e-014	1.0902e-005	
"01.07.2024 16:41:21.846"	1.2604e-010	-8.6360e-014	4.4628e-012	7.7613e-014	2.6115e-013	3.5240e-014	1.0902e-005	
"01.07.2024 16:41:22.129"	1.2714e-010	-8.5804e-014	4.4878e-012	7.6704e-014	2.6124e-013	3.4896e-014	1.0946e-005	
"01.07.2024 16:41:22.413"	1.2327e-010	-8.5555e-014	4.6392e-012	7.6145e-014	2.4475e-013	3.1256e-014	1.0946e-005	
"01.07.2024 16:41:22.698"	1.2594e-010	-8.6518e-014	4.4894e-012	7.3872e-014	2.4525e-013	3.2030e-014	1.0946e-005	
"01.07.2024 16:41:22.981"	1.2729e-010	-8.6797e-014	4.4766e-012	7.5723e-014	2.4572e-013	3.1455e-014	1.0946e-005	
"01.07.2024 16:41:23.265"	1.2313e-010	-8.8168e-014	4.5870e-012	7.7293e-014	2.3150e-013	2.9242e-014	1.0958e-005	
"01.07.2024 16:41:23.549"	1.2555e-010	-8.6130e-014	4.5487e-012	7.8641e-014	2.3061e-013	3.0002e-014	1.0958e-005	
"01.07.2024 16:41:23.832"	1.2730e-010	-8.7962e-014	4.5007e-012	7.2755e-014	2.3008e-013	3.0439e-014	1.0958e-005	
"01.07.2024 16:41:24.116"	1.2322e-010	-8.8314e-014	4.5778e-012	7.5568e-014	2.1884e-013	2.7958e-014	1.0958e-005	
"01.07.2024 16:41:24.400"	1.2551e-010	-8.5879e-014	4.5620e-012	8.0084e-014	2.2246e-013	2.8200e-014	1.0988e-005	
"01.07.2024 16:41:24.684"	1.2732e-010	-8.9653e-014	4.5144e-012	7.8956e-014	2.2128e-013	2.8412e-014	1.0988e-005	
"01.07.2024 16:41:24.968"	1.2299e-010	-8.4874e-014	4.5758e-012	7.5425e-014	2.1281e-013	2.6195e-014	1.0988e-005	
"01.07.2024 16:41:25.251"	1.2530e-010	-8.7255e-014	4.6233e-012	8.0050e-014	2.1064e-013	2.7233e-014	1.0988e-005	
"01.07.2024 16:41:25.534"	1.2709e-010	-8.7257e-014	4.4864e-012	7.6545e-014	2.1488e-013	2.6510e-014	1.0996e-005	
"01.07.2024 16:41:25.818"	1.2303e-010	-8.6043e-014	4.5932e-012	7.5453e-014	2.0704e-013	2.5778e-014	1.0996e-005	
"01.07.2024 16:41:26.101"	1.2508e-010	-8.4876e-014	4.6090e-012	7.7909e-014	2.0385e-013	2.5457e-014	1.0996e-005	
"01.07.2024 16:41:26.385"	1.2687e-010	-8.3541e-014	4.4362e-012	7.6081e-014	2.0816e-013	2.6574e-014	1.0996e-005	
"01.07.2024 16:41:26.668"	1.2339e-010	-8.8076e-014	4.5778e-012	7.5289e-014	2.0385e-013	2.5023e-014	1.1018e-005	
"01.07.2024 16:41:26.952"	1.2498e-010	-8.5747e-014	4.6525e-012	7.5493e-014	1.9785e-013	2.4904e-014	1.1018e-005	
"01.07.2024 16:41:27.235"	1.2678e-010	-8.6355e-014	4.4397e-012	7.6192e-014	2.0231e-013	2.5411e-014	1.1018e-005	
"01.07.2024 16:41:27.518"	1.2401e-010	-9.0126e-014	4.5712e-012	7.5843e-014	1.9947e-013	2.4543e-014	1.1051e-005	
"01.07.2024 16:41:27.802"	1.2479e-010	-8.7868e-014	4.6510e-012	7.5439e-014	1.8674e-013	2.3631e-014	1.1051e-005	
"01.07.2024 16:41:28.085"	1.2638e-010	-8.6727e-014	4.3958e-012	7.5809e-014	1.9081e-013	2.4099e-014	1.1051e-005	
"01.07.2024 16:41:28.369"	1.2513e-010	-8.4818e-014	4.5753e-012	7.8989e-014	1.9612e-013	2.3953e-014	1.1051e-005	
"01.07.2024 16:41:28.652"	1.2487e-010	-8.8296e-014	4.6469e-012	7.6785e-014	1.8201e-013	2.3381e-014	1.1056e-005	
"01.07.2024 16:41:28.936"	1.2624e-010	-8.7703e-014	4.3840e-012	7.5721e-014	1.8848e-013	2.3708e-014	1.1056e-005	
"01.07.2024 16:41:29.220"	1.2585e-010	-8.8749e-014	4.5585e-012	7.5522e-014	1.9182e-013	2.4269e-014	1.1056e-005	
"01.07.2024 16:41:29.503"	1.2465e-010	-8.6845e-014	4.6198e-012	7.3404e-014	1.8267e-013	2.2882e-014	1.1056e-005	
"01.07.2024 16:41:29.786"	1.2619e-010	-8.5248e-014	4.4117e-012	7.6116e-014	1.9002e-013	2.3941e-014	1.1063e-005	
"01.07.2024 16:41:30.070"	1.2649e-010	-8.6065e-014	4.5492e-012	7.7586e-014	1.9413e-013	2.3480e-014	1.1063e-005	
"01.07.2024 16:41:30.353"	1.2426e-010	-8.6078e-014	4.6111e-012	6.8044e-014	1.7600e-013	2.1925e-014	1.1063e-005	
"01.07.2024 16:41:30.637"	1.2625e-010	-8.6389e-014	4.4035e-012	7.5200e-014	1.8407e-013	2.3602e-014	1.1063e-005	
"01.07.2024 16:41:30.920"	1.2703e-010	-8.4632e-014	4.5293e-012	7.9198e-014	1.8746e-013	2.3075e-014	1.1079e-005	
"01.07.2024 16:41:31.204"	1.2397e-010	-8.7275e-014	4.6203e-012	7.5321e-014	1.7708e-013	2.2146e-014	1.1079e-005	
"01.07.2024 16:41:31.487"	1.2623e-010	-8.5032e-014	4.4832e-012	7.5769e-014	1.7811e-013	2.2906e-014	1.1079e-005	
"01.07.2024 16:41:31.770"	1.2738e-010	-8.5710e-014	4.4879e-012	7.9764e-014	1.8144e-013	2.2891e-014	1.1079e-005	
"01.07.2024 16:41:32.054"	1.2369e-010	-8.7591e-014	4.6239e-012	7.6408e-014	1.7265e-013	2.1787e-014	1.1080e-005	
"01.07.2024 16:41:32.337"	1.2617e-010	-8.6349e-014	4.4858e-012	7.6688e-014	1.7779e-013	2.2214e-014	1.1080e-005	
"01.07.2024 16:41:32.621"	1.2733e-010	-8.6645e-014	4.5006e-012	7.4844e-014	1.7683e-013	2.2590e-014	1.1080e-005	
"01.07.2024 16:41:32.904"	1.2331e-010	-8.9562e-014	4.5774e-012	7.4634e-014	1.6807e-013	2.1728e-014	1.1080e-005	
"01.07.2024 16:41:33.187"	1.2611e-010	-8.5929e-014	4.5446e-012	7.5643e-014	1.7382e-013	2.1902e-014	1.1093e-005	
"01.07.2024 16:41:33.471"	1.2722e-010	-8.5336e-014	4.5058e-012	7.7661e-014	1.7740e-013	2.1869e-014	1.1093e-005	
"01.07.2024 16:41:33.756"	1.2345e-010	-8.5343e-014	4.6136e-012	7.8140e-014	1.6877e-013	2.1484e-014	1.1093e-005	
"01.07.2024 16:41:34.040"	1.2590e-010	-8.6199e-014	4.5472e-012	7.6149e-014	1.6648e-013	2.1612e-014	1.1093e-005	
"01.07.2024 16:41:34.323"	1.2701e-010	-8.9639e-014	4.4873e-012	7.4408e-014	1.7003e-013	2.1696e-014	1.1103e-005	
"01.07.2024 16:41:34.607"	1.2289e-010	-8.6343e-014	4.5896e-012	7.5271e-014	1.6902e-013	2.1128e-014	1.1103e-005	
"01.07.2024 16:41:34.891"	1.2575e-010	-8.6149e-014	4.5876e-012	7.5034e-014	1.6515e-013	2.1322e-014	1.1103e-005	
"01.07.2024 16:41:35.175"	1.2719e-010	-8.5701e-014	4.4863e-012	7.5458e-014	1.7141e-013	2.1943e-014	1.1084e-005	
"01.07.2024 16:41:35.458"	1.2298e-010	-8.7283e-014	4.5784e-012	7.3921e-014	1.6239e-013	2.0051e-014	1.1084e-005	
"01.07.2024 16:41:35.741"	1.2534e-010	-8.4800e-014	4.6499e-012	7.7121e-014	1.5975e-013	2.1225e-014	1.1084e-005	
"01.07.2024 16:41:36.025"	1.2719e-010	-8.6661e-014	4.4792e-012	7.6592e-014	1.7099e-013	2.1538e-014	1.1084e-005	
"01.07.2024 16:41:36.308"	1.2312e-010	-8.7530e-014	4.5901e-012	7.4367e-014	1.6567e-013	2.0294e-014	1.1091e-005	
"01.07.2024 16:41:36.593"	1.2505e-010	-8.7902e-014	4.6658e-012	7.7371e-014	1.5547e-013	2.0530e-014	1.1091e-005	
"01.07.2024 16:41:36.876"	1.2682e-010	-8.9878e-014	4.4428e-012	7.0903e-014	1.6320e-013	2.1101e-014	1.1091e-005	
"01.07.2024 16:41:37.159"	1.2381e-010	-8.5982e-014	4.5881e-012	7.7181e-014	1.6431e-013	2.0263e-014	1.1091e-005	
"01.07.2024 16:41:37.443"	1.2503e-010	-8.7139e-014	4.6627e-012	7.2517e-014	1.6082e-013	2.0237e-014	1.1087e-005	
"01.07.2024 16:41:37.728"	1.2648e-010	-8.7285e-014	4.3943e-012	7.4624e-014	1.6118e-013	2.0907e-014	1.1087e-005	
"01.07.2024 16:41:38.012"	1.2411e-010	-8.7533e-014	4.5814e-012	7.6186e-014	1.6603e-013	2.0260e-014	1.1087e-005	
"01.07.2024 16:41:38.295"	1.2545e-010	-8.7205e-014	4.6673e-012	7.4241e-014	1.6018e-013	2.0422e-014	1.1087e-005	
"01.07.2024 16:41:38.580"	1.2651e-010	-8.5902e-014	4.4132e-012	7.6241e-014	1.6094e-013	2.0557e-014	1.1096e-005	
"01.07.2024 16:41:38.863"	1.2449e-010	-8.8570e-014	4.5579e-012	7.8049e-014	1.5870e-013	2.0164e-014	1.1096e-005	
"01.07.2024 16:41:39.147"	1.2515e-010	-8.7824e-014	4.6684e-012	7.5017e-014	1.5597e-013	2.0001e-014	1.1096e-005	
"01.07.2024 16:41:39.431"	1.2677e-010	-8.5710e-014	4.4107e-012	7.4234e-014	1.5784e-013	2.0392e-014	1.1096e-005	
"01.07.2024 16:41:39.714"	1.2513e-010	-8.6957e-014	4.5349e-012	7.8315e-014	1.5973e-013	1.9933e-014	1.1095e-005	
"01.07.2024 16:41:39.998"	1.2481e-010	-8.9145e-014	4.6331e-012	7.5846e-014	1.4836e-013	1.9039e-014	1.1095e-005	
"01.07.2024 16:41:40.281"	1.2667e-010	-8.6322e-014	4.3897e-012	7.4986e-014	1.5699e-013	2.0632e-014	1.1095e-005	
"01.07.2024 16:41:40.565"	1.2597e-010	-8.4996e-014	4.5267e-012	7.7188e-014	1.6328e-013	2.0248e-014	1.1095e-005	
"01.07.2024 16:41:40.848"	1.2420e-010	-8.5678e-014	4.6244e-012	7.8019e-014	1.5006e-013	1.9513e-014	1.1104e-005	
"01.07.2024 16:41:41.132"	1.1818e-010	-8.7062e-014	4.2342e-012	7.5969e-014	1.9643e-011	4.3357e-014	1.1104e-005	
"01.07.2024 16:41:41.415"	1.1447e-010	-8.6530e-014	3.2454e-012	7.9797e-014	2.5808e-011	2.5522e-014	1.1104e-005	
"01.07.2024 16:41:41.698"	1.1221e-010	-8.6788e-014	3.7459e-012	7.7292e-014	2.1825e-011	3.2164e-014	1.0965e-005	
"01.07.2024 16:41:41.982"	1.1301e-010	-8.3786e-014	3.6056e-012	7.7855e-014	2.4642e-011	1.8767e-014	1.0965e-005	
"01.07.2024 16:41:42.265"	1.1286e-010	-8.7266e-014	3.6701e-012	7.7168e-014	2.6052e-011	1.3356e-014	1.0965e-005	
"01.07.2024 16:41:42.549"	1.0987e-010	-8.9742e-014	3.7106e-012	7.6245e-014	2.4638e-011	2.1930e-014	1.0965e-005	
"01.07.2024 16:41:42.832"	1.1101e-010	-8.9282e-014	3.5959e-012	7.8067e-014	2.5112e-011	1.9621e-014	1.0769e-005	
"01.07.2024 16:41:43.116"	1.1143e-010	-8.5654e-014	3.5713e-012	7.6835e-014	2.5486e-011	1.8714e-014	1.0769e-005	
"01.07.2024 16:41:43.399"	1.0796e-010	-8.5210e-014	3.6117e-012	7.8865e-014	2.4164e-011	2.3981e-014	1.0769e-005	
"01.07.2024 16:41:43.683"	1.0928e-010	-8.8100e-014	3.5569e-012	7.7393e-014	2.4267e-011	2.2943e-014	1.0769e-005	
"01.07.2024 16:41:43.966"	1.0958e-010	-8.3107e-014	3.4653e-012	7.9104e-014	2.4559e-011	2.3321e-014	1.0553e-005	
"01.07.2024 16:41:44.250"	1.0579e-010	-8.8222e-014	3.4883e-012	7.6053e-014	2.3356e-011	2.8135e-014	1.0553e-005	
"01.07.2024 16:41:44.533"	1.0613e-010	-8.3542e-014	3.4391e-012	8.0014e-014	2.2568e-011	3.0160e-014	1.0553e-005	
"01.07.2024 16:41:44.817"	1.0545e-010	-8.5220e-014	3.2085e-012	7.9866e-014	2.2243e-011	3.2668e-014	1.0553e-005	
"01.07.2024 16:41:45.100"	1.0193e-010	-8.8060e-014	3.1818e-012	7.9327e-014	2.1440e-011	3.6304e-014	1.0140e-005	
"01.07.2024 16:41:45.384"	1.0137e-010	-8.9603e-014	3.1972e-012	7.4365e-014	2.0465e-011	3.7553e-014	1.0140e-005	
"01.07.2024 16:41:45.667"	1.0189e-010	-8.6119e-014	3.0172e-012	7.6066e-014	2.0670e-011	3.7941e-014	1.0140e-005	
"01.07.2024 16:41:45.950"	1.0039e-010	-9.0219e-014	3.0726e-012	7.9322e-014	2.0712e-011	4.0115e-014	1.0140e-005	
"01.07.2024 16:41:46.234"	9.9905e-011	-8.9079e-014	3.1033e-012	7.5855e-014	1.9902e-011	4.2225e-014	9.5437e-006	
"01.07.2024 16:41:46.517"	1.0093e-010	-8.8767e-014	2.9582e-012	7.9676e-014	2.0300e-011	3.8239e-014	9.5437e-006	
"01.07.2024 16:41:46.801"	1.0054e-010	-8.7173e-014	3.0372e-012	7.8563e-014	2.0623e-011	4.1520e-014	9.5437e-006	
"01.07.2024 16:41:47.084"	9.9514e-011	-8.9217e-014	3.0880e-012	7.7824e-014	1.9808e-011	4.1511e-014	9.5437e-006	
"01.07.2024 16:41:47.368"	1.0062e-010	-8.4515e-014	2.9597e-012	7.7662e-014	2.0234e-011	3.9438e-014	9.3303e-006	
"01.07.2024 16:41:47.652"	1.0080e-010	-8.5096e-014	3.0183e-012	7.7090e-014	2.0608e-011	4.0277e-014	9.3303e-006	
"01.07.2024 16:41:47.935"	9.9358e-011	-8.9240e-014	3.0731e-012	7.3574e-014	1.9784e-011	4.2900e-014	9.3303e-006	
"01.07.2024 16:41:48.218"	1.0039e-010	-8.5336e-014	2.9859e-012	7.7491e-014	2.0149e-011	4.0605e-014	9.3303e-006	
"01.07.2024 16:41:48.502"	1.0119e-010	-8.9030e-014	3.0157e-012	7.6997e-014	2.0657e-011	3.9364e-014	9.2576e-006	
"01.07.2024 16:41:48.786"	9.9256e-011	-8.5756e-014	3.0706e-012	7.6357e-014	1.9809e-011	4.2395e-014	9.2576e-006	
"01.07.2024 16:41:49.070"	1.0036e-010	-8.5588e-014	2.9813e-012	7.6605e-014	2.0190e-011	3.9900e-014	9.2576e-006	
"01.07.2024 16:41:49.354"	1.0134e-010	-8.7142e-014	3.0090e-012	7.8823e-014	2.0627e-011	3.7478e-014	9.2151e-006	
"01.07.2024 16:41:49.637"	9.9127e-011	-8.6730e-014	3.0824e-012	7.5784e-014	1.9796e-011	4.3463e-014	9.2151e-006	
"01.07.2024 16:41:49.922"	1.0027e-010	-8.6988e-014	2.9920e-012	7.7397e-014	2.0146e-011	4.1722e-014	9.2151e-006	
"01.07.2024 16:41:50.205"	1.0132e-010	-8.2788e-014	3.0033e-012	7.8156e-014	2.0601e-011	3.6255e-014	9.2151e-006	
"01.07.2024 16:41:50.488"	9.8999e-011	-9.0491e-014	3.0403e-012	7.8126e-014	1.9814e-011	4.3891e-014	9.1836e-006	
"01.07.2024 16:41:50.772"	1.0020e-010	-8.6939e-014	3.0157e-012	7.5636e-014	2.0071e-011	4.1590e-014	9.1836e-006	
"01.07.2024 16:41:51.055"	1.0118e-010	-8.6019e-014	2.9978e-012	7.8065e-014	2.0559e-011	3.8985e-014	9.1836e-006	
"01.07.2024 16:41:51.339"	9.8854e-011	-8.7349e-014	3.0562e-012	7.6140e-014	1.9895e-011	4.1547e-014	9.1836e-006	
"01.07.2024 16:41:51.623"	1.0004e-010	-8.4859e-014	3.0413e-012	7.9090e-014	2.0040e-011	4.1551e-014	9.1697e-006	
"01.07.2024 16:41:51.907"	1.0115e-010	-8.4798e-014	3.0018e-012	7.7284e-014	2.0522e-011	4.0208e-014	9.1697e-006	
"01.07.2024 16:41:52.190"	9.8805e-011	-8.7208e-014	3.0551e-012	7.9468e-014	1.9911e-011	4.1121e-014	9.1697e-006	
"01.07.2024 16:41:52.474"	1.0001e-010	-8.8492e-014	3.0464e-012	7.8256e-014	1.9984e-011	4.1064e-014	9.1697e-006	
"01.07.2024 16:41:52.759"	1.0111e-010	-8.5224e-014	3.0043e-012	7.6897e-014	2.0570e-011	4.1837e-014	9.1464e-006	
"01.07.2024 16:41:53.043"	9.8702e-011	-8.9061e-014	3.0526e-012	7.8428e-014	1.9946e-011	4.2144e-014	9.1464e-006	
"01.07.2024 16:41:53.326"	9.9910e-011	-8.6121e-014	3.0557e-012	7.8281e-014	2.0008e-011	4.2513e-014	9.1464e-006	
"01.07.2024 16:41:53.610"	1.0102e-010	-8.6017e-014	2.9762e-012	7.7002e-014	2.0544e-011	3.8938e-014	9.1464e-006	
"01.07.2024 16:41:53.894"	9.8673e-011	-8.8097e-014	3.0465e-012	7.8811e-014	1.9964e-011	4.3512e-014	9.1485e-006	
"01.07.2024 16:41:54.177"	9.9827e-011	-8.6649e-014	3.0818e-012	8.0000e-014	2.0022e-011	4.3909e-014	9.1485e-006	
"01.07.2024 16:41:54.461"	1.0097e-010	-8.6850e-014	2.9849e-012	8.0755e-014	2.0470e-011	4.0108e-014	9.1485e-006	
"01.07.2024 16:41:54.745"	9.8691e-011	-8.7172e-014	3.0290e-012	7.9443e-014	2.0114e-011	4.2244e-014	9.1485e-006	
"01.07.2024 16:41:55.028"	9.9764e-011	-8.6811e-014	3.0757e-012	7.8082e-014	1.9926e-011	3.9984e-014	9.1485e-006	
"01.07.2024 16:41:55.312"	1.0083e-010	-8.6549e-014	2.9684e-012	7.7372e-014	2.0368e-011	3.9921e-014	9.1485e-006	
"01.07.2024 16:41:55.595"	9.9159e-011	-8.9967e-014	3.0290e-012	7.7722e-014	2.0297e-011	4.3477e-014	9.1485e-006	
"01.07.2024 16:41:55.878"	9.9613e-011	-8.3268e-014	3.0885e-012	7.5937e-014	1.9900e-011	4.1186e-014	9.1207e-006	
"01.07.2024 16:41:56.162"	1.0067e-010	-8.6951e-014	2.9624e-012	7.4747e-014	2.0401e-011	4.0379e-014	9.1207e-006	
"01.07.2024 16:41:56.446"	9.9485e-011	-8.6868e-014	3.0255e-012	7.7025e-014	2.0438e-011	4.4223e-014	9.1207e-006	
"01.07.2024 16:41:56.729"	9.9501e-011	-8.6889e-014	3.0818e-012	7.6835e-014	1.9883e-011	4.3849e-014	9.1207e-006	
"01.07.2024 16:41:57.013"	1.0065e-010	-8.7164e-014	2.9679e-012	7.6770e-014	2.0327e-011	4.1248e-014	9.1127e-006	
"01.07.2024 16:41:57.296"	9.9980e-011	-8.8124e-014	3.0095e-012	7.7445e-014	2.0557e-011	4.0925e-014	9.1127e-006	
"01.07.2024 16:41:57.580"	9.9334e-011	-8.6150e-014	3.0855e-012	7.6598e-014	1.9821e-011	4.2228e-014	9.1127e-006	
"01.07.2024 16:41:57.863"	1.0049e-010	-8.5216e-014	2.9572e-012	7.7907e-014	2.0261e-011	3.9692e-014	9.1127e-006	
"01.07.2024 16:41:58.146"	1.0049e-010	-8.5389e-014	3.0074e-012	7.6845e-014	2.0643e-011	3.9488e-014	9.1087e-006	
"01.07.2024 16:41:58.430"	9.9224e-011	-8.8526e-014	3.0675e-012	7.6913e-014	1.9836e-011	4.3450e-014	9.1087e-006	
"01.07.2024 16:41:58.713"	1.0036e-010	-8.6171e-014	2.9628e-012	7.8470e-014	2.0218e-011	4.1572e-014	9.1087e-006	
"01.07.2024 16:41:58.997"	1.0098e-010	-9.1058e-014	3.0106e-012	7.6764e-014	2.0710e-011	3.8371e-014	9.1087e-006	
"01.07.2024 16:41:59.280"	9.9161e-011	-8.4558e-014	3.0644e-012	7.7992e-014	1.9818e-011	4.1448e-014	9.1146e-006	
"01.07.2024 16:41:59.564"	1.0029e-010	-8.6477e-014	2.9833e-012	7.8302e-014	2.0198e-011	4.1195e-014	9.1146e-006	
"01.07.2024 16:41:59.847"	1.0121e-010	-8.7332e-014	3.0033e-012	8.0723e-014	2.0743e-011	3.8939e-014	9.1146e-006	
"01.07.2024 16:42:00.131"	9.9052e-011	-8.7119e-014	3.0382e-012	7.6020e-014	1.9857e-011	4.0893e-014	9.1146e-006	
"01.07.2024 16:42:00.414"	1.0014e-010	-8.5078e-014	3.0053e-012	8.0410e-014	2.0129e-011	4.0571e-014	9.1131e-006	
"01.07.2024 16:42:00.698"	1.0125e-010	-8.6134e-014	2.9885e-012	7.8876e-014	2.0641e-011	3.9762e-014	9.1131e-006	
"01.07.2024 16:42:00.981"	9.8899e-011	-8.7958e-014	3.0357e-012	7.3751e-014	1.9897e-011	4.2696e-014	9.1131e-006	
"01.07.2024 16:42:01.265"	1.0004e-010	-8.6528e-014	3.0254e-012	7.7997e-014	2.0099e-011	3.9426e-014	9.1131e-006	
"01.07.2024 16:42:01.548"	1.0116e-010	-8.6555e-014	2.9972e-012	7.5550e-014	2.0560e-011	3.8290e-014	9.1106e-006	
"01.07.2024 16:42:01.832"	9.8664e-011	-8.6039e-014	3.0408e-012	7.4602e-014	1.9947e-011	4.2135e-014	9.1106e-006	
"01.07.2024 16:42:02.115"	9.9905e-011	-8.5985e-014	3.0603e-012	7.9799e-014	2.0076e-011	4.1427e-014	9.1106e-006	
"01.07.2024 16:42:02.399"	1.0098e-010	-8.5554e-014	2.9813e-012	7.8457e-014	2.0557e-011	4.0833e-014	9.1058e-006	
"01.07.2024 16:42:02.682"	9.8704e-011	-8.6969e-014	3.0413e-012	7.6795e-014	2.0043e-011	4.2918e-014	9.1058e-006	
"01.07.2024 16:42:02.965"	9.9764e-011	-8.8628e-014	3.0808e-012	7.6899e-014	1.9972e-011	4.2563e-014	9.1058e-006	
"01.07.2024 16:42:03.249"	1.0093e-010	-8.6538e-014	2.9854e-012	7.8175e-014	2.0429e-011	4.1626e-014	9.1058e-006	
"01.07.2024 16:42:03.532"	9.8685e-011	-8.6908e-014	3.0234e-012	7.5986e-014	2.0139e-011	4.4146e-014	9.1069e-006	
"01.07.2024 16:42:03.817"	9.9759e-011	-8.3940e-014	3.0854e-012	7.6956e-014	1.9990e-011	4.3078e-014	9.1069e-006	
"01.07.2024 16:42:04.101"	1.0081e-010	-8.6969e-014	2.9772e-012	7.8507e-014	2.0441e-011	4.2153e-014	9.1069e-006	
"01.07.2024 16:42:04.384"	9.9036e-011	-8.7548e-014	3.0208e-012	7.6239e-014	2.0323e-011	4.2626e-014	9.1069e-006	
"01.07.2024 16:42:04.668"	9.9672e-011	-8.6509e-014	3.0875e-012	8.0551e-014	1.9949e-011	4.3709e-014	9.0917e-006	
"01.07.2024 16:42:04.952"	1.0078e-010	-8.5002e-014	2.9598e-012	7.8128e-014	2.0424e-011	4.0263e-014	9.0917e-006	
"01.07.2024 16:42:05.235"	9.9408e-011	-8.7498e-014	3.0295e-012	7.8884e-014	2.0389e-011	4.3413e-014	9.0917e-006	
"01.07.2024 16:42:05.519"	9.9509e-011	-8.7650e-014	3.0808e-012	7.7356e-014	1.9923e-011	4.2333e-014	9.0917e-006	
"01.07.2024 16:42:05.803"	1.0072e-010	-8.8805e-014	2.9454e-012	7.6940e-014	2.0402e-011	4.1009e-014	9.0976e-006	
"01.07.2024 16:42:06.086"	9.9795e-011	-8.6507e-014	3.0249e-012	7.6067e-014	2.0545e-011	4.2813e-014	9.0976e-006	
"01.07.2024 16:42:06.370"	9.9421e-011	-8.7917e-014	3.0813e-012	7.1917e-014	1.9890e-011	4.3831e-014	9.0976e-006	
"01.07.2024 16:42:06.654"	1.0053e-010	-8.6109e-014	2.9583e-012	7.5322e-014	2.0313e-011	4.0932e-014	9.0976e-006	
"01.07.2024 16:42:06.937"	1.0022e-010	-8.6487e-014	3.0182e-012	7.8664e-014	2.0625e-011	4.2077e-014	9.0991e-006	
"01.07.2024 16:42:07.221"	9.9298e-011	-8.5359e-014	3.0777e-012	7.9001e-014	1.9883e-011	4.1596e-014	9.0991e-006	
"01.07.2024 16:42:07.504"	1.0043e-010	-8.5107e-014	2.9521e-012	7.7324e-014	2.0322e-011	4.2042e-014	9.0991e-006	
"01.07.2024 16:42:07.789"	1.0065e-010	-8.6663e-014	3.0147e-012	7.5442e-014	2.0704e-011	3.9079e-014	9.0991e-006	
"01.07.2024 16:42:08.073"	9.9264e-011	-8.5036e-014	3.0644e-012	7.7993e-014	1.9864e-011	4.2073e-014	9.1026e-006	
"01.07.2024 16:42:08.356"	1.0044e-010	-8.7777e-014	2.9808e-012	7.6491e-014	2.0266e-011	3.9492e-014	9.1026e-006	
"01.07.2024 16:42:08.641"	1.0094e-010	-8.5859e-014	3.0060e-012	7.4748e-014	2.0718e-011	3.9405e-014	9.1026e-006	
"01.07.2024 16:42:08.924"	9.9127e-011	-8.7599e-014	3.0603e-012	7.8185e-014	1.9857e-011	4.1874e-014	9.1022e-006	
"01.07.2024 16:42:09.207"	1.0021e-010	-8.5749e-014	2.9828e-012	7.8685e-014	2.0263e-011	4.2355e-014	9.1022e-006	
"01.07.2024 16:42:09.492"	1.0123e-010	-8.4576e-014	3.0044e-012	7.8501e-014	2.0707e-011	3.8171e-014	9.1022e-006	
"01.07.2024 16:42:09.775"	9.9109e-011	-8.4549e-014	3.0649e-012	7.5227e-014	1.9861e-011	4.2795e-014	9.1022e-006	
"01.07.2024 16:42:10.059"	1.0018e-010	-8.7670e-014	3.0049e-012	7.7282e-014	2.0161e-011	4.1225e-014	9.1092e-006	
"01.07.2024 16:42:10.342"	1.0127e-010	-8.6508e-014	2.9993e-012	7.6843e-014	2.0745e-011	3.7406e-014	9.1092e-006	
"01.07.2024 16:42:10.626"	9.8934e-011	-8.5616e-014	3.0542e-012	7.6455e-014	1.9877e-011	4.4457e-014	9.1092e-006	
"01.07.2024 16:42:10.909"	1.0007e-010	-8.4790e-014	3.0234e-012	7.8022e-014	2.0142e-011	4.1315e-014	9.1092e-006	
"01.07.2024 16:42:11.193"	1.0115e-010	-8.8073e-014	2.9778e-012	7.5091e-014	2.0653e-011	3.9231e-014	9.1102e-006	
"01.07.2024 16:42:11.476"	9.8763e-011	-8.9974e-014	3.0356e-012	7.7266e-014	1.9953e-011	4.2829e-014	9.1102e-006	
"01.07.2024 16:42:11.760"	9.9919e-011	-8.8057e-014	3.0506e-012	7.6961e-014	2.0104e-011	4.1675e-014	9.1102e-006	
"01.07.2024 16:42:12.043"	1.0108e-010	-8.8757e-014	2.9916e-012	7.7446e-014	2.0567e-011	3.8260e-014	9.1102e-006	
"01.07.2024 16:42:12.326"	9.8698e-011	-8.5194e-014	3.0337e-012	7.8163e-014	2.0037e-011	4.4536e-014	9.0979e-006	
"01.07.2024 16:42:12.610"	9.9829e-011	-8.7895e-014	3.0777e-012	7.9095e-014	2.0014e-011	4.2823e-014	9.0979e-006	
"01.07.2024 16:42:12.893"	1.0090e-010	-8.5938e-014	2.9834e-012	7.6987e-014	2.0531e-011	3.9859e-014	9.0979e-006	
"01.07.2024 16:42:13.177"	9.8706e-011	-8.6022e-014	3.0449e-012	7.8271e-014	2.0200e-011	4.2283e-014	9.0979e-006	
"01.07.2024 16:42:13.460"	9.9679e-011	-8.6488e-014	3.0988e-012	7.5427e-014	1.9942e-011	4.4230e-014	9.0767e-006	
"01.07.2024 16:42:13.744"	1.0084e-010	-8.8128e-014	2.9675e-012	7.6516e-014	2.0500e-011	4.0571e-014	9.0767e-006	
"01.07.2024 16:42:14.027"	9.8953e-011	-8.7519e-014	3.0367e-012	7.7805e-014	2.0308e-011	4.3073e-014	9.0767e-006	
"01.07.2024 16:42:14.311"	9.9599e-011	-8.6519e-014	3.0952e-012	7.8439e-014	1.9944e-011	4.2466e-014	9.0767e-006	
"01.07.2024 16:42:14.594"	1.0071e-010	-8.6794e-014	2.9624e-012	7.9045e-014	2.0428e-011	4.1684e-014	9.0735e-006	
"01.07.2024 16:42:14.878"	9.9468e-011	-8.6091e-014	3.0198e-012	7.7124e-014	2.0449e-011	4.3113e-014	9.0735e-006	
"01.07.2024 16:42:15.161"	9.9503e-011	-8.6846e-014	3.1008e-012	7.7717e-014	1.9915e-011	4.3415e-014	9.0735e-006	
"01.07.2024 16:42:15.445"	1.0059e-010	-8.3893e-014	2.9685e-012	7.9499e-014	2.0380e-011	4.0733e-014	9.0720e-006	
"01.07.2024 16:42:15.728"	1.0013e-010	-8.8166e-014	3.0167e-012	7.4921e-014	2.0638e-011	4.1912e-014	9.0720e-006	
"01.07.2024 16:42:16.012"	9.9389e-011	-8.6510e-014	3.0670e-012	7.5144e-014	1.9865e-011	4.4220e-014	9.0720e-006	
"01.07.2024 16:42:16.295"	1.0052e-010	-8.5989e-014	2.9628e-012	7.7789e-014	2.0364e-011	3.9174e-014	9.0720e-006	
"01.07.2024 16:42:16.579"	1.0052e-010	-8.5422e-014	3.0203e-012	7.7403e-014	2.0647e-011	4.0865e-014	9.0729e-006	
"01.07.2024 16:42:16.862"	9.9277e-011	-8.3841e-014	3.0665e-012	7.6382e-014	1.9893e-011	4.2838e-014	9.0729e-006	
"01.07.2024 16:42:17.146"	1.0036e-010	-8.2546e-014	2.9608e-012	7.9488e-014	2.0245e-011	4.1447e-014	9.0729e-006	
"01.07.2024 16:42:17.429"	1.0122e-010	-9.0651e-014	3.0090e-012	7.7810e-014	2.0774e-011	3.9259e-014	9.0729e-006	
"01.07.2024 16:42:17.712"	9.9124e-011	-8.7889e-014	3.0757e-012	7.6810e-014	1.9900e-011	4.3796e-014	9.0757e-006	
"01.07.2024 16:42:17.996"	1.0025e-010	-8.7521e-014	2.9772e-012	7.7791e-014	2.0194e-011	4.3014e-014	9.0757e-006	
"01.07.2024 16:42:18.279"	1.0126e-010	-8.5637e-014	3.0054e-012	7.5296e-014	2.0742e-011	3.6771e-014	9.0757e-006	
"01.07.2024 16:42:18.563"	9.8906e-011	-8.5977e-014	3.0439e-012	7.7778e-014	1.9897e-011	4.2594e-014	9.0757e-006	
"01.07.2024 16:42:18.846"	1.0010e-010	-8.4834e-014	3.0146e-012	7.8030e-014	2.0180e-011	4.1241e-014	9.0739e-006	
"01.07.2024 16:42:19.131"	1.0126e-010	-8.7568e-014	2.9957e-012	7.7511e-014	2.0684e-011	3.6624e-014	9.0739e-006	
"01.07.2024 16:42:19.414"	9.8851e-011	-8.6421e-014	3.0609e-012	8.0001e-014	1.9916e-011	4.2765e-014	9.0739e-006	
"01.07.2024 16:42:19.698"	1.0004e-010	-8.4978e-014	3.0259e-012	7.9440e-014	2.0114e-011	4.1299e-014	9.0739e-006	
"01.07.2024 16:42:19.981"	1.0114e-010	-8.8498e-014	3.0018e-012	7.8737e-014	2.0618e-011	4.0896e-014	9.0732e-006	
"01.07.2024 16:42:20.265"	9.8761e-011	-9.0997e-014	3.0552e-012	7.7705e-014	1.9938e-011	4.3802e-014	9.0732e-006	
"01.07.2024 16:42:20.548"	9.9959e-011	-8.6935e-014	3.0480e-012	7.5671e-014	2.0123e-011	4.1372e-014	9.0732e-006	
"01.07.2024 16:42:20.832"	1.0102e-010	-8.6023e-014	2.9931e-012	7.9789e-014	2.0568e-011	3.7948e-014	9.0732e-006	
"01.07.2024 16:42:21.115"	9.8690e-011	-8.9348e-014	3.0439e-012	7.8810e-014	2.0034e-011	4.2919e-014	9.0835e-006	
"01.07.2024 16:42:21.399"	9.9904e-011	-8.5101e-014	3.0618e-012	7.7061e-014	2.0100e-011	4.3417e-014	9.0835e-006	
"01.07.2024 16:42:21.683"	1.0099e-010	-8.3274e-014	2.9849e-012	7.9638e-014	2.0544e-011	3.9091e-014	9.0835e-006	
"01.07.2024 16:42:21.966"	9.8668e-011	-8.8574e-014	3.0362e-012	7.9387e-014	2.0160e-011	4.3462e-014	9.0793e-006	
"01.07.2024 16:42:22.250"	9.9691e-011	-8.7339e-014	3.0778e-012	7.6208e-014	2.0010e-011	4.3209e-014	9.0793e-006	
"01.07.2024 16:42:22.533"	1.0084e-010	-8.8653e-014	2.9793e-012	7.6950e-014	2.0525e-011	3.9627e-014	9.0793e-006	
"01.07.2024 16:42:22.818"	9.8827e-011	-8.4108e-014	3.0228e-012	7.8803e-014	2.0288e-011	4.3348e-014	9.0793e-006	
"01.07.2024 16:42:23.101"	9.9643e-011	-8.4480e-014	3.0906e-012	7.5359e-014	1.9989e-011	4.2705e-014	9.0871e-006	
"01.07.2024 16:42:23.384"	1.0079e-010	-8.7720e-014	2.9726e-012	7.8594e-014	2.0412e-011	3.8161e-014	9.0871e-006	
"01.07.2024 16:42:23.668"	9.9139e-011	-8.6415e-014	3.0305e-012	7.6209e-014	2.0433e-011	4.3367e-014	9.0871e-006	
"01.07.2024 16:42:23.952"	9.9519e-011	-8.6556e-014	3.0875e-012	7.7291e-014	1.9950e-011	4.2523e-014	9.0871e-006	
"01.07.2024 16:42:24.235"	1.0065e-010	-8.9022e-014	2.9690e-012	7.8234e-014	2.0384e-011	4.1094e-014	9.0887e-006	
"01.07.2024 16:42:24.520"	9.9778e-011	-8.8937e-014	3.0193e-012	7.6504e-014	2.0591e-011	4.1748e-014	9.0887e-006	
"01.07.2024 16:42:24.803"	9.9450e-011	-8.7989e-014	3.0767e-012	7.5405e-014	1.9955e-011	4.3333e-014	9.0887e-006	
"01.07.2024 16:42:25.086"	1.0060e-010	-8.7409e-014	2.9587e-012	7.4494e-014	2.0362e-011	4.1708e-014	9.0887e-006	
"01.07.2024 16:42:25.370"	1.0026e-010	-8.7587e-014	3.0177e-012	7.6518e-014	2.0694e-011	4.0842e-014	9.0818e-006	
"01.07.2024 16:42:25.653"	9.9299e-011	-8.7068e-014	3.0711e-012	7.5328e-014	1.9936e-011	4.0474e-014	9.0818e-006	
"01.07.2024 16:42:25.937"	1.0042e-010	-8.5111e-014	2.9649e-012	7.7423e-014	2.0316e-011	4.0121e-014	9.0818e-006	
"01.07.2024 16:42:26.220"	1.0075e-010	-8.8810e-014	3.0106e-012	7.9410e-014	2.0753e-011	4.1399e-014	9.0818e-006	
"01.07.2024 16:42:26.504"	9.9255e-011	-8.8828e-014	3.0664e-012	7.6627e-014	1.9904e-011	4.2799e-014	9.0736e-006	
"01.07.2024 16:42:26.787"	1.0030e-010	-9.0677e-014	2.9700e-012	7.8121e-014	2.0275e-011	4.0459e-014	9.0736e-006	
