"Spectra International Data File"
"[Scan Data (Pressures in mbar)]"
"Time"	"Mass 2"	"Mass 8"	"Mass 4"	"Mass 12"	"Mass 40"	"Mass 44"	"CirrusPressure"		
"01.07.2024 14:15:28.923"	9.7249e-011	-8.6251e-014	5.8885e-012	7.4720e-014	2.0740e-011	6.3050e-014	8.5837e-006	
"01.07.2024 14:15:29.207"	9.5604e-011	-8.3693e-014	6.0085e-012	7.5194e-014	2.0670e-011	6.3930e-014	8.5837e-006	
"01.07.2024 14:15:29.490"	9.6090e-011	-8.5632e-014	6.1280e-012	7.3771e-014	2.0253e-011	6.4818e-014	8.5837e-006	
"01.07.2024 14:15:29.774"	9.7136e-011	-8.4536e-014	5.8901e-012	7.4032e-014	2.0709e-011	6.3927e-014	8.5837e-006	
"01.07.2024 14:15:30.057"	9.6020e-011	-8.4874e-014	6.0141e-012	7.6399e-014	2.0758e-011	6.1724e-014	8.5853e-006	
"01.07.2024 14:15:30.341"	9.6021e-011	-9.3117e-014	6.1091e-012	7.4089e-014	2.0146e-011	6.4578e-014	8.5853e-006	
"01.07.2024 14:15:30.624"	9.7041e-011	-8.5538e-014	5.8824e-012	7.3927e-014	2.0635e-011	6.2036e-014	8.5853e-006	
"01.07.2024 14:15:30.908"	9.6518e-011	-8.4971e-014	5.9840e-012	7.4774e-014	2.0888e-011	6.0054e-014	8.5853e-006	
"01.07.2024 14:15:31.191"	9.5877e-011	-8.4859e-014	6.1050e-012	7.6441e-014	2.0211e-011	6.3359e-014	8.5863e-006	
"01.07.2024 14:15:31.475"	9.6926e-011	-8.5924e-014	5.8926e-012	7.4312e-014	2.0580e-011	6.1909e-014	8.5863e-006	
"01.07.2024 14:15:31.758"	9.7025e-011	-8.7352e-014	5.9656e-012	7.2606e-014	2.0952e-011	5.9775e-014	8.5863e-006	
"01.07.2024 14:15:32.041"	9.5747e-011	-8.6729e-014	6.0923e-012	7.1712e-014	2.0169e-011	6.2737e-014	8.5863e-006	
"01.07.2024 14:15:32.325"	9.6912e-011	-8.8968e-014	5.8706e-012	7.2096e-014	2.0553e-011	6.1488e-014	8.5839e-006	
"01.07.2024 14:15:32.609"	9.7369e-011	-8.7477e-014	5.9676e-012	7.3080e-014	2.1008e-011	5.9474e-014	8.5839e-006	
"01.07.2024 14:15:32.892"	9.5768e-011	-8.5861e-014	6.0825e-012	7.3869e-014	2.0166e-011	6.2038e-014	8.5839e-006	
"01.07.2024 14:15:33.177"	9.6827e-011	-8.7707e-014	5.8762e-012	7.2522e-014	2.0556e-011	6.2884e-014	8.5839e-006	
"01.07.2024 14:15:33.460"	9.7533e-011	-8.5558e-014	5.9692e-012	7.1977e-014	2.1056e-011	5.9096e-014	8.5832e-006	
"01.07.2024 14:15:33.744"	9.5596e-011	-8.5577e-014	6.0677e-012	7.5559e-014	2.0206e-011	6.4731e-014	8.5832e-006	
"01.07.2024 14:15:34.027"	9.6676e-011	-8.3836e-014	5.9058e-012	7.6096e-014	2.0481e-011	6.1634e-014	8.5832e-006	
"01.07.2024 14:15:34.310"	9.7695e-011	-8.7347e-014	5.9595e-012	7.2799e-014	2.1014e-011	5.7742e-014	8.5826e-006	
"01.07.2024 14:15:34.594"	9.5523e-011	-8.6310e-014	6.0728e-012	7.4309e-014	2.0169e-011	6.3682e-014	8.5826e-006	
"01.07.2024 14:15:34.878"	9.6591e-011	-8.7527e-014	5.9488e-012	7.5085e-014	2.0462e-011	6.2254e-014	8.5826e-006	
"01.07.2024 14:15:35.162"	9.7641e-011	-8.8576e-014	5.9529e-012	7.4521e-014	2.0969e-011	5.8795e-014	8.5826e-006	
"01.07.2024 14:15:35.445"	9.5467e-011	-8.6981e-014	6.0688e-012	7.6311e-014	2.0180e-011	6.5145e-014	8.5819e-006	
"01.07.2024 14:15:35.728"	9.6540e-011	-8.4730e-014	5.9952e-012	7.4141e-014	2.0456e-011	6.0811e-014	8.5819e-006	
"01.07.2024 14:15:36.012"	9.7528e-011	-8.5882e-014	5.9207e-012	7.5436e-014	2.0955e-011	5.9972e-014	8.5819e-006	
"01.07.2024 14:15:36.295"	9.5292e-011	-8.4977e-014	6.0519e-012	7.1525e-014	2.0236e-011	6.3263e-014	8.5819e-006	
"01.07.2024 14:15:36.579"	9.6435e-011	-8.4379e-014	6.0524e-012	7.6138e-014	2.0391e-011	6.2864e-014	8.5796e-006	
"01.07.2024 14:15:36.863"	9.7464e-011	-8.9612e-014	5.9176e-012	7.4377e-014	2.0883e-011	6.0653e-014	8.5796e-006	
"01.07.2024 14:15:37.146"	9.5244e-011	-8.6278e-014	6.0443e-012	7.3839e-014	2.0310e-011	6.4167e-014	8.5796e-006	
"01.07.2024 14:15:37.429"	9.6327e-011	-8.6764e-014	6.0743e-012	7.3940e-014	2.0383e-011	6.3707e-014	8.5796e-006	
"01.07.2024 14:15:37.713"	9.7327e-011	-8.8002e-014	5.9105e-012	7.2954e-014	2.0879e-011	6.2404e-014	8.5861e-006	
"01.07.2024 14:15:37.996"	9.5194e-011	-8.9959e-014	6.0392e-012	7.2821e-014	2.0369e-011	6.3725e-014	8.5861e-006	
"01.07.2024 14:15:38.280"	9.6247e-011	-8.9443e-014	6.0953e-012	7.2952e-014	2.0318e-011	6.3299e-014	8.5861e-006	
"01.07.2024 14:15:38.563"	9.7329e-011	-8.4070e-014	5.8941e-012	7.5476e-014	2.0792e-011	6.1912e-014	8.5861e-006	
"01.07.2024 14:15:38.847"	9.5380e-011	-8.7452e-014	6.0152e-012	7.4821e-014	2.0584e-011	6.3346e-014	8.5815e-006	
"01.07.2024 14:15:39.130"	9.6097e-011	-8.7834e-014	6.1270e-012	7.2023e-014	2.0289e-011	6.3106e-014	8.5815e-006	
"01.07.2024 14:15:39.414"	9.7149e-011	-8.7426e-014	5.8778e-012	7.5408e-014	2.0743e-011	6.0936e-014	8.5815e-006	
"01.07.2024 14:15:39.697"	9.5766e-011	-8.8976e-014	5.9988e-012	7.5681e-014	2.0695e-011	6.3834e-014	8.5815e-006	
"01.07.2024 14:15:39.980"	9.6015e-011	-8.4670e-014	6.1076e-012	7.4642e-014	2.0248e-011	6.2672e-014	8.5833e-006	
"01.07.2024 14:15:40.264"	9.7026e-011	-8.4904e-014	5.8880e-012	7.5989e-014	2.0702e-011	6.2131e-014	8.5833e-006	
"01.07.2024 14:15:40.547"	9.6120e-011	-8.8731e-014	6.0126e-012	7.4531e-014	2.0866e-011	6.5003e-014	8.5833e-006	
"01.07.2024 14:15:40.831"	9.5905e-011	-8.4906e-014	6.0989e-012	7.5618e-014	2.0249e-011	6.1482e-014	8.5833e-006	
"01.07.2024 14:15:41.114"	9.6981e-011	-8.6340e-014	5.8722e-012	7.2213e-014	2.0693e-011	5.8317e-014	8.5830e-006	
"01.07.2024 14:15:41.398"	9.6594e-011	-8.6925e-014	5.9748e-012	7.5989e-014	2.0967e-011	6.1194e-014	8.5830e-006	
"01.07.2024 14:15:41.682"	9.5816e-011	-8.6490e-014	6.0989e-012	7.2988e-014	2.0227e-011	6.3056e-014	8.5830e-006	
"01.07.2024 14:15:41.965"	9.6881e-011	-8.6245e-014	5.8747e-012	7.5713e-014	2.0656e-011	6.1864e-014	8.5833e-006	
"01.07.2024 14:15:42.249"	9.7108e-011	-8.5839e-014	5.9794e-012	7.3953e-014	2.1012e-011	6.0001e-014	8.5833e-006	
"01.07.2024 14:15:42.532"	9.5726e-011	-8.8944e-014	6.0902e-012	7.0212e-014	2.0196e-011	6.3145e-014	8.5833e-006	
"01.07.2024 14:15:42.815"	9.6807e-011	-8.8048e-014	5.8920e-012	7.2431e-014	2.0599e-011	6.3623e-014	8.5833e-006	
"01.07.2024 14:15:43.099"	9.7414e-011	-8.7335e-014	5.9641e-012	7.3325e-014	2.1064e-011	5.9021e-014	8.5820e-006	
"01.07.2024 14:15:43.382"	9.5589e-011	-8.6345e-014	6.0739e-012	7.5868e-014	2.0195e-011	6.2151e-014	8.5820e-006	
"01.07.2024 14:15:43.666"	9.6680e-011	-8.9484e-014	5.9201e-012	7.3665e-014	2.0530e-011	6.0791e-014	8.5820e-006	
"01.07.2024 14:15:43.949"	9.7650e-011	-8.6879e-014	5.9534e-012	7.2440e-014	2.1026e-011	6.0019e-014	8.5820e-006	
"01.07.2024 14:15:44.233"	9.5545e-011	-8.2999e-014	6.0728e-012	7.2984e-014	2.0188e-011	6.1199e-014	8.5807e-006	
"01.07.2024 14:15:44.516"	9.6606e-011	-8.6062e-014	5.9426e-012	7.4049e-014	2.0509e-011	6.2170e-014	8.5807e-006	
"01.07.2024 14:15:44.800"	9.7588e-011	-8.9023e-014	5.9528e-012	7.2616e-014	2.0986e-011	5.8942e-014	8.5807e-006	
"01.07.2024 14:15:45.083"	9.5333e-011	-8.7837e-014	6.0483e-012	7.5632e-014	2.0220e-011	6.2834e-014	8.5807e-006	
"01.07.2024 14:15:45.367"	9.6441e-011	-8.8690e-014	6.0228e-012	7.4220e-014	2.0458e-011	6.1751e-014	8.5762e-006	
"01.07.2024 14:15:45.650"	9.7440e-011	-8.7265e-014	5.9355e-012	7.5468e-014	2.0926e-011	6.0122e-014	8.5762e-006	
"01.07.2024 14:15:45.934"	9.5251e-011	-8.9505e-014	6.0432e-012	7.3925e-014	2.0278e-011	6.1938e-014	8.5762e-006	
"01.07.2024 14:15:46.217"	9.6346e-011	-9.1307e-014	6.0586e-012	7.3966e-014	2.0436e-011	6.2367e-014	8.5762e-006	
"01.07.2024 14:15:46.501"	9.7436e-011	-8.8592e-014	5.9232e-012	7.5043e-014	2.0920e-011	6.1858e-014	8.5465e-006	
"01.07.2024 14:15:46.784"	9.5178e-011	-8.7284e-014	6.0263e-012	7.4996e-014	2.0395e-011	6.3861e-014	8.5465e-006	
"01.07.2024 14:15:47.068"	9.6268e-011	-8.5635e-014	6.0882e-012	7.2611e-014	2.0393e-011	6.3182e-014	8.5465e-006	
"01.07.2024 14:15:47.351"	9.7301e-011	-8.9874e-014	5.9110e-012	7.4952e-014	2.0824e-011	6.0413e-014	8.5465e-006	
"01.07.2024 14:15:47.634"	9.5206e-011	-8.6977e-014	6.0325e-012	7.6045e-014	2.0430e-011	6.3845e-014	8.5475e-006	
"01.07.2024 14:15:47.918"	9.6252e-011	-8.8091e-014	6.1096e-012	7.2554e-014	2.0299e-011	6.2535e-014	8.5475e-006	
"01.07.2024 14:15:48.202"	9.7235e-011	-8.5789e-014	5.9196e-012	6.8833e-014	2.0817e-011	6.1657e-014	8.5475e-006