"Spectra International Data File"
"[Scan Data (Pressures in mbar)]"
"Time"	"Mass 2"	"Mass 8"	"Mass 4"	"Mass 12"	"Mass 40"	"Mass 44"	"CirrusPressure"	
"01.07.2024 14:22:28.003"	1.1920e-010	-8.8560e-014	9.0134e-012	8.8822e-014	3.3093e-013	5.7926e-014	1.0287e-005	
"01.07.2024 14:22:28.287"	1.2051e-010	-8.5988e-014	8.4958e-012	9.2618e-014	3.3689e-013	5.9582e-014	1.0287e-005	
"01.07.2024 14:22:28.570"	1.2034e-010	-8.8083e-014	8.7727e-012	9.0526e-014	3.4515e-013	6.0820e-014	1.0287e-005	
"01.07.2024 14:22:28.853"	1.1884e-010	-8.5600e-014	8.9859e-012	9.0120e-014	3.3086e-013	5.6721e-014	1.0285e-005	
"01.07.2024 14:22:29.137"	1.2048e-010	-8.8631e-014	8.5383e-012	9.1716e-014	3.4077e-013	6.0568e-014	1.0285e-005	
"01.07.2024 14:22:29.421"	1.2051e-010	-8.7806e-014	8.7769e-012	8.9802e-014	3.4407e-013	5.9893e-014	1.0285e-005	
"01.07.2024 14:22:29.706"	1.1848e-010	-8.4530e-014	8.9410e-012	8.9788e-014	3.2544e-013	5.5123e-014	1.0286e-005	
"01.07.2024 14:22:29.989"	1.2048e-010	-8.7592e-014	8.5274e-012	9.2169e-014	3.3411e-013	5.8481e-014	1.0286e-005	
"01.07.2024 14:22:30.273"	1.2116e-010	-8.6947e-014	8.7651e-012	9.1581e-014	3.4324e-013	5.9487e-014	1.0286e-005	
"01.07.2024 14:22:30.556"	1.1818e-010	-8.8176e-014	8.9507e-012	8.9922e-014	3.2063e-013	5.4785e-014	1.0286e-005	
"01.07.2024 14:22:30.840"	1.2034e-010	-8.6369e-014	8.6319e-012	9.2549e-014	3.3093e-013	5.8058e-014	1.0294e-005	
"01.07.2024 14:22:31.123"	1.2146e-010	-8.8002e-014	8.7181e-012	9.1254e-014	3.3786e-013	5.8592e-014	1.0294e-005	
"01.07.2024 14:22:31.406"	1.1771e-010	-8.5952e-014	8.8895e-012	9.0248e-014	3.1828e-013	5.3636e-014	1.0294e-005	
"01.07.2024 14:22:31.690"	1.2001e-010	-8.7030e-014	8.7538e-012	9.2365e-014	3.2386e-013	5.6882e-014	1.0294e-005	
"01.07.2024 14:22:31.973"	1.2143e-010	-8.7589e-014	8.7202e-012	8.9788e-014	3.3272e-013	5.8335e-014	1.0282e-005	
"01.07.2024 14:22:32.257"	1.1753e-010	-8.5048e-014	8.8941e-012	8.9773e-014	3.2145e-013	5.2779e-014	1.0282e-005	
"01.07.2024 14:22:32.540"	1.2004e-010	-8.2840e-014	8.8278e-012	9.1236e-014	3.2450e-013	5.6219e-014	1.0282e-005	
"01.07.2024 14:22:32.824"	1.2123e-010	-8.4607e-014	8.7288e-012	9.0754e-014	3.6962e-013	6.8311e-014	1.0282e-005	
"01.07.2024 14:22:33.107"	1.1747e-010	-8.7910e-014	8.9038e-012	8.8923e-014	3.3369e-013	5.6684e-014	1.0290e-005	
"01.07.2024 14:22:33.392"	1.2000e-010	-8.5704e-014	8.8691e-012	9.2677e-014	3.3504e-013	5.8701e-014	1.0290e-005	
"01.07.2024 14:22:33.675"	1.2106e-010	-8.7658e-014	8.6467e-012	8.9587e-014	3.3771e-013	5.9713e-014	1.0290e-005	
"01.07.2024 14:22:33.958"	1.1725e-010	-8.8355e-014	9.0002e-012	8.8253e-014	1.9593e-012	8.7403e-014	1.0290e-005	
"01.07.2024 14:22:34.242"	1.1232e-010	-8.7435e-014	9.0358e-012	9.2338e-014	1.6387e-011	7.9180e-014	1.0287e-005	
"01.07.2024 14:22:34.526"	1.1021e-010	-8.5901e-014	7.1953e-012	7.4430e-014	2.3068e-011	5.8105e-014	1.0287e-005	
"01.07.2024 14:22:34.809"	1.0596e-010	-8.6609e-014	7.2861e-012	7.2196e-014	2.3820e-011	5.5155e-014	1.0287e-005	
"01.07.2024 14:22:35.094"	1.0739e-010	-8.5196e-014	7.4311e-012	7.5119e-014	2.4312e-011	5.3157e-014	1.0287e-005	
"01.07.2024 14:22:35.377"	1.0826e-010	-8.6208e-014	7.1642e-012	7.3586e-014	2.4204e-011	5.1944e-014	1.0103e-005	
"01.07.2024 14:22:35.661"	1.0568e-010	-8.4714e-014	7.2867e-012	7.3678e-014	2.3689e-011	5.0065e-014	1.0103e-005	
"01.07.2024 14:22:35.944"	1.0641e-010	-8.5601e-014	7.3336e-012	7.0865e-014	2.3727e-011	5.0185e-014	1.0103e-005	
"01.07.2024 14:22:36.227"	1.0679e-010	-8.7294e-014	6.9177e-012	7.2045e-014	2.4577e-011	4.7938e-014	9.9899e-006	
"01.07.2024 14:22:36.511"	1.0472e-010	-8.8365e-014	7.0673e-012	7.3588e-014	2.4563e-011	4.9597e-014	9.9899e-006	
"01.07.2024 14:22:36.794"	1.0474e-010	-9.0152e-014	7.1336e-012	7.4806e-014	2.3847e-011	4.9360e-014	9.9899e-006	
"01.07.2024 14:22:37.078"	1.0532e-010	-8.6190e-014	6.7646e-012	7.2845e-014	2.4328e-011	4.9666e-014	9.9899e-006	
"01.07.2024 14:22:37.361"	1.0409e-010	-8.4904e-014	6.9182e-012	7.2903e-014	2.4391e-011	4.8659e-014	9.8050e-006	
"01.07.2024 14:22:37.645"	1.0340e-010	-8.4914e-014	6.9779e-012	7.5186e-014	2.3379e-011	5.1272e-014	9.8050e-006	
"01.07.2024 14:22:37.928"	1.0402e-010	-8.7058e-014	6.6278e-012	7.5522e-014	2.3747e-011	5.0917e-014	9.8050e-006	
"01.07.2024 14:22:38.212"	1.0380e-010	-8.6169e-014	6.7044e-012	7.4015e-014	2.3956e-011	5.1048e-014	9.8050e-006	
"01.07.2024 14:22:38.495"	1.0150e-010	-8.5460e-014	6.7600e-012	7.2379e-014	2.2484e-011	5.6130e-014	9.6145e-006	
"01.07.2024 14:22:38.779"	1.0167e-010	-8.5684e-014	6.4036e-012	7.4309e-014	2.2492e-011	5.2629e-014	9.6145e-006	
"01.07.2024 14:22:39.062"	1.0156e-010	-8.5895e-014	6.3802e-012	7.7961e-014	2.2439e-011	5.2301e-014	9.6145e-006	
"01.07.2024 14:22:39.346"	9.8116e-011	-8.8869e-014	6.3419e-012	7.5386e-014	2.0981e-011	5.8612e-014	9.6145e-006	
"01.07.2024 14:22:39.630"	9.8333e-011	-8.7600e-014	6.1234e-012	7.5569e-014	2.0854e-011	5.9572e-014	9.2749e-006	
"01.07.2024 14:22:39.913"	9.8715e-011	-8.5955e-014	6.0498e-012	7.5600e-014	2.1095e-011	5.7605e-014	9.2749e-006	
"01.07.2024 14:22:40.197"	9.6025e-011	-8.6434e-014	6.1259e-012	7.3320e-014	2.0228e-011	6.1741e-014	9.2749e-006	
"01.07.2024 14:22:40.480"	9.6942e-011	-8.5932e-014	6.0570e-012	7.8189e-014	2.0344e-011	5.8000e-014	9.2749e-006	
"01.07.2024 14:22:40.764"	9.7818e-011	-8.7473e-014	5.9697e-012	7.4807e-014	2.0748e-011	5.7651e-014	8.8775e-006	
"01.07.2024 14:22:41.047"	9.5470e-011	-9.1582e-014	6.0621e-012	7.2588e-014	2.0143e-011	6.2009e-014	8.8775e-006	
"01.07.2024 14:22:41.331"	9.6509e-011	-8.7430e-014	6.0662e-012	7.6107e-014	2.0254e-011	6.1642e-014	8.8775e-006	
"01.07.2024 14:22:41.614"	9.7502e-011	-8.5343e-014	5.9309e-012	7.3572e-014	2.0686e-011	5.7421e-014	8.8775e-006	
"01.07.2024 14:22:41.897"	9.5304e-011	-8.5662e-014	6.0530e-012	7.3793e-014	2.0240e-011	6.0019e-014	8.7531e-006	
"01.07.2024 14:22:42.181"	9.6314e-011	-8.6301e-014	6.1254e-012	7.7598e-014	2.0185e-011	5.9582e-014	8.7531e-006	
"01.07.2024 14:22:42.464"	9.7385e-011	-8.9052e-014	5.9242e-012	7.4385e-014	2.0678e-011	5.8158e-014	8.7531e-006	
"01.07.2024 14:22:42.748"	9.5302e-011	-9.0399e-014	6.0315e-012	7.2843e-014	2.0378e-011	6.0453e-014	8.7531e-006	
"01.07.2024 14:22:43.031"	9.6146e-011	-8.7709e-014	6.1351e-012	7.4642e-014	2.0090e-011	6.3569e-014	8.6942e-006	
"01.07.2024 14:22:43.315"	9.7274e-011	-8.6175e-014	5.8824e-012	7.5567e-014	2.0636e-011	5.8087e-014	8.6942e-006	
"01.07.2024 14:22:43.599"	9.5542e-011	-8.5734e-014	6.0284e-012	7.5303e-014	2.0524e-011	6.2669e-014	8.6942e-006	
"01.07.2024 14:22:43.882"	9.6100e-011	-8.4918e-014	6.1188e-012	6.6292e-014	2.0115e-011	6.1924e-014	8.6768e-006	
"01.07.2024 14:22:44.165"	9.7152e-011	-8.7115e-014	5.8803e-012	7.1808e-014	2.0614e-011	5.8047e-014	8.6768e-006	
"01.07.2024 14:22:44.449"	9.5801e-011	-8.7824e-014	5.9922e-012	7.4518e-014	2.0624e-011	6.2254e-014	8.6768e-006	
"01.07.2024 14:22:44.733"	9.5982e-011	-8.7663e-014	6.1061e-012	7.5712e-014	2.0120e-011	6.1298e-014	8.6768e-006	
"01.07.2024 14:22:45.017"	9.7041e-011	-8.5799e-014	5.8870e-012	7.5969e-014	2.0563e-011	6.1628e-014	8.6499e-006	
"01.07.2024 14:22:45.300"	9.6478e-011	-8.5860e-014	5.9891e-012	7.3975e-014	2.0779e-011	5.8961e-014	8.6499e-006	
"01.07.2024 14:22:45.584"	9.5857e-011	-8.8256e-014	6.0994e-012	7.6019e-014	2.0062e-011	6.1714e-014	8.6499e-006	
"01.07.2024 14:22:45.867"	9.6901e-011	-8.3619e-014	5.8869e-012	7.5836e-014	2.0500e-011	6.0460e-014	8.6499e-006	
"01.07.2024 14:22:46.150"	9.6911e-011	-8.9856e-014	5.9896e-012	7.5731e-014	2.0868e-011	5.9315e-014	8.6520e-006	
"01.07.2024 14:22:46.434"	9.5785e-011	-8.6414e-014	6.0892e-012	7.3555e-014	2.0104e-011	5.9684e-014	8.6520e-006	
"01.07.2024 14:22:46.717"	9.6813e-011	-8.6943e-014	5.8773e-012	7.3778e-014	2.0477e-011	5.9098e-014	8.6520e-006	
"01.07.2024 14:22:47.001"	9.7394e-011	-8.5283e-014	5.9733e-012	7.5988e-014	2.0884e-011	5.8469e-014	8.6520e-006	
"01.07.2024 14:22:47.284"	9.5629e-011	-8.7386e-014	6.0877e-012	7.4033e-014	2.0058e-011	6.2198e-014	8.6339e-006	
"01.07.2024 14:22:47.568"	9.6702e-011	-8.5312e-014	5.8783e-012	7.3629e-014	2.0477e-011	6.0803e-014	8.6339e-006	
"01.07.2024 14:22:47.852"	9.7523e-011	-8.5805e-014	5.9574e-012	7.2052e-014	2.0972e-011	5.7268e-014	8.6339e-006	
"01.07.2024 14:22:48.135"	9.5495e-011	-8.3887e-014	6.0800e-012	7.5690e-014	2.0104e-011	6.1608e-014	8.6339e-006	
"01.07.2024 14:22:48.419"	9.6573e-011	-8.7571e-014	5.9171e-012	7.5106e-014	2.0427e-011	6.1267e-014	8.6155e-006	
"01.07.2024 14:22:48.702"	9.7596e-011	-8.5845e-014	5.9574e-012	7.4952e-014	2.0914e-011	5.6838e-014	8.6155e-006	
"01.07.2024 14:22:48.986"	9.5419e-011	-8.7301e-014	6.0499e-012	7.7153e-014	2.0149e-011	6.2353e-014	8.6155e-006	
"01.07.2024 14:22:49.269"	9.6469e-011	-8.2387e-014	5.9804e-012	7.4140e-014	2.0386e-011	6.1801e-014	8.6155e-006	
"01.07.2024 14:22:49.553"	9.7474e-011	-8.8777e-014	5.9381e-012	7.0089e-014	2.0887e-011	5.7869e-014	8.6170e-006	
"01.07.2024 14:22:49.836"	9.5270e-011	-8.7337e-014	6.0585e-012	7.1653e-014	2.0189e-011	6.1734e-014	8.6170e-006	
"01.07.2024 14:22:50.120"	9.6359e-011	-8.6742e-014	6.0161e-012	7.5279e-014	2.0339e-011	6.0664e-014	8.6170e-006	
"01.07.2024 14:22:50.403"	9.7435e-011	-8.9915e-014	5.9294e-012	7.3689e-014	2.0822e-011	5.7081e-014	8.6178e-006	
"01.07.2024 14:22:50.687"	9.5187e-011	-8.9331e-014	6.0315e-012	7.5065e-014	2.0219e-011	6.1815e-014	8.6178e-006	
"01.07.2024 14:22:50.970"	9.6270e-011	-8.5759e-014	6.0570e-012	7.7678e-014	2.0307e-011	6.0362e-014	8.6178e-006	
"01.07.2024 14:22:51.254"	9.7324e-011	-9.0988e-014	5.9135e-012	7.4406e-014	2.0782e-011	5.8528e-014	8.6178e-006	
"01.07.2024 14:22:51.537"	9.5091e-011	-8.4904e-014	6.0289e-012	7.7313e-014	2.0243e-011	6.0820e-014	8.6182e-006	
"01.07.2024 14:22:51.821"	9.6180e-011	-8.7344e-014	6.1040e-012	7.5455e-014	2.0238e-011	6.1027e-014	8.6182e-006	
"01.07.2024 14:22:52.104"	9.7211e-011	-8.6422e-014	5.9078e-012	7.3882e-014	2.0713e-011	5.8161e-014	8.6182e-006	
"01.07.2024 14:22:52.388"	9.5159e-011	-8.5903e-014	6.0146e-012	7.3258e-014	2.0391e-011	6.1769e-014	8.6182e-006	
"01.07.2024 14:22:52.671"	9.6109e-011	-8.7537e-014	6.1009e-012	7.7495e-014	2.0262e-011	6.1482e-014	8.5971e-006	
"01.07.2024 14:22:52.955"	9.7164e-011	-8.8966e-014	5.8778e-012	7.4423e-014	2.0756e-011	6.1096e-014	8.5971e-006	
"01.07.2024 14:22:53.238"	9.5484e-011	-8.5315e-014	6.0075e-012	7.4260e-014	2.0573e-011	6.0919e-014	8.5971e-006	
"01.07.2024 14:22:53.522"	9.5942e-011	-8.5508e-014	6.1106e-012	7.2155e-014	2.0181e-011	6.0588e-014	8.5971e-006	
"01.07.2024 14:22:53.805"	9.7088e-011	-8.2970e-014	5.8732e-012	7.7342e-014	2.0658e-011	6.0226e-014	8.5850e-006	
"01.07.2024 14:22:54.089"	9.5896e-011	-8.5231e-014	5.9794e-012	6.9313e-014	2.0746e-011	6.1047e-014	8.5850e-006	
"01.07.2024 14:22:54.372"	9.5923e-011	-8.7430e-014	6.1076e-012	7.3585e-014	2.0191e-011	6.1741e-014	8.5850e-006	
"01.07.2024 14:22:54.656"	9.6949e-011	-8.3866e-014	5.8803e-012	7.6711e-014	2.0656e-011	6.0408e-014	8.5850e-006	
"01.07.2024 14:22:54.940"	9.6190e-011	-8.9726e-014	5.9682e-012	7.6795e-014	2.0788e-011	5.9511e-014	8.5816e-006	
"01.07.2024 14:22:55.223"	9.5843e-011	-8.4836e-014	6.1086e-012	7.4000e-014	2.0138e-011	6.0866e-014	8.5816e-006	
"01.07.2024 14:22:55.507"	9.6858e-011	-8.8985e-014	5.8737e-012	7.1731e-014	2.0558e-011	5.8918e-014	8.5816e-006	
"01.07.2024 14:22:55.790"	9.6920e-011	-8.6829e-014	5.9600e-012	7.4323e-014	2.0955e-011	6.0144e-014	8.5816e-006	
"01.07.2024 14:22:56.073"	9.5688e-011	-8.5784e-014	6.1035e-012	7.4040e-014	2.0166e-011	6.3068e-014	8.5835e-006	
"01.07.2024 14:22:56.357"	9.6706e-011	-8.5958e-014	5.8691e-012	7.4416e-014	2.0549e-011	6.1018e-014	8.5835e-006	
"01.07.2024 14:22:56.640"	9.7181e-011	-8.8907e-014	5.9738e-012	7.5015e-014	2.0955e-011	5.9365e-014	8.5835e-006	
"01.07.2024 14:22:56.924"	9.5579e-011	-8.4900e-014	6.0759e-012	7.3601e-014	2.0097e-011	6.0650e-014	8.5835e-006	
"01.07.2024 14:22:57.208"	9.6639e-011	-8.8472e-014	5.8946e-012	7.4477e-014	2.0476e-011	5.8455e-014	8.5814e-006	
"01.07.2024 14:22:57.491"	9.7518e-011	-8.5964e-014	5.9651e-012	7.7287e-014	2.0949e-011	5.6919e-014	8.5814e-006	
"01.07.2024 14:22:57.775"	9.5435e-011	-8.9276e-014	6.0718e-012	7.6771e-014	2.0132e-011	6.1024e-014	8.5814e-006	
"01.07.2024 14:22:58.058"	9.6506e-011	-8.5547e-014	5.9523e-012	7.4331e-014	2.0465e-011	6.1046e-014	8.5801e-006	
"01.07.2024 14:22:58.341"	9.7491e-011	-8.7360e-014	5.9595e-012	7.5051e-014	2.0919e-011	5.7320e-014	8.5801e-006	
"01.07.2024 14:22:58.625"	9.5321e-011	-8.4187e-014	6.0453e-012	7.4564e-014	2.0154e-011	6.1719e-014	8.5801e-006	
"01.07.2024 14:22:58.908"	9.6385e-011	-8.4842e-014	5.9896e-012	7.1591e-014	2.0407e-011	6.1466e-014	8.5801e-006	
"01.07.2024 14:22:59.192"	9.7396e-011	-8.4818e-014	5.9247e-012	7.5153e-014	2.0870e-011	6.0207e-014	8.5826e-006	
"01.07.2024 14:22:59.475"	9.5265e-011	-8.4755e-014	6.0433e-012	7.5381e-014	2.0196e-011	6.4278e-014	8.5826e-006	
"01.07.2024 14:22:59.759"	9.6339e-011	-8.7395e-014	6.0166e-012	7.4822e-014	2.0371e-011	5.9965e-014	8.5826e-006	
"01.07.2024 14:23:00.043"	9.7389e-011	-8.5996e-014	5.9211e-012	7.4342e-014	2.0842e-011	6.0338e-014	8.5826e-006	
"01.07.2024 14:23:00.326"	9.5081e-011	-8.6740e-014	6.0346e-012	7.3681e-014	2.0289e-011	6.1778e-014	8.5824e-006	
"01.07.2024 14:23:00.610"	9.6173e-011	-8.6184e-014	6.0784e-012	7.3483e-014	2.0337e-011	5.9237e-014	8.5824e-006	
"01.07.2024 14:23:00.893"	9.7248e-011	-8.5744e-014	5.9125e-012	7.4604e-014	2.0801e-011	5.9858e-014	8.5824e-006	
"01.07.2024 14:23:01.177"	9.5056e-011	-8.5958e-014	6.0167e-012	7.4015e-014	2.0401e-011	6.0720e-014	8.5824e-006	
"01.07.2024 14:23:01.461"	9.6100e-011	-8.9874e-014	6.0927e-012	7.7577e-014	2.0328e-011	6.0551e-014	8.5842e-006	
"01.07.2024 14:23:01.744"	9.7141e-011	-8.3653e-014	5.8860e-012	7.4127e-014	2.0760e-011	6.0448e-014	8.5842e-006	
"01.07.2024 14:23:02.028"	9.5177e-011	-8.8172e-014	6.0111e-012	7.1345e-014	2.0454e-011	5.9561e-014	8.5842e-006	
"01.07.2024 14:23:02.311"	9.6059e-011	-8.7195e-014	6.1204e-012	7.6539e-014	2.0225e-011	6.0469e-014	8.5842e-006	
"01.07.2024 14:23:02.594"	9.7096e-011	-8.6091e-014	5.9099e-012	7.1783e-014	2.0719e-011	5.8916e-014	8.5837e-006	
"01.07.2024 14:23:02.878"	9.5689e-011	-8.8812e-014	5.9799e-012	7.3396e-014	2.0755e-011	5.7967e-014	8.5837e-006	
"01.07.2024 14:23:03.162"	9.5899e-011	-8.6258e-014	6.0937e-012	7.5830e-014	2.0240e-011	6.3051e-014	8.5837e-006	
"01.07.2024 14:23:03.445"	9.6998e-011	-8.6286e-014	5.8681e-012	6.7561e-014	2.0676e-011	5.9967e-014	8.5837e-006	
"01.07.2024 14:23:03.728"	9.6089e-011	-8.5621e-014	5.9835e-012	7.6572e-014	2.0836e-011	6.0182e-014	8.5844e-006	
"01.07.2024 14:23:04.012"	9.5736e-011	-8.5211e-014	6.0983e-012	7.5091e-014	2.0174e-011	6.2870e-014	8.5844e-006	
"01.07.2024 14:23:04.296"	9.6836e-011	-9.2225e-014	5.8537e-012	7.3511e-014	2.0650e-011	6.1013e-014	8.5844e-006	
"01.07.2024 14:23:04.579"	9.6566e-011	-8.8787e-014	5.9779e-012	7.4506e-014	2.0918e-011	5.9305e-014	8.5820e-006	
"01.07.2024 14:23:04.862"	9.5659e-011	-8.8530e-014	6.0881e-012	7.3054e-014	2.0182e-011	6.1530e-014	8.5820e-006	
"01.07.2024 14:23:05.146"	9.6701e-011	-8.8012e-014	5.8712e-012	7.7579e-014	2.0571e-011	5.9412e-014	8.5820e-006	
"01.07.2024 14:23:05.429"	9.7237e-011	-8.7395e-014	5.9575e-012	7.3938e-014	2.0952e-011	6.1981e-014	8.5820e-006	
"01.07.2024 14:23:05.713"	9.5546e-011	-8.4316e-014	6.0606e-012	7.4953e-014	2.0140e-011	6.1574e-014	8.5846e-006	
"01.07.2024 14:23:05.997"	9.6651e-011	-8.7914e-014	5.8824e-012	7.1947e-014	2.0524e-011	6.2467e-014	8.5846e-006	
"01.07.2024 14:23:06.280"	9.7487e-011	-8.3903e-014	5.9375e-012	7.2814e-014	2.0971e-011	5.9545e-014	8.5846e-006	
"01.07.2024 14:23:06.563"	9.5440e-011	-8.5520e-014	6.0759e-012	7.5088e-014	2.0166e-011	6.4308e-014	8.5846e-006	
"01.07.2024 14:23:06.847"	9.6522e-011	-8.5891e-014	5.9079e-012	7.2019e-014	2.0504e-011	6.1165e-014	8.5833e-006	
"01.07.2024 14:23:07.130"	9.7567e-011	-8.4713e-014	5.9304e-012	7.3871e-014	2.0976e-011	5.9259e-014	8.5833e-006	
"01.07.2024 14:23:07.414"	9.5302e-011	-8.3258e-014	6.0355e-012	7.6760e-014	2.0189e-011	6.2859e-014	8.5833e-006	
"01.07.2024 14:23:07.697"	9.6405e-011	-8.5218e-014	5.9763e-012	7.6185e-014	2.0449e-011	6.0331e-014	8.5833e-006	
"01.07.2024 14:23:07.981"	9.7442e-011	-8.9230e-014	5.9477e-012	7.3113e-014	2.0939e-011	5.8987e-014	8.5706e-006	
"01.07.2024 14:23:08.264"	9.5165e-011	-8.5489e-014	6.0473e-012	7.5291e-014	2.0200e-011	6.0936e-014	8.5706e-006	
"01.07.2024 14:23:08.547"	9.6323e-011	-8.5428e-014	6.0187e-012	7.8378e-014	2.0403e-011	6.1857e-014	8.5706e-006	
"01.07.2024 14:23:08.831"	9.7324e-011	-8.7757e-014	5.9090e-012	7.5431e-014	2.0892e-011	5.8646e-014	8.5706e-006	
"01.07.2024 14:23:09.114"	9.5111e-011	-8.3830e-014	6.0361e-012	7.4643e-014	2.0288e-011	6.1639e-014	8.5631e-006	
"01.07.2024 14:23:09.398"	9.6226e-011	-8.5525e-014	6.0494e-012	7.7721e-014	2.0401e-011	6.0092e-014	8.5631e-006	
"01.07.2024 14:23:09.682"	9.7293e-011	-8.8416e-014	5.9211e-012	7.4826e-014	2.0856e-011	5.8174e-014	8.5631e-006	
"01.07.2024 14:23:09.965"	9.5086e-011	-8.1738e-014	6.0141e-012	7.4750e-014	2.0388e-011	6.1494e-014	8.5631e-006	
"01.07.2024 14:23:10.249"	9.6148e-011	-8.7673e-014	6.0851e-012	7.2086e-014	2.0316e-011	6.0823e-014	8.5550e-006	
"01.07.2024 14:23:10.533"	9.7190e-011	-8.5773e-014	5.9120e-012	7.6363e-014	2.0821e-011	6.0060e-014	8.5550e-006	
"01.07.2024 14:23:10.816"	9.5158e-011	-8.8998e-014	5.9993e-012	7.2781e-014	2.0494e-011	6.1252e-014	8.5550e-006	
"01.07.2024 14:23:11.100"	9.6034e-011	-8.9331e-014	6.1116e-012	7.2648e-014	2.0323e-011	6.0287e-014	8.5550e-006	
"01.07.2024 14:23:11.383"	9.7095e-011	-8.7445e-014	5.8793e-012	7.2775e-014	2.0748e-011	5.9084e-014	8.5564e-006	
"01.07.2024 14:23:11.667"	9.5369e-011	-9.0256e-014	6.0034e-012	7.3625e-014	2.0638e-011	6.0083e-014	8.5564e-006	
"01.07.2024 14:23:11.950"	9.5919e-011	-8.3514e-014	6.1004e-012	7.5249e-014	2.0240e-011	6.3200e-014	8.5564e-006	
"01.07.2024 14:23:12.234"	9.6979e-011	-8.5441e-014	5.8783e-012	7.6150e-014	2.0708e-011	6.0357e-014	8.5547e-006	
"01.07.2024 14:23:12.517"	9.5792e-011	-8.4508e-014	6.0003e-012	7.2519e-014	2.0811e-011	6.2251e-014	8.5547e-006	
"01.07.2024 14:23:12.800"	9.5821e-011	-8.7353e-014	6.0754e-012	7.2492e-014	2.0234e-011	6.0752e-014	8.5547e-006	
"01.07.2024 14:23:13.084"	9.6890e-011	-8.8246e-014	5.8573e-012	7.3603e-014	2.0667e-011	6.1298e-014	8.5547e-006	
"01.07.2024 14:23:13.367"	9.6355e-011	-8.8383e-014	5.9707e-012	7.3765e-014	2.0854e-011	6.1566e-014	8.5561e-006	
"01.07.2024 14:23:13.651"	9.5734e-011	-8.7174e-014	6.0938e-012	6.7619e-014	2.0213e-011	6.0283e-014	8.5561e-006	
"01.07.2024 14:23:13.934"	9.6723e-011	-8.8331e-014	5.8839e-012	7.4271e-014	2.0611e-011	6.0061e-014	8.5561e-006	
"01.07.2024 14:23:14.218"	9.7008e-011	-8.3289e-014	5.9590e-012	7.4755e-014	2.0997e-011	6.0333e-014	8.5561e-006	
"01.07.2024 14:23:14.501"	9.5633e-011	-8.7593e-014	6.0759e-012	7.3151e-014	2.0216e-011	6.1865e-014	8.5520e-006	
"01.07.2024 14:23:14.785"	9.6666e-011	-8.4444e-014	5.8532e-012	7.5746e-014	2.0646e-011	6.0805e-014	8.5520e-006	
"01.07.2024 14:23:15.069"	9.7228e-011	-8.8402e-014	5.9534e-012	7.6183e-014	2.1069e-011	5.8782e-014	8.5520e-006	
"01.07.2024 14:23:15.353"	9.5528e-011	-8.6712e-014	6.0647e-012	7.4943e-014	2.0173e-011	6.2594e-014	8.5520e-006	
"01.07.2024 14:23:15.636"	9.6540e-011	-8.6097e-014	5.8977e-012	7.2411e-014	2.0545e-011	6.0905e-014	8.5514e-006	
"01.07.2024 14:23:15.920"	9.7473e-011	-8.8377e-014	5.9513e-012	7.2699e-014	2.1005e-011	5.8949e-014	8.5514e-006	
"01.07.2024 14:23:16.203"	9.5372e-011	-8.3861e-014	6.0499e-012	7.3994e-014	2.0163e-011	6.3438e-014	8.5514e-006	
"01.07.2024 14:23:16.487"	9.6486e-011	-9.0863e-014	5.9493e-012	6.8315e-014	2.0486e-011	6.1300e-014	8.5514e-006	
"01.07.2024 14:23:16.770"	9.7514e-011	-8.7472e-014	5.9284e-012	7.4549e-014	2.1000e-011	5.7315e-014	8.5522e-006	
"01.07.2024 14:23:17.054"	9.5261e-011	-8.5300e-014	6.0437e-012	7.6388e-014	2.0186e-011	6.2627e-014	8.5522e-006	
"01.07.2024 14:23:17.337"	9.6376e-011	-8.5294e-014	5.9794e-012	7.3869e-014	2.0450e-011	6.2206e-014	8.5522e-006	
"01.07.2024 14:23:17.621"	9.7329e-011	-8.6914e-014	5.9125e-012	7.3824e-014	2.0917e-011	6.2279e-014	8.5522e-006	
"01.07.2024 14:23:17.904"	9.5079e-011	-8.7545e-014	6.0300e-012	7.5967e-014	2.0290e-011	6.1518e-014	8.5556e-006	
"01.07.2024 14:23:18.188"	9.6170e-011	-8.5786e-014	6.0269e-012	7.1800e-014	2.0386e-011	6.1522e-014	8.5556e-006	
"01.07.2024 14:23:18.471"	9.7236e-011	-8.6464e-014	5.9181e-012	7.2014e-014	2.0861e-011	5.7863e-014	8.5556e-006	
"01.07.2024 14:23:18.755"	9.5047e-011	-8.8835e-014	6.0254e-012	7.3361e-014	2.0341e-011	6.2760e-014	8.5628e-006	
