"Spectra International Data File"
"[Scan Data (Pressures in mbar)]"
"Time"	"Mass 2"	"Mass 8"	"Mass 4"	"Mass 12"	"Mass 40"	"Mass 44"	"CirrusPressure"	
"01.07.2024 14:13:01.753"	1.2009e-010	-8.7118e-014	8.5508e-012	9.2268e-014	2.6277e-013	4.1418e-014	1.0285e-005	
"01.07.2024 14:13:02.037"	1.2131e-010	-8.8073e-014	8.7839e-012	9.0843e-014	2.7345e-013	4.2288e-014	1.0290e-005	
"01.07.2024 14:13:02.320"	1.1853e-010	-8.5679e-014	8.9833e-012	8.8605e-014	2.5890e-013	3.9594e-014	1.0290e-005	
"01.07.2024 14:13:02.604"	1.2017e-010	-8.7992e-014	8.6253e-012	9.2787e-014	2.6587e-013	4.0522e-014	1.0290e-005	
"01.07.2024 14:13:02.888"	1.2132e-010	-8.6216e-014	8.7293e-012	9.0483e-014	2.7291e-013	4.2207e-014	1.0279e-005	
"01.07.2024 14:13:03.171"	1.1801e-010	-8.5473e-014	8.9691e-012	8.9820e-014	2.5276e-013	3.9333e-014	1.0279e-005	
"01.07.2024 14:13:03.455"	1.2015e-010	-8.4353e-014	8.7202e-012	9.2028e-014	2.6203e-013	4.0940e-014	1.0279e-005	
"01.07.2024 14:13:03.739"	1.2132e-010	-8.7613e-014	8.7191e-012	9.1211e-014	2.6291e-013	4.0671e-014	1.0279e-005	
"01.07.2024 14:13:04.022"	1.1760e-010	-8.9402e-014	8.8834e-012	9.0470e-014	2.5430e-013	3.8318e-014	1.0278e-005	
"01.07.2024 14:13:04.306"	1.2001e-010	-8.8097e-014	8.8135e-012	9.1924e-014	2.5741e-013	3.9212e-014	1.0278e-005	
"01.07.2024 14:13:04.589"	1.2115e-010	-8.3393e-014	8.7120e-012	9.1554e-014	2.7651e-013	4.3335e-014	1.0278e-005	
"01.07.2024 14:13:04.873"	1.1752e-010	-8.8634e-014	8.9211e-012	8.9119e-014	2.5952e-013	3.9023e-014	1.0278e-005	
"01.07.2024 14:13:05.156"	1.1981e-010	-8.5470e-014	8.9073e-012	9.2358e-014	2.6136e-013	4.0333e-014	1.0282e-005	
"01.07.2024 14:13:05.440"	1.2104e-010	-8.9075e-014	8.6794e-012	9.0459e-014	2.6946e-013	4.2155e-014	1.0282e-005	
"01.07.2024 14:13:05.723"	1.1519e-010	-8.6901e-014	9.6161e-012	8.5429e-014	7.2101e-012	9.4546e-014	1.0282e-005	
"01.07.2024 14:13:06.007"	1.1055e-010	-8.6331e-014	8.1999e-012	6.9317e-014	1.9804e-011	7.0473e-014	1.0282e-005	
"01.07.2024 14:13:06.290"	1.0962e-010	-8.6248e-014	7.1086e-012	7.2781e-014	2.3751e-011	5.9572e-014	1.0201e-005	
"01.07.2024 14:13:06.574"	1.0589e-010	-8.6628e-014	7.3306e-012	7.2821e-014	2.4160e-011	5.8595e-014	1.0201e-005	
"01.07.2024 14:13:06.857"	1.0734e-010	-8.4013e-014	7.4668e-012	7.0694e-014	2.4098e-011	5.8402e-014	1.0201e-005	
"01.07.2024 14:13:07.141"	1.0842e-010	-8.7679e-014	7.1300e-012	7.3910e-014	2.3987e-011	5.3482e-014	1.0201e-005	
"01.07.2024 14:13:07.424"	1.0579e-010	-8.5129e-014	7.2616e-012	7.2667e-014	2.3913e-011	5.3483e-014	1.0063e-005	
"01.07.2024 14:13:07.708"	1.0629e-010	-8.9156e-014	7.3045e-012	7.0549e-014	2.3763e-011	5.0425e-014	1.0063e-005	
"01.07.2024 14:13:07.991"	1.0665e-010	-8.6889e-014	6.9289e-012	7.0697e-014	2.4590e-011	5.3321e-014	1.0063e-005	
"01.07.2024 14:13:08.275"	1.0497e-010	-8.2960e-014	7.0422e-012	7.2824e-014	2.4661e-011	4.9585e-014	1.0063e-005	
"01.07.2024 14:13:08.558"	1.0480e-010	-8.6814e-014	7.1514e-012	7.2560e-014	2.3771e-011	5.1830e-014	9.9310e-006	
"01.07.2024 14:13:08.842"	1.0543e-010	-8.7674e-014	6.7993e-012	7.4291e-014	2.4308e-011	5.2189e-014	9.9310e-006	
"01.07.2024 14:13:09.125"	1.0492e-010	-8.7276e-014	6.9197e-012	7.4728e-014	2.4595e-011	5.0019e-014	9.9310e-006	
"01.07.2024 14:13:09.408"	1.0373e-010	-8.5982e-014	7.0131e-012	7.1421e-014	2.3544e-011	5.2065e-014	9.9310e-006	
"01.07.2024 14:13:09.692"	1.0448e-010	-8.5676e-014	6.7028e-012	7.2358e-014	2.3977e-011	5.4505e-014	9.7651e-006	
"01.07.2024 14:13:09.975"	1.0472e-010	-8.6744e-014	6.8309e-012	7.2840e-014	2.4319e-011	5.2660e-014	9.7651e-006	
"01.07.2024 14:13:10.259"	1.0252e-010	-8.7256e-014	6.8728e-012	7.3800e-014	2.3038e-011	5.6854e-014	9.7651e-006	
"01.07.2024 14:13:10.542"	1.0322e-010	-8.7709e-014	6.6002e-012	7.4614e-014	2.3403e-011	5.5439e-014	9.6211e-006	
"01.07.2024 14:13:10.826"	1.0358e-010	-8.4964e-014	6.6247e-012	7.2842e-014	2.3585e-011	4.9914e-014	9.6211e-006	
"01.07.2024 14:13:11.109"	1.0058e-010	-8.4450e-014	6.6610e-012	7.5473e-014	2.2150e-011	5.7353e-014	9.6211e-006	
"01.07.2024 14:13:11.392"	1.0087e-010	-8.3439e-014	6.4282e-012	7.6578e-014	2.2121e-011	5.6861e-014	9.6211e-006	
"01.07.2024 14:13:11.676"	1.0097e-010	-8.6396e-014	6.2949e-012	7.6701e-014	2.2110e-011	5.6852e-014	9.3774e-006	
"01.07.2024 14:13:11.960"	9.7453e-011	-8.5914e-014	6.2990e-012	7.4721e-014	2.0829e-011	6.0952e-014	9.3774e-006	
"01.07.2024 14:13:12.243"	9.7883e-011	-8.4224e-014	6.2174e-012	7.5627e-014	2.0703e-011	5.9784e-014	9.3774e-006	
"01.07.2024 14:13:12.527"	9.8449e-011	-8.4973e-014	6.0187e-012	7.5967e-014	2.1023e-011	5.9680e-014	9.3774e-006	
"01.07.2024 14:13:12.810"	9.5833e-011	-8.8932e-014	6.1060e-012	7.5150e-014	2.0302e-011	6.1958e-014	8.9893e-006	
"01.07.2024 14:13:13.094"	9.6822e-011	-8.8506e-014	6.1315e-012	7.5594e-014	2.0290e-011	6.1226e-014	8.9893e-006	
"01.07.2024 14:13:13.377"	9.7795e-011	-8.6016e-014	5.9421e-012	7.5049e-014	2.0731e-011	6.1306e-014	8.9893e-006	
"01.07.2024 14:13:13.660"	9.5550e-011	-8.6828e-014	6.0677e-012	7.4389e-014	2.0401e-011	6.4029e-014	8.9893e-006	
"01.07.2024 14:13:13.944"	9.6470e-011	-8.6581e-014	6.1683e-012	7.1949e-014	2.0218e-011	6.2256e-014	8.7972e-006	
"01.07.2024 14:13:14.228"	9.7589e-011	-8.7544e-014	5.9313e-012	7.4428e-014	2.0693e-011	5.9438e-014	8.7972e-006	
"01.07.2024 14:13:14.511"	9.5787e-011	-8.9011e-014	6.0457e-012	7.3565e-014	2.0488e-011	6.2496e-014	8.7972e-006	
"01.07.2024 14:13:14.794"	9.6316e-011	-8.4303e-014	6.1591e-012	7.7238e-014	2.0139e-011	6.1150e-014	8.7972e-006	
"01.07.2024 14:13:15.078"	9.7374e-011	-8.6891e-014	5.9252e-012	7.2202e-014	2.0606e-011	6.1913e-014	8.7254e-006	
"01.07.2024 14:13:15.361"	9.6064e-011	-8.7469e-014	6.0243e-012	7.2656e-014	2.0605e-011	5.9954e-014	8.7254e-006	
"01.07.2024 14:13:15.645"	9.6213e-011	-8.6465e-014	6.1331e-012	7.4314e-014	2.0126e-011	6.2239e-014	8.7254e-006	
"01.07.2024 14:13:15.928"	9.7166e-011	-8.9182e-014	5.9191e-012	7.0560e-014	2.0549e-011	6.2011e-014	8.7254e-006	
"01.07.2024 14:13:16.212"	9.6555e-011	-8.5410e-014	6.0070e-012	7.6076e-014	2.0772e-011	6.1983e-014	8.6896e-006	
"01.07.2024 14:13:16.496"	9.6089e-011	-8.6112e-014	6.1290e-012	7.4530e-014	2.0129e-011	6.2317e-014	8.6896e-006	
"01.07.2024 14:13:16.779"	9.7105e-011	-8.6491e-014	5.9170e-012	7.5305e-014	2.0543e-011	6.1109e-014	8.6896e-006	
"01.07.2024 14:13:17.063"	9.6971e-011	-8.7260e-014	6.0008e-012	7.4135e-014	2.0873e-011	6.2131e-014	8.6617e-006	
"01.07.2024 14:13:17.346"	9.5985e-011	-8.9512e-014	6.1122e-012	7.3966e-014	2.0061e-011	6.3225e-014	8.6617e-006	
"01.07.2024 14:13:17.630"	9.7028e-011	-8.7172e-014	5.8982e-012	7.3963e-014	2.0544e-011	6.3572e-014	8.6617e-006	
"01.07.2024 14:13:17.913"	9.7396e-011	-8.9322e-014	5.9717e-012	7.0656e-014	2.0962e-011	6.2104e-014	8.6617e-006	
"01.07.2024 14:13:18.197"	9.5852e-011	-8.7134e-014	6.1106e-012	7.3776e-014	2.0115e-011	6.3461e-014	8.6508e-006	
"01.07.2024 14:13:18.480"	9.6919e-011	-8.7227e-014	5.8982e-012	7.3961e-014	2.0522e-011	6.2001e-014	8.6508e-006	
"01.07.2024 14:13:18.765"	9.7475e-011	-8.6850e-014	6.0013e-012	7.6777e-014	2.0934e-011	5.9892e-014	8.6508e-006	
"01.07.2024 14:13:19.048"	9.5739e-011	-8.7314e-014	6.0785e-012	7.4000e-014	2.0046e-011	6.3819e-014	8.6508e-006	
"01.07.2024 14:13:19.331"	9.6796e-011	-8.7495e-014	5.9324e-012	7.5079e-014	2.0458e-011	6.2113e-014	8.6506e-006	
"01.07.2024 14:13:19.615"	9.7704e-011	-8.7853e-014	5.9768e-012	7.6110e-014	2.0916e-011	5.8750e-014	8.6506e-006	
"01.07.2024 14:13:19.898"	9.5652e-011	-8.6926e-014	6.0846e-012	7.0581e-014	2.0062e-011	6.5481e-014	8.6506e-006	
"01.07.2024 14:13:20.182"	9.6730e-011	-8.7588e-014	5.9855e-012	7.5649e-014	2.0412e-011	6.3018e-014	8.6506e-006	
"01.07.2024 14:13:20.465"	9.7731e-011	-8.3498e-014	5.9610e-012	7.5805e-014	2.0924e-011	6.0422e-014	8.6225e-006	
"01.07.2024 14:13:20.749"	9.5495e-011	-8.7783e-014	6.0733e-012	7.2275e-014	2.0129e-011	6.4297e-014	8.6225e-006	
"01.07.2024 14:13:21.033"	9.6605e-011	-8.7969e-014	6.0212e-012	7.2239e-014	2.0367e-011	6.3324e-014	8.6225e-006	
"01.07.2024 14:13:21.316"	9.7695e-011	-8.4811e-014	5.9467e-012	7.7148e-014	2.0866e-011	6.2076e-014	8.6225e-006	
"01.07.2024 14:13:21.600"	9.5465e-011	-8.8379e-014	6.0810e-012	7.6133e-014	2.0145e-011	6.4496e-014	8.6180e-006	
"01.07.2024 14:13:21.883"	9.6545e-011	-8.4047e-014	6.0692e-012	7.5752e-014	2.0357e-011	6.3532e-014	8.6180e-006	
"01.07.2024 14:13:22.166"	9.7524e-011	-8.4985e-014	5.9451e-012	7.4759e-014	2.0817e-011	6.0530e-014	8.6180e-006	
"01.07.2024 14:13:22.450"	9.5329e-011	-8.6791e-014	6.0519e-012	7.2072e-014	2.0267e-011	6.3976e-014	8.6180e-006	
"01.07.2024 14:13:22.733"	9.6437e-011	-8.6651e-014	6.0825e-012	7.4038e-014	2.0295e-011	6.3386e-014	8.6185e-006	
"01.07.2024 14:13:23.017"	9.7462e-011	-8.6125e-014	5.9263e-012	7.5231e-014	2.0760e-011	6.2682e-014	8.6185e-006	
"01.07.2024 14:13:23.300"	9.5338e-011	-8.2403e-014	6.0422e-012	7.5979e-014	2.0391e-011	6.4694e-014	8.6185e-006	
"01.07.2024 14:13:23.584"	9.6350e-011	-8.9976e-014	6.1234e-012	6.6676e-014	2.0291e-011	6.2934e-014	8.6185e-006	
"01.07.2024 14:13:23.867"	9.7368e-011	-8.2238e-014	5.9211e-012	7.7241e-014	2.0756e-011	6.0450e-014	8.6173e-006	
"01.07.2024 14:13:24.151"	9.5499e-011	-8.3695e-014	6.0044e-012	7.6991e-014	2.0564e-011	6.4969e-014	8.6173e-006	
"01.07.2024 14:13:24.434"	9.6183e-011	-8.7335e-014	6.1270e-012	7.1769e-014	2.0221e-011	6.4917e-014	8.6173e-006	
"01.07.2024 14:13:24.718"	9.7286e-011	-8.5668e-014	5.9105e-012	7.5571e-014	2.0696e-011	6.2540e-014	8.6190e-006	
"01.07.2024 14:13:25.001"	9.5573e-011	-8.8230e-014	6.0417e-012	7.3413e-014	2.0595e-011	6.3640e-014	8.6190e-006	
"01.07.2024 14:13:25.286"	9.6122e-011	-8.3874e-014	6.1254e-012	7.3112e-014	2.0246e-011	6.4272e-014	8.6190e-006	
"01.07.2024 14:13:25.569"	9.7174e-011	-8.8807e-014	5.9002e-012	7.4897e-014	2.0685e-011	6.0286e-014	8.6190e-006	
"01.07.2024 14:13:25.852"	9.6251e-011	-8.4809e-014	5.9963e-012	7.3066e-014	2.0741e-011	6.1585e-014	8.6163e-006	
"01.07.2024 14:13:26.136"	9.5985e-011	-8.7239e-014	6.1285e-012	7.2247e-014	2.0162e-011	6.4746e-014	8.6163e-006	
"01.07.2024 14:13:26.419"	9.7054e-011	-8.6872e-014	5.8854e-012	7.5401e-014	2.0647e-011	6.2608e-014	8.6163e-006	
"01.07.2024 14:13:26.703"	9.6686e-011	-9.0114e-014	6.0008e-012	7.4899e-014	2.0913e-011	6.1822e-014	8.6163e-006	
"01.07.2024 14:13:26.986"	9.5871e-011	-8.5935e-014	6.0999e-012	7.4728e-014	2.0133e-011	6.2698e-014	8.5896e-006	
"01.07.2024 14:13:27.270"	9.6974e-011	-8.7062e-014	5.8798e-012	7.5002e-014	2.0581e-011	6.2199e-014	8.5896e-006	
"01.07.2024 14:13:27.553"	9.7093e-011	-8.6390e-014	5.9850e-012	7.8532e-014	2.0950e-011	6.0840e-014	8.5896e-006	
"01.07.2024 14:13:27.837"	9.5789e-011	-8.3936e-014	6.1060e-012	7.2496e-014	2.0121e-011	6.4794e-014	8.5896e-006	
"01.07.2024 14:13:28.120"	9.6817e-011	-8.6839e-014	5.8916e-012	7.2746e-014	2.0564e-011	6.3558e-014	8.5821e-006	
"01.07.2024 14:13:28.404"	9.7485e-011	-8.7714e-014	5.9804e-012	7.6316e-014	2.0996e-011	6.0481e-014	8.5821e-006	
"01.07.2024 14:13:28.687"	9.5671e-011	-8.7890e-014	6.0933e-012	7.3312e-014	2.0119e-011	6.2908e-014	8.5821e-006	
"01.07.2024 14:13:28.970"	9.6733e-011	-8.9811e-014	5.9293e-012	7.4594e-014	2.0492e-011	6.4019e-014	8.5821e-006	
"01.07.2024 14:13:29.254"	9.7634e-011	-8.4896e-014	5.9594e-012	7.9078e-014	2.0968e-011	5.9746e-014	8.5816e-006	
"01.07.2024 14:13:29.538"	9.5624e-011	-8.5600e-014	6.0892e-012	7.4659e-014	2.0153e-011	6.2406e-014	8.5816e-006	
"01.07.2024 14:13:29.821"	9.6675e-011	-8.5058e-014	5.9579e-012	7.4794e-014	2.0487e-011	6.2942e-014	8.5816e-006	
"01.07.2024 14:13:30.105"	9.7677e-011	-8.5470e-014	5.9462e-012	7.4369e-014	2.0950e-011	5.9302e-014	8.5816e-006	
"01.07.2024 14:13:30.388"	9.5484e-011	-8.7933e-014	6.0621e-012	7.5259e-014	2.0187e-011	6.4018e-014	8.5877e-006	
"01.07.2024 14:13:30.672"	9.6572e-011	-8.7617e-014	5.9911e-012	7.4122e-014	2.0423e-011	6.0574e-014	8.5877e-006	
"01.07.2024 14:13:30.955"	9.7621e-011	-8.8050e-014	5.9462e-012	7.4224e-014	2.0914e-011	5.9804e-014	8.5877e-006	
"01.07.2024 14:13:31.239"	9.5349e-011	-8.8388e-014	6.0560e-012	7.3606e-014	2.0233e-011	6.3876e-014	8.5815e-006	
"01.07.2024 14:13:31.522"	9.6453e-011	-8.7414e-014	6.0641e-012	7.5312e-014	2.0378e-011	6.3803e-014	8.5815e-006	
"01.07.2024 14:13:31.806"	9.7527e-011	-9.0845e-014	5.9355e-012	7.3910e-014	2.0873e-011	6.0102e-014	8.5815e-006	
"01.07.2024 14:13:32.089"	9.5254e-011	-8.2046e-014	6.0417e-012	7.6271e-014	2.0309e-011	6.2852e-014	8.5815e-006	
"01.07.2024 14:13:32.372"	9.6374e-011	-8.7500e-014	6.0937e-012	7.5256e-014	2.0352e-011	6.2774e-014	8.5813e-006	
"01.07.2024 14:13:32.656"	9.7445e-011	-8.3789e-014	5.9217e-012	7.2498e-014	2.0867e-011	6.0946e-014	8.5813e-006	
"01.07.2024 14:13:32.940"	9.5266e-011	-8.4353e-014	6.0350e-012	7.1871e-014	2.0352e-011	6.2772e-014	8.5813e-006	
"01.07.2024 14:13:33.223"	9.6311e-011	-8.5924e-014	6.1315e-012	7.1314e-014	2.0297e-011	6.2337e-014	8.5813e-006	
"01.07.2024 14:13:33.506"	9.7380e-011	-9.0575e-014	5.9216e-012	7.4646e-014	2.0775e-011	6.0876e-014	8.5817e-006	
"01.07.2024 14:13:33.791"	9.5320e-011	-8.6099e-014	6.0330e-012	6.4022e-014	2.0437e-011	6.4738e-014	8.5817e-006	
"01.07.2024 14:13:34.074"	9.6307e-011	-8.7397e-014	6.1127e-012	7.3392e-014	2.0316e-011	6.4634e-014	8.5817e-006	
"01.07.2024 14:13:34.358"	9.7296e-011	-8.4910e-014	5.9166e-012	7.5020e-014	2.0733e-011	6.1870e-014	8.5817e-006	
"01.07.2024 14:13:34.642"	9.5572e-011	-8.6902e-014	6.0223e-012	7.2795e-014	2.0614e-011	6.3201e-014	8.5840e-006	
"01.07.2024 14:13:34.925"	9.6035e-011	-8.7715e-014	6.1372e-012	7.4475e-014	2.0272e-011	6.4663e-014	8.5840e-006	
"01.07.2024 14:13:35.209"	9.7099e-011	-8.7586e-014	5.9089e-012	7.5116e-014	2.0752e-011	6.1925e-014	8.5840e-006	
"01.07.2024 14:13:35.492"	9.5906e-011	-8.4518e-014	6.0085e-012	7.7096e-014	2.0793e-011	6.3299e-014	8.5840e-006	
"01.07.2024 14:13:35.775"	9.6019e-011	-8.5972e-014	6.1162e-012	7.1461e-014	2.0259e-011	6.3783e-014	8.5823e-006	
"01.07.2024 14:13:36.059"	9.7095e-011	-9.1392e-014	5.8834e-012	7.5051e-014	2.0635e-011	6.0545e-014	8.5823e-006	
"01.07.2024 14:13:36.342"	9.6579e-011	-8.9009e-014	6.0085e-012	7.2725e-014	2.0881e-011	6.0463e-014	8.5823e-006	
"01.07.2024 14:13:36.626"	9.5877e-011	-8.5812e-014	6.1092e-012	7.6415e-014	2.0210e-011	6.3644e-014	8.5823e-006	
"01.07.2024 14:13:36.909"	9.7005e-011	-8.6872e-014	5.8793e-012	7.6263e-014	2.0669e-011	6.2534e-014	8.5776e-006	
"01.07.2024 14:13:37.193"	9.6977e-011	-8.6531e-014	5.9927e-012	7.8273e-014	2.0975e-011	6.2026e-014	8.5776e-006	
"01.07.2024 14:13:37.476"	9.5794e-011	-8.5474e-014	6.0922e-012	7.6723e-014	2.0189e-011	6.3556e-014	8.5776e-006	
"01.07.2024 14:13:37.760"	9.6796e-011	-8.7828e-014	5.8956e-012	7.3283e-014	2.0566e-011	6.3484e-014	8.5806e-006	
"01.07.2024 14:13:38.043"	9.7403e-011	-8.7019e-014	5.9763e-012	7.2994e-014	2.1004e-011	6.1854e-014	8.5806e-006	
"01.07.2024 14:13:38.326"	9.5675e-011	-8.6918e-014	6.1019e-012	7.5406e-014	2.0181e-011	6.2833e-014	8.5806e-006	
"01.07.2024 14:13:38.610"	9.6737e-011	-8.5449e-014	5.9329e-012	7.1929e-014	2.0476e-011	6.2505e-014	8.5806e-006	
"01.07.2024 14:13:38.894"	9.7692e-011	-9.0920e-014	5.9503e-012	7.4418e-014	2.0978e-011	5.8562e-014	8.5837e-006	
"01.07.2024 14:13:39.177"	9.5623e-011	-8.8306e-014	6.0881e-012	7.0707e-014	2.0193e-011	6.1565e-014	8.5837e-006	
"01.07.2024 14:13:39.461"	9.6611e-011	-8.6029e-014	5.9564e-012	7.2939e-014	2.0506e-011	6.3783e-014	8.5837e-006	
"01.07.2024 14:13:39.744"	9.7649e-011	-8.6912e-014	5.9493e-012	7.3012e-014	2.0996e-011	6.0903e-014	8.5837e-006	
"01.07.2024 14:13:40.028"	9.5387e-011	-8.6101e-014	6.0656e-012	7.5411e-014	2.0213e-011	6.4156e-014	8.5487e-006	
"01.07.2024 14:13:40.311"	9.6564e-011	-8.3807e-014	5.9926e-012	7.5200e-014	2.0460e-011	6.2452e-014	8.5487e-006	
"01.07.2024 14:13:40.595"	9.7572e-011	-8.6012e-014	5.9283e-012	7.4140e-014	2.0930e-011	6.2274e-014	8.5487e-006	
"01.07.2024 14:13:40.878"	9.5317e-011	-8.4923e-014	6.0560e-012	7.3776e-014	2.0265e-011	6.3477e-014	8.5487e-006	
"01.07.2024 14:13:41.161"	9.6449e-011	-8.8501e-014	6.0468e-012	7.2458e-014	2.0441e-011	6.1300e-014	8.5535e-006	
"01.07.2024 14:13:41.445"	9.7458e-011	-8.6869e-014	5.9385e-012	7.7560e-014	2.0887e-011	5.8798e-014	8.5535e-006	
"01.07.2024 14:13:41.728"	9.5267e-011	-8.5820e-014	6.0443e-012	7.4980e-014	2.0319e-011	6.3595e-014	8.5535e-006	
"01.07.2024 14:13:42.012"	9.6288e-011	-8.8199e-014	6.1101e-012	7.5167e-014	2.0371e-011	6.3039e-014	8.5535e-006	
"01.07.2024 14:13:42.295"	9.7385e-011	-8.5930e-014	5.9278e-012	7.6569e-014	2.0853e-011	6.2177e-014	8.5478e-006	
"01.07.2024 14:13:42.579"	9.5250e-011	-8.7208e-014	6.0273e-012	7.4779e-014	2.0408e-011	6.2385e-014	8.5478e-006	
"01.07.2024 14:13:42.862"	9.6242e-011	-8.7871e-014	6.1453e-012	7.4745e-014	2.0305e-011	6.1592e-014	8.5478e-006	
"01.07.2024 14:13:43.145"	9.7251e-011	-8.5631e-014	5.9074e-012	7.4527e-014	2.0859e-011	6.2715e-014	8.5478e-006	
"01.07.2024 14:13:43.429"	9.5343e-011	-8.5149e-014	6.0279e-012	7.2698e-014	2.0569e-011	6.3972e-014	8.5495e-006	
"01.07.2024 14:13:43.713"	9.6150e-011	-8.6371e-014	6.1178e-012	7.1773e-014	2.0305e-011	6.3306e-014	8.5495e-006	
"01.07.2024 14:13:43.996"	9.7210e-011	-8.7321e-014	5.8941e-012	7.1939e-014	2.0781e-011	6.0112e-014	8.5495e-006	
"01.07.2024 14:13:44.281"	9.5550e-011	-8.6788e-014	5.9983e-012	7.5470e-014	2.0681e-011	6.3185e-014	8.5495e-006	
"01.07.2024 14:13:44.564"	9.6062e-011	-8.3790e-014	6.1325e-012	7.4240e-014	2.0292e-011	6.4866e-014	8.5512e-006	
"01.07.2024 14:13:44.848"	9.7171e-011	-8.4788e-014	5.8890e-012	7.6650e-014	2.0717e-011	6.3010e-014	8.5512e-006	
"01.07.2024 14:13:45.131"	9.6209e-011	-8.5280e-014	6.0095e-012	7.2265e-014	2.0856e-011	6.2851e-014	8.5512e-006	
"01.07.2024 14:13:45.415"	9.5952e-011	-8.6970e-014	6.1039e-012	7.5300e-014	2.0265e-011	6.5151e-014	8.5514e-006	
"01.07.2024 14:13:45.698"	9.7018e-011	-8.7904e-014	5.8885e-012	7.6071e-014	2.0701e-011	6.3184e-014	8.5514e-006	
"01.07.2024 14:13:45.981"	9.6618e-011	-8.7314e-014	5.9962e-012	7.2305e-014	2.0901e-011	6.3589e-014	8.5514e-006	
"01.07.2024 14:13:46.265"	9.5782e-011	-8.7833e-014	6.0902e-012	6.9921e-014	2.0225e-011	6.4367e-014	8.5514e-006	
"01.07.2024 14:13:46.548"	9.6899e-011	-8.9018e-014	5.8798e-012	7.6486e-014	2.0663e-011	6.1765e-014	8.5532e-006	
"01.07.2024 14:13:46.832"	9.7012e-011	-8.7700e-014	5.9763e-012	7.1435e-014	2.1014e-011	6.0170e-014	8.5532e-006	
"01.07.2024 14:13:47.116"	9.5771e-011	-8.5774e-014	6.0917e-012	7.5463e-014	2.0152e-011	5.9661e-014	8.5532e-006	
"01.07.2024 14:13:47.399"	9.6844e-011	-8.7827e-014	5.8758e-012	7.7444e-014	2.0583e-011	6.0590e-014	8.5532e-006	
"01.07.2024 14:13:47.683"	9.7363e-011	-8.2774e-014	5.9707e-012	7.3487e-014	2.1071e-011	6.0400e-014	8.5611e-006	
"01.07.2024 14:13:47.967"	9.5611e-011	-8.5434e-014	6.0846e-012	7.4893e-014	2.0227e-011	6.2213e-014	8.5611e-006	
"01.07.2024 14:13:48.251"	9.6734e-011	-8.6359e-014	5.9064e-012	7.1735e-014	2.0593e-011	6.1915e-014	8.5611e-006	
"01.07.2024 14:13:48.534"	9.7505e-011	-8.7042e-014	5.9763e-012	7.5876e-014	2.1060e-011	6.0129e-014	8.5611e-006	
"01.07.2024 14:13:48.818"	9.5566e-011	-8.6307e-014	6.0856e-012	7.3038e-014	2.0198e-011	6.2635e-014	8.5611e-006	
"01.07.2024 14:13:49.102"	9.6690e-011	-8.6810e-014	5.9191e-012	7.3466e-014	2.0552e-011	6.1800e-014	8.5611e-006	
"01.07.2024 14:13:49.385"	9.7645e-011	-8.5440e-014	5.9676e-012	7.3797e-014	2.0993e-011	5.9545e-014	8.5611e-006	
"01.07.2024 14:13:49.669"	9.5496e-011	-8.9350e-014	6.0698e-012	7.4381e-014	2.0216e-011	6.4601e-014	8.5611e-006	
"01.07.2024 14:13:49.952"	9.6578e-011	-9.1115e-014	5.9890e-012	7.3332e-014	2.0476e-011	6.2557e-014	8.5654e-006	
"01.07.2024 14:13:50.236"	9.7576e-011	-8.9578e-014	5.9252e-012	7.4809e-014	2.0996e-011	5.9349e-014	8.5654e-006	
"01.07.2024 14:13:50.519"	9.5349e-011	-8.4291e-014	6.0723e-012	7.4571e-014	2.0267e-011	6.2129e-014	8.5654e-006	
"01.07.2024 14:13:50.803"	9.6464e-011	-8.5775e-014	6.0130e-012	7.4069e-014	2.0461e-011	6.2619e-014	8.5654e-006	
"01.07.2024 14:13:51.086"	9.7487e-011	-8.5232e-014	5.9222e-012	7.5543e-014	2.0945e-011	5.9538e-014	8.5487e-006	
"01.07.2024 14:13:51.370"	9.5210e-011	-8.6380e-014	6.0621e-012	7.2591e-014	2.0346e-011	6.4409e-014	8.5487e-006	
"01.07.2024 14:13:51.653"	9.6405e-011	-8.6991e-014	6.0605e-012	7.4282e-014	2.0426e-011	6.2621e-014	8.5487e-006	
"01.07.2024 14:13:51.936"	9.7438e-011	-8.8343e-014	5.9165e-012	7.5242e-014	2.0871e-011	6.0205e-014	8.5468e-006	
"01.07.2024 14:13:52.220"	9.5223e-011	-8.3301e-014	6.0447e-012	7.4360e-014	2.0375e-011	6.5049e-014	8.5468e-006	
"01.07.2024 14:13:52.504"	9.6303e-011	-8.6174e-014	6.0973e-012	7.7357e-014	2.0377e-011	6.4484e-014	8.5468e-006	
"01.07.2024 14:13:52.787"	9.7321e-011	-8.6845e-014	5.9278e-012	7.6045e-014	2.0890e-011	6.1806e-014	8.5468e-006	
"01.07.2024 14:13:53.071"	9.5268e-011	-8.4885e-014	6.0192e-012	7.3856e-014	2.0508e-011	6.5699e-014	8.5474e-006	
"01.07.2024 14:13:53.354"	9.6231e-011	-8.7873e-014	6.1162e-012	7.7369e-014	2.0326e-011	6.3862e-014	8.5474e-006	
"01.07.2024 14:13:53.638"	9.7275e-011	-8.7333e-014	5.9166e-012	7.5820e-014	2.0795e-011	6.2192e-014	8.5474e-006	
"01.07.2024 14:13:53.921"	9.5336e-011	-8.7440e-014	6.0023e-012	7.4589e-014	2.0579e-011	6.1004e-014	8.5474e-006	
"01.07.2024 14:13:54.205"	9.6100e-011	-9.0612e-014	6.1351e-012	7.3735e-014	2.0315e-011	6.4545e-014	8.5448e-006	
"01.07.2024 14:13:54.489"	9.7122e-011	-8.5274e-014	5.8854e-012	7.5458e-014	2.0759e-011	6.1946e-014	8.5448e-006	
"01.07.2024 14:13:54.772"	9.5717e-011	-8.5405e-014	6.0254e-012	7.4720e-014	2.0709e-011	6.2701e-014	8.5448e-006	
"01.07.2024 14:13:55.056"	9.6014e-011	-8.4182e-014	6.1234e-012	7.6512e-014	2.0291e-011	6.2300e-014	8.5448e-006	
"01.07.2024 14:13:55.339"	9.7089e-011	-8.6407e-014	5.8839e-012	7.4188e-014	2.0736e-011	6.0699e-014	8.5451e-006	
"01.07.2024 14:13:55.623"	9.6353e-011	-8.7389e-014	6.0131e-012	7.6427e-014	2.0922e-011	6.1589e-014	8.5451e-006	
"01.07.2024 14:13:55.906"	9.5922e-011	-8.7833e-014	6.0937e-012	7.3636e-014	2.0291e-011	6.2832e-014	8.5451e-006	
"01.07.2024 14:13:56.189"	9.6940e-011	-8.7108e-014	5.8895e-012	7.0920e-014	2.0686e-011	6.0592e-014	8.5451e-006	
"01.07.2024 14:13:56.473"	9.6763e-011	-9.0736e-014	5.9712e-012	7.6589e-014	2.1003e-011	6.0854e-014	8.5468e-006	
"01.07.2024 14:13:56.756"	9.5802e-011	-8.6964e-014	6.1055e-012	7.1643e-014	2.0250e-011	6.3507e-014	8.5468e-006	
"01.07.2024 14:13:57.040"	9.6848e-011	-8.7915e-014	5.8762e-012	7.5474e-014	2.0658e-011	6.2169e-014	8.5468e-006	
"01.07.2024 14:13:57.324"	9.7131e-011	-8.6177e-014	5.9896e-012	7.3076e-014	2.1066e-011	6.2108e-014	8.5468e-006	
"01.07.2024 14:13:57.607"	9.5712e-011	-8.5843e-014	6.0877e-012	7.4528e-014	2.0228e-011	6.3271e-014	8.5486e-006	
"01.07.2024 14:13:57.891"	9.6771e-011	-9.0333e-014	5.8976e-012	7.8419e-014	2.0602e-011	6.4661e-014	8.5486e-006	
"01.07.2024 14:13:58.174"	9.7562e-011	-8.5409e-014	5.9635e-012	7.3791e-014	2.1069e-011	6.1066e-014	8.5486e-006	
"01.07.2024 14:13:58.457"	9.5605e-011	-8.6949e-014	6.0851e-012	7.4625e-014	2.0178e-011	6.4730e-014	8.5469e-006	
"01.07.2024 14:13:58.741"	9.6751e-011	-8.5374e-014	5.9303e-012	7.3928e-014	2.0569e-011	6.0323e-014	8.5469e-006	
"01.07.2024 14:13:59.024"	9.7669e-011	-8.8802e-014	5.9625e-012	7.3035e-014	2.1048e-011	5.8732e-014	8.5469e-006	
"01.07.2024 14:13:59.309"	9.5505e-011	-8.5822e-014	6.0728e-012	7.5300e-014	2.0193e-011	6.3753e-014	8.5469e-006	
"01.07.2024 14:13:59.592"	9.6598e-011	-8.7448e-014	5.9411e-012	7.3057e-014	2.0520e-011	6.1696e-014	8.5483e-006	
"01.07.2024 14:13:59.875"	9.7627e-011	-8.9050e-014	5.9538e-012	7.6619e-014	2.1028e-011	6.1302e-014	8.5483e-006	
"01.07.2024 14:14:00.160"	9.5435e-011	-8.6016e-014	6.0729e-012	7.3836e-014	2.0224e-011	6.2845e-014	8.5483e-006	
"01.07.2024 14:14:00.443"	9.6463e-011	-8.4675e-014	6.0212e-012	7.5811e-014	2.0484e-011	6.1219e-014	8.5483e-006	
"01.07.2024 14:14:00.727"	9.7509e-011	-8.6912e-014	5.9401e-012	7.6138e-014	2.0981e-011	6.1195e-014	8.5461e-006	
"01.07.2024 14:14:01.010"	9.5312e-011	-8.4976e-014	6.0422e-012	7.3784e-014	2.0323e-011	6.2946e-014	8.5461e-006	
"01.07.2024 14:14:01.293"	9.6389e-011	-8.6222e-014	6.0575e-012	7.4952e-014	2.0459e-011	6.2563e-014	8.5461e-006	
"01.07.2024 14:14:01.577"	9.7502e-011	-8.7994e-014	5.9268e-012	7.3998e-014	2.0944e-011	6.0609e-014	8.5461e-006	
"01.07.2024 14:14:01.862"	9.5267e-011	-8.6095e-014	6.0427e-012	7.5164e-014	2.0345e-011	6.3436e-014	8.5506e-006	
"01.07.2024 14:14:02.145"	9.6391e-011	-8.9299e-014	6.0555e-012	7.4855e-014	2.0433e-011	6.3174e-014	8.5506e-006	
"01.07.2024 14:14:02.429"	9.7390e-011	-8.6010e-014	5.9202e-012	7.5851e-014	2.0923e-011	5.9431e-014	8.5506e-006	
"01.07.2024 14:14:02.713"	9.5201e-011	-8.7237e-014	6.0299e-012	7.3063e-014	2.0440e-011	6.1184e-014	8.5506e-006	
"01.07.2024 14:14:02.996"	9.6251e-011	-8.7839e-014	6.0917e-012	7.5057e-014	2.0427e-011	6.0621e-014	8.5455e-006	
"01.07.2024 14:14:03.280"	9.7290e-011	-8.5078e-014	5.9278e-012	7.3339e-014	2.0871e-011	6.2242e-014	8.5455e-006	
"01.07.2024 14:14:03.563"	9.5199e-011	-8.4586e-014	6.0248e-012	7.1778e-014	2.0531e-011	6.2443e-014	8.5455e-006	
"01.07.2024 14:14:03.847"	9.6137e-011	-8.6918e-014	6.1203e-012	7.9220e-014	2.0373e-011	6.4286e-014	8.5455e-006	
"01.07.2024 14:14:04.130"	9.7218e-011	-8.4854e-014	5.8910e-012	7.6392e-014	2.0840e-011	6.3173e-014	8.5445e-006	
"01.07.2024 14:14:04.414"	9.5443e-011	-8.7764e-014	6.0197e-012	7.5509e-014	2.0652e-011	6.4467e-014	8.5445e-006	
"01.07.2024 14:14:04.697"	9.6083e-011	-8.3878e-014	6.1157e-012	7.3186e-014	2.0335e-011	6.3732e-014	8.5445e-006	
"01.07.2024 14:14:04.981"	9.7101e-011	-8.5111e-014	5.8793e-012	7.8660e-014	2.0794e-011	6.1890e-014	8.5445e-006	
"01.07.2024 14:14:05.264"	9.5750e-011	-9.0049e-014	6.0233e-012	7.5086e-014	2.0764e-011	6.1258e-014	8.5464e-006	
"01.07.2024 14:14:05.548"	9.6035e-011	-8.5913e-014	6.1019e-012	7.4834e-014	2.0273e-011	6.5254e-014	8.5464e-006	
"01.07.2024 14:14:05.831"	9.7069e-011	-8.5455e-014	5.8982e-012	7.2958e-014	2.0739e-011	6.3552e-014	8.5464e-006	
"01.07.2024 14:14:06.115"	9.6182e-011	-8.5380e-014	5.9963e-012	7.6620e-014	2.0934e-011	6.2841e-014	8.5465e-006	
"01.07.2024 14:14:06.399"	9.5890e-011	-8.8408e-014	6.1065e-012	7.6966e-014	2.0283e-011	6.5557e-014	8.5465e-006	
"01.07.2024 14:14:06.682"	9.6998e-011	-8.7830e-014	5.8772e-012	7.3785e-014	2.0722e-011	6.0932e-014	8.5465e-006	
"01.07.2024 14:14:06.965"	9.6812e-011	-8.5766e-014	5.9799e-012	7.2173e-014	2.1041e-011	6.2032e-014	8.5465e-006	
"01.07.2024 14:14:07.249"	9.5771e-011	-8.9093e-014	6.1024e-012	7.5434e-014	2.0244e-011	6.2933e-014	8.5470e-006	
"01.07.2024 14:14:07.532"	9.6872e-011	-8.8764e-014	5.8778e-012	7.5456e-014	2.0693e-011	6.0846e-014	8.5470e-006	
"01.07.2024 14:14:07.816"	9.7259e-011	-8.7090e-014	5.9636e-012	7.4560e-014	2.1111e-011	5.9716e-014	8.5470e-006	
"01.07.2024 14:14:08.099"	9.5667e-011	-8.3793e-014	6.0657e-012	7.3888e-014	2.0256e-011	6.3784e-014	8.5470e-006	
"01.07.2024 14:14:08.383"	9.6731e-011	-8.7071e-014	5.8967e-012	7.4084e-014	2.0615e-011	6.3476e-014	8.5446e-006	
"01.07.2024 14:14:08.666"	9.7539e-011	-8.7407e-014	5.9584e-012	7.6047e-014	2.1087e-011	6.0119e-014	8.5446e-006	
"01.07.2024 14:14:08.950"	9.5654e-011	-8.3401e-014	6.0708e-012	7.3361e-014	2.0247e-011	6.5873e-014	8.5446e-006	
"01.07.2024 14:14:09.234"	9.6708e-011	-8.6379e-014	5.9206e-012	7.2540e-014	2.0577e-011	6.3168e-014	8.5446e-006	
"01.07.2024 14:14:09.517"	9.7617e-011	-8.7556e-014	5.9437e-012	7.5930e-014	2.1126e-011	5.8663e-014	8.5448e-006	
"01.07.2024 14:14:09.801"	9.5505e-011	-8.6839e-014	6.0508e-012	7.3476e-014	2.0260e-011	6.4422e-014	8.5448e-006	
"01.07.2024 14:14:10.084"	9.6582e-011	-8.9279e-014	5.9697e-012	7.4677e-014	2.0532e-011	6.1152e-014	8.5448e-006	
"01.07.2024 14:14:10.367"	9.7570e-011	-8.8942e-014	5.9569e-012	7.4396e-014	2.1019e-011	6.1578e-014	8.5448e-006	
"01.07.2024 14:14:10.651"	9.5321e-011	-8.3202e-014	6.0672e-012	7.2517e-014	2.0293e-011	6.2822e-014	8.5455e-006	
"01.07.2024 14:14:10.935"	9.6492e-011	-8.7464e-014	6.0023e-012	7.7204e-014	2.0526e-011	6.5106e-014	8.5455e-006	
"01.07.2024 14:14:11.218"	9.7452e-011	-8.5722e-014	5.9452e-012	7.6159e-014	2.0985e-011	6.1621e-014	8.5455e-006	
"01.07.2024 14:14:11.502"	9.5278e-011	-8.2912e-014	6.0340e-012	7.3359e-014	2.0323e-011	6.5172e-014	8.5455e-006	
"01.07.2024 14:14:11.785"	9.6362e-011	-8.3325e-014	6.0662e-012	7.6563e-014	2.0446e-011	6.1424e-014	8.5482e-006	
"01.07.2024 14:14:12.068"	9.7427e-011	-8.7566e-014	5.9166e-012	7.2912e-014	2.0923e-011	5.7842e-014	8.5482e-006	
"01.07.2024 14:14:12.352"	9.5230e-011	-8.4706e-014	6.0263e-012	7.4957e-014	2.0365e-011	6.1697e-014	8.5482e-006	
"01.07.2024 14:14:12.635"	9.6278e-011	-8.3775e-014	6.1015e-012	7.5324e-014	2.0398e-011	6.4885e-014	8.5467e-006	
"01.07.2024 14:14:12.919"	9.7311e-011	-8.5617e-014	5.9089e-012	7.5691e-014	2.0899e-011	6.0640e-014	8.5467e-006	
"01.07.2024 14:14:13.202"	9.5237e-011	-8.5302e-014	6.0187e-012	7.6013e-014	2.0521e-011	6.2836e-014	8.5467e-006	
"01.07.2024 14:14:13.486"	9.6156e-011	-8.6384e-014	6.1157e-012	7.2686e-014	2.0371e-011	6.4830e-014	8.5467e-006	
"01.07.2024 14:14:13.769"	9.7252e-011	-8.6797e-014	5.8925e-012	7.4223e-014	2.0862e-011	6.2228e-014	8.5466e-006	
"01.07.2024 14:14:14.053"	9.5324e-011	-8.5882e-014	6.0121e-012	7.1394e-014	2.0615e-011	6.5030e-014	8.5466e-006	
"01.07.2024 14:14:14.338"	9.6081e-011	-8.6358e-014	6.1259e-012	7.4248e-014	2.0367e-011	6.3888e-014	8.5466e-006	
"01.07.2024 14:14:14.621"	9.7155e-011	-8.7963e-014	5.8900e-012	7.5365e-014	2.0838e-011	6.2870e-014	8.5466e-006	
"01.07.2024 14:14:14.904"	9.5594e-011	-8.7892e-014	6.0738e-012	7.4339e-014	1.9319e-011	6.8711e-014	8.5434e-006	
"01.07.2024 14:14:15.189"	1.0206e-010	-8.6415e-014	6.6880e-012	7.2678e-014	6.8247e-012	9.1869e-014	8.5434e-006	
"01.07.2024 14:14:15.473"	1.0726e-010	-8.6915e-014	6.8656e-012	7.3180e-014	3.1222e-012	8.6481e-014	8.5434e-006	
"01.07.2024 14:14:15.756"	1.0700e-010	-8.8791e-014	7.2943e-012	7.3171e-014	2.0939e-012	8.9114e-014	8.5434e-006	
"01.07.2024 14:14:16.039"	1.0860e-010	-8.6364e-014	7.6337e-012	6.9568e-014	1.6420e-012	8.6406e-014	8.7287e-006	
"01.07.2024 14:14:16.323"	1.1116e-010	-8.8528e-014	7.5010e-012	6.9712e-014	1.4646e-012	8.7822e-014	8.7287e-006	
"01.07.2024 14:14:16.606"	1.1057e-010	-8.8961e-014	7.8622e-012	6.7431e-014	1.3235e-012	8.5260e-014	8.7287e-006	
"01.07.2024 14:14:16.891"	1.1347e-010	-8.9309e-014	8.2958e-012	7.0154e-014	1.2209e-012	8.4083e-014	8.7287e-006	
"01.07.2024 14:14:17.174"	1.1729e-010	-8.5254e-014	8.2193e-012	9.3128e-014	1.2021e-012	8.6118e-014	9.1633e-006	
"01.07.2024 14:14:17.458"	1.1666e-010	-8.6419e-014	8.6829e-012	9.0725e-014	1.1329e-012	8.6251e-014	9.1633e-006	
"01.07.2024 14:14:17.742"	1.1868e-010	-8.8568e-014	8.9517e-012	8.8981e-014	1.0444e-012	8.7878e-014	9.1633e-006	
"01.07.2024 14:14:18.026"	1.2007e-010	-8.9680e-014	8.5044e-012	9.1992e-014	1.0088e-012	8.7919e-014	9.1633e-006	
"01.07.2024 14:14:18.309"	1.1836e-010	-8.6990e-014	8.7646e-012	9.0436e-014	9.5631e-013	8.7523e-014	9.8346e-006	
"01.07.2024 14:14:18.593"	1.1894e-010	-8.3426e-014	9.0072e-012	8.9341e-014	8.7673e-013	8.7860e-014	9.8346e-006	
"01.07.2024 14:14:18.876"	1.2011e-010	-9.0018e-014	8.5013e-012	9.2293e-014	8.5050e-013	8.3482e-014	9.8346e-006	
"01.07.2024 14:14:19.160"	1.1924e-010	-8.7813e-014	8.7375e-012	9.0969e-014	8.2660e-013	8.5757e-014	9.8346e-006	
"01.07.2024 14:14:19.443"	1.1869e-010	-8.4500e-014	8.9685e-012	8.9300e-014	7.5484e-013	8.3283e-014	1.0010e-005	
"01.07.2024 14:14:19.727"	1.2030e-010	-8.5825e-014	8.4982e-012	9.1731e-014	7.5207e-013	8.7110e-014	1.0010e-005	
"01.07.2024 14:14:20.011"	1.1989e-010	-8.7143e-014	8.7283e-012	9.1131e-014	7.3173e-013	7.8835e-014	1.0010e-005	
"01.07.2024 14:14:20.294"	1.1857e-010	-8.7844e-014	8.9313e-012	8.9859e-014	6.7377e-013	8.4413e-014	1.0044e-005	
"01.07.2024 14:14:20.578"	1.2028e-010	-8.5139e-014	8.5529e-012	9.1737e-014	6.7415e-013	7.6460e-014	1.0044e-005	
"01.07.2024 14:14:20.861"	1.2049e-010	-8.4800e-014	8.7599e-012	9.0579e-014	6.6513e-013	8.4080e-014	1.0044e-005	
"01.07.2024 14:14:21.145"	1.1813e-010	-8.6085e-014	8.9062e-012	8.9182e-014	6.1198e-013	8.0223e-014	1.0044e-005	
"01.07.2024 14:14:21.428"	1.2017e-010	-8.7179e-014	8.5518e-012	9.3015e-014	6.1279e-013	8.1709e-014	1.0091e-005	
"01.07.2024 14:14:21.712"	1.2113e-010	-8.8351e-014	8.7196e-012	9.1187e-014	6.1325e-013	8.2013e-014	1.0091e-005	
"01.07.2024 14:14:21.995"	1.1773e-010	-8.4890e-014	8.8752e-012	8.9417e-014	5.6474e-013	8.3337e-014	1.0091e-005	
"01.07.2024 14:14:22.278"	1.1991e-010	-8.6522e-014	8.6105e-012	6.6724e-014	5.7062e-013	8.2015e-014	1.0091e-005	
"01.07.2024 14:14:22.562"	1.2138e-010	-8.6531e-014	8.7023e-012	9.0473e-014	5.7147e-013	8.2970e-014	1.0108e-005	
"01.07.2024 14:14:22.845"	1.1757e-010	-8.8933e-014	8.9114e-012	8.9862e-014	5.2969e-013	8.1951e-014	1.0108e-005	
"01.07.2024 14:14:23.129"	1.1954e-010	-8.6957e-014	8.7497e-012	9.2737e-014	5.3305e-013	8.0822e-014	1.0108e-005	
"01.07.2024 14:14:23.412"	1.2119e-010	-8.6711e-014	8.7212e-012	9.0875e-014	5.3926e-013	7.9382e-014	1.0108e-005	
"01.07.2024 14:14:23.695"	1.1744e-010	-8.7429e-014	8.8824e-012	9.0528e-014	5.0113e-013	7.8861e-014	1.0125e-005	
"01.07.2024 14:14:23.979"	1.1954e-010	-8.4810e-014	8.7768e-012	9.3174e-014	5.0672e-013	7.9517e-014	1.0125e-005	
"01.07.2024 14:14:24.264"	1.2118e-010	-8.7215e-014	8.7217e-012	9.1021e-014	5.0935e-013	8.0794e-014	1.0125e-005	
"01.07.2024 14:14:24.547"	1.1741e-010	-8.7816e-014	8.8528e-012	8.9969e-014	4.8235e-013	7.6193e-014	1.0125e-005	
"01.07.2024 14:14:24.831"	1.1940e-010	-8.5446e-014	8.8675e-012	9.2467e-014	4.8268e-013	7.6809e-014	1.0154e-005	
"01.07.2024 14:14:25.114"	1.2077e-010	-8.5829e-014	8.6549e-012	9.1529e-014	4.9277e-013	7.9374e-014	1.0154e-005	
"01.07.2024 14:14:25.398"	1.1737e-010	-8.3784e-014	8.8793e-012	8.9752e-014	4.6829e-013	7.4111e-014	1.0154e-005	
"01.07.2024 14:14:25.681"	1.1928e-010	-8.6969e-014	8.9547e-012	9.1957e-014	4.5779e-013	7.5152e-014	1.0154e-005	
"01.07.2024 14:14:25.964"	1.2072e-010	-8.8036e-014	8.6380e-012	9.1402e-014	4.7651e-013	7.8403e-014	1.0165e-005	
"01.07.2024 14:14:26.248"	1.1746e-010	-8.8802e-014	8.8451e-012	9.0061e-014	4.5317e-013	9.2524e-014	1.0165e-005	
"01.07.2024 14:14:26.531"	1.1914e-010	-8.7810e-014	8.9828e-012	9.0238e-014	4.4991e-013	9.1557e-014	1.0165e-005	
"01.07.2024 14:14:26.815"	1.2062e-010	-8.5586e-014	8.6029e-012	9.1231e-014	4.6023e-013	7.2811e-014	1.0179e-005	
"01.07.2024 14:14:27.098"	1.1787e-010	-8.8550e-014	8.8298e-012	9.0315e-014	4.4986e-013	9.0349e-014	1.0179e-005	
"01.07.2024 14:14:27.382"	1.1899e-010	-8.5943e-014	9.0002e-012	8.9233e-014	4.3647e-013	8.9385e-014	1.0179e-005	
"01.07.2024 14:14:27.665"	1.2043e-010	-8.6047e-014	8.5310e-012	9.1426e-014	4.4489e-013	9.1424e-014	1.0179e-005	
"01.07.2024 14:14:27.948"	1.1875e-010	-8.5069e-014	8.8431e-012	8.9962e-014	4.4902e-013	8.9384e-014	1.0185e-005	
"01.07.2024 14:14:28.232"	1.1906e-010	-8.9561e-014	9.0022e-012	8.8991e-014	4.2165e-013	8.6825e-014	1.0185e-005	
"01.07.2024 14:14:28.515"	1.2027e-010	-8.7255e-014	8.5116e-012	9.2407e-014	4.3549e-013	8.9269e-014	1.0185e-005	
"01.07.2024 14:14:28.799"	1.1921e-010	-8.8889e-014	8.8074e-012	9.0405e-014	4.3468e-013	8.6906e-014	1.0185e-005	
"01.07.2024 14:14:29.083"	1.1927e-010	-8.7075e-014	9.0017e-012	9.0020e-014	4.1609e-013	8.3971e-014	1.0191e-005	
"01.07.2024 14:14:29.368"	1.2043e-010	-8.8391e-014	8.5309e-012	9.2361e-014	4.2016e-013	8.5795e-014	1.0191e-005	
"01.07.2024 14:14:29.651"	1.1967e-010	-8.9553e-014	8.7411e-012	9.0048e-014	4.2498e-013	8.5639e-014	1.0191e-005	
"01.07.2024 14:14:29.935"	1.1890e-010	-8.6961e-014	9.0012e-012	8.8526e-014	4.0330e-013	8.0724e-014	1.0191e-005	
"01.07.2024 14:14:30.219"	1.2058e-010	-8.7518e-014	8.5504e-012	9.2277e-014	4.1945e-013	8.3737e-014	1.0195e-005	
"01.07.2024 14:14:30.502"	1.2005e-010	-8.3932e-014	8.7957e-012	9.0112e-014	4.2306e-013	8.3275e-014	1.0195e-005	
"01.07.2024 14:14:30.786"	1.1845e-010	-8.4885e-014	8.9211e-012	9.0068e-014	3.9389e-013	7.7451e-014	1.0195e-005	
"01.07.2024 14:14:31.069"	1.2023e-010	-8.8630e-014	8.5411e-012	9.2801e-014	4.0051e-013	8.0887e-014	1.0195e-005	
"01.07.2024 14:14:31.353"	1.2092e-010	-8.8496e-014	8.7931e-012	9.1066e-014	4.1656e-013	8.3340e-014	1.0207e-005	
"01.07.2024 14:14:31.636"	1.1837e-010	-8.7023e-014	8.9425e-012	8.9359e-014	3.9473e-013	7.6617e-014	1.0207e-005	
"01.07.2024 14:14:31.920"	1.2011e-010	-8.5524e-014	8.5600e-012	9.2092e-014	3.9880e-013	7.8707e-014	1.0207e-005	
"01.07.2024 14:14:32.204"	1.2123e-010	-8.6403e-014	8.7655e-012	9.0923e-014	4.1054e-013	8.1232e-014	1.0207e-005	
"01.07.2024 14:14:32.487"	1.1816e-010	-8.6438e-014	8.9175e-012	9.0176e-014	3.8777e-013	7.4095e-014	1.0217e-005	
"01.07.2024 14:14:32.771"	1.2016e-010	-8.6494e-014	8.5666e-012	9.3110e-014	3.9507e-013	7.6625e-014	1.0217e-005	
"01.07.2024 14:14:33.057"	1.2127e-010	-8.7048e-014	8.7696e-012	9.0651e-014	4.0561e-013	7.9095e-014	1.0217e-005	
"01.07.2024 14:14:33.340"	1.1811e-010	-8.5821e-014	8.9400e-012	8.8981e-014	3.7842e-013	7.0038e-014	1.0217e-005	
"01.07.2024 14:14:33.624"	1.1990e-010	-8.8631e-014	8.6569e-012	9.2195e-014	3.8965e-013	7.5016e-014	1.0222e-005	
"01.07.2024 14:14:33.907"	1.2146e-010	-9.0148e-014	8.7691e-012	8.9932e-014	3.9967e-013	7.7275e-014	1.0222e-005	
"01.07.2024 14:14:34.191"	1.1809e-010	-8.5914e-014	8.9328e-012	8.8863e-014	3.7157e-013	7.0005e-014	1.0222e-005	
"01.07.2024 14:14:34.474"	1.1974e-010	-8.4800e-014	8.7553e-012	6.7737e-014	3.7797e-013	7.1805e-014	1.0224e-005	
"01.07.2024 14:14:34.758"	1.2101e-010	-8.7047e-014	8.7197e-012	9.2330e-014	3.9070e-013	7.5547e-014	1.0224e-005	
"01.07.2024 14:14:35.041"	1.1774e-010	-8.5838e-014	8.9155e-012	9.0120e-014	3.7001e-013	6.7765e-014	1.0224e-005	
"01.07.2024 14:14:35.325"	1.1983e-010	-8.4266e-014	8.8426e-012	9.2621e-014	3.7551e-013	7.0995e-014	1.0224e-005	
"01.07.2024 14:14:35.608"	1.2092e-010	-8.8674e-014	8.6885e-012	9.1122e-014	3.8251e-013	7.3376e-014	1.0230e-005	
"01.07.2024 14:14:35.892"	1.1724e-010	-8.4307e-014	8.8645e-012	9.0211e-014	3.7023e-013	6.8337e-014	1.0230e-005	
"01.07.2024 14:14:36.175"	1.1979e-010	-8.8270e-014	8.9507e-012	9.2168e-014	3.6813e-013	6.8717e-014	1.0230e-005	
"01.07.2024 14:14:36.458"	1.2100e-010	-8.6448e-014	8.6422e-012	9.1031e-014	3.7545e-013	7.1106e-014	1.0230e-005	
"01.07.2024 14:14:36.742"	1.1737e-010	-8.5361e-014	8.8721e-012	9.0944e-014	3.6473e-013	6.5769e-014	1.0226e-005	
"01.07.2024 14:14:37.025"	1.1956e-010	-8.6554e-014	9.0165e-012	9.1064e-014	3.6580e-013	6.7952e-014	1.0226e-005	
"01.07.2024 14:14:37.309"	1.2103e-010	-8.6048e-014	8.6421e-012	9.1211e-014	3.7614e-013	7.0454e-014	1.0226e-005	
"01.07.2024 14:14:37.592"	1.1779e-010	-8.9070e-014	8.7987e-012	9.1540e-014	3.6460e-013	6.5874e-014	1.0226e-005	
"01.07.2024 14:14:37.876"	1.1927e-010	-8.7665e-014	9.0303e-012	8.8842e-014	3.5451e-013	6.4812e-014	1.0241e-005	
"01.07.2024 14:14:38.160"	1.2095e-010	-8.7450e-014	8.5830e-012	9.1761e-014	3.6505e-013	6.7591e-014	1.0241e-005	
"01.07.2024 14:14:38.443"	1.1849e-010	-8.4823e-014	8.8227e-012	9.0814e-014	3.6517e-013	6.5626e-014	1.0241e-005	
"01.07.2024 14:14:38.726"	1.1914e-010	-8.8134e-014	9.0114e-012	8.9740e-014	3.4865e-013	6.3043e-014	1.0241e-005	
"01.07.2024 14:14:39.010"	1.2083e-010	-9.3373e-014	8.5519e-012	9.1858e-014	3.5715e-013	6.5426e-014	1.0238e-005	
"01.07.2024 14:14:39.294"	1.1887e-010	-9.2563e-014	8.8324e-012	9.0710e-014	3.5979e-013	6.4017e-014	1.0238e-005	
"01.07.2024 14:14:39.577"	1.1887e-010	-8.5486e-014	8.9992e-012	8.9589e-014	3.4710e-013	6.2081e-014	1.0238e-005	
"01.07.2024 14:14:39.861"	1.2056e-010	-8.5570e-014	8.5376e-012	9.2687e-014	3.5861e-013	6.5766e-014	1.0238e-005	
"01.07.2024 14:14:40.144"	1.1976e-010	-8.3782e-014	8.8110e-012	8.9887e-014	3.6052e-013	6.3842e-014	1.0245e-005	
"01.07.2024 14:14:40.428"	1.1870e-010	-8.7814e-014	8.9721e-012	8.9944e-014	3.3894e-013	5.9113e-014	1.0245e-005	
"01.07.2024 14:14:40.711"	1.2022e-010	-8.7429e-014	8.5192e-012	9.1682e-014	3.5005e-013	6.3142e-014	1.0245e-005	
"01.07.2024 14:14:40.995"	1.2064e-010	-8.4874e-014	8.8013e-012	9.0918e-014	3.5644e-013	6.4204e-014	1.0247e-005	
"01.07.2024 14:14:41.278"	1.1867e-010	-8.7103e-014	8.9726e-012	9.0082e-014	3.3679e-013	5.7847e-014	1.0247e-005	
"01.07.2024 14:14:41.562"	1.1996e-010	-8.7554e-014	8.5406e-012	9.2934e-014	3.3851e-013	5.9564e-014	1.0247e-005	
"01.07.2024 14:14:41.845"	1.2115e-010	-8.7072e-014	8.7513e-012	9.0744e-014	3.5077e-013	6.2353e-014	1.0247e-005	
"01.07.2024 14:14:42.128"	1.1848e-010	-8.5937e-014	8.9833e-012	9.0129e-014	3.3404e-013	5.8414e-014	1.0228e-005	
"01.07.2024 14:14:42.412"	1.2012e-010	-8.8554e-014	8.6202e-012	7.0048e-014	3.3744e-013	5.9690e-014	1.0228e-005	
"01.07.2024 14:14:42.696"	1.2118e-010	-8.7516e-014	8.7085e-012	9.1314e-014	3.4877e-013	6.2104e-014	1.0228e-005	
"01.07.2024 14:14:42.979"	1.1781e-010	-8.4972e-014	8.9124e-012	8.9249e-014	3.2672e-013	5.6665e-014	1.0228e-005	
"01.07.2024 14:14:43.263"	1.2015e-010	-8.3758e-014	8.7161e-012	9.1936e-014	3.3651e-013	5.8644e-014	1.0238e-005	
"01.07.2024 14:14:43.546"	1.2132e-010	-8.5979e-014	8.7457e-012	9.0559e-014	3.4134e-013	5.9668e-014	1.0238e-005	
"01.07.2024 14:14:43.829"	1.1755e-010	-8.8966e-014	8.8981e-012	9.1148e-014	3.2378e-013	5.4389e-014	1.0238e-005	
"01.07.2024 14:14:44.114"	1.1990e-010	-8.7166e-014	8.7869e-012	9.1256e-014	3.3402e-013	5.7866e-014	1.0238e-005	
"01.07.2024 14:14:44.398"	1.2154e-010	-8.5367e-014	8.7375e-012	9.0536e-014	3.4006e-013	6.1051e-014	1.0240e-005	
"01.07.2024 14:14:44.681"	1.1750e-010	-8.7986e-014	8.9119e-012	8.9901e-014	3.1878e-013	5.2719e-014	1.0240e-005	
"01.07.2024 14:14:44.965"	1.1961e-010	-9.0557e-014	8.8456e-012	9.2864e-014	3.2522e-013	5.5671e-014	1.0240e-005	
"01.07.2024 14:14:45.249"	1.2109e-010	-8.6336e-014	8.6600e-012	9.2599e-014	3.3453e-013	5.8036e-014	1.0240e-005	
"01.07.2024 14:14:45.532"	1.1760e-010	-8.4477e-014	8.9012e-012	9.0549e-014	3.2431e-013	5.4051e-014	1.0247e-005	
"01.07.2024 14:14:45.816"	1.1952e-010	-8.7996e-014	8.9395e-012	9.1849e-014	3.2257e-013	5.5651e-014	1.0247e-005	
"01.07.2024 14:14:46.099"	1.2085e-010	-8.8325e-014	8.6376e-012	9.1008e-014	3.3156e-013	5.8021e-014	1.0247e-005	
"01.07.2024 14:14:46.383"	1.1751e-010	-8.7350e-014	8.9007e-012	8.9827e-014	3.2096e-013	5.4105e-014	1.0247e-005	
"01.07.2024 14:14:46.666"	1.1952e-010	-8.6424e-014	8.9690e-012	9.1563e-014	3.1563e-013	5.3703e-014	1.0254e-005	
"01.07.2024 14:14:46.951"	1.2095e-010	-8.3371e-014	8.6483e-012	9.1227e-014	3.2775e-013	5.6279e-014	1.0254e-005	
"01.07.2024 14:14:47.234"	1.1749e-010	-8.5419e-014	8.8864e-012	8.9451e-014	3.1784e-013	5.2265e-014	1.0254e-005	
"01.07.2024 14:14:47.518"	1.1933e-010	-8.4872e-014	8.9950e-012	9.1955e-014	3.1459e-013	5.2284e-014	1.0254e-005	
"01.07.2024 14:14:47.802"	1.2081e-010	-8.9213e-014	8.6325e-012	9.2367e-014	3.2260e-013	5.4047e-014	1.0259e-005	
"01.07.2024 14:14:48.087"	1.1761e-010	-8.4348e-014	8.8838e-012	9.1069e-014	3.1850e-013	5.1962e-014	1.0259e-005	
"01.07.2024 14:14:48.371"	1.1942e-010	-8.6592e-014	8.9910e-012	9.1074e-014	3.1421e-013	5.2896e-014	1.0259e-005	
"01.07.2024 14:14:48.654"	1.2060e-010	-8.7037e-014	8.5667e-012	9.0901e-014	3.1514e-013	5.2917e-014	1.0250e-005	
"01.07.2024 14:14:48.938"	1.1797e-010	-8.6242e-014	8.8625e-012	8.9997e-014	3.1698e-013	5.1364e-014	1.0250e-005	
"01.07.2024 14:14:49.221"	1.1931e-010	-8.8589e-014	9.0195e-012	8.9416e-014	3.0324e-013	5.0329e-014	1.0250e-005	
"01.07.2024 14:14:49.504"	1.2050e-010	-8.5068e-014	8.5626e-012	9.1527e-014	3.1819e-013	5.3358e-014	1.0250e-005	
"01.07.2024 14:14:49.789"	1.1854e-010	-8.6475e-014	8.8405e-012	8.9368e-014	3.1582e-013	5.1161e-014	1.0246e-005	
"01.07.2024 14:14:50.072"	1.1942e-010	-8.6552e-014	9.0399e-012	8.9583e-014	3.0747e-013	5.0720e-014	1.0246e-005	
"01.07.2024 14:14:50.355"	1.2062e-010	-8.7790e-014	8.5371e-012	9.0951e-014	3.0977e-013	5.2254e-014	1.0246e-005	
"01.07.2024 14:14:50.639"	1.1939e-010	-8.4875e-014	8.7952e-012	9.0743e-014	3.1313e-013	5.0928e-014	1.0246e-005	
"01.07.2024 14:14:50.922"	1.1899e-010	-8.6932e-014	9.0002e-012	8.8400e-014	3.0152e-013	4.9409e-014	1.0254e-005	
"01.07.2024 14:14:51.206"	1.2073e-010	-8.8101e-014	8.5462e-012	9.1008e-014	3.0960e-013	5.2120e-014	1.0254e-005	
"01.07.2024 14:14:51.490"	1.1987e-010	-8.8926e-014	8.7798e-012	9.0508e-014	3.1295e-013	5.0923e-014	1.0254e-005	
"01.07.2024 14:14:51.773"	1.1859e-010	-8.7348e-014	8.9272e-012	8.9472e-014	2.9369e-013	4.7970e-014	1.0254e-005	
"01.07.2024 14:14:52.056"	1.2044e-010	-8.3900e-014	8.5764e-012	9.1768e-014	3.0732e-013	5.0794e-014	1.0258e-005	
"01.07.2024 14:14:52.340"	1.2071e-010	-8.7852e-014	8.7839e-012	9.0809e-014	3.0991e-013	5.0780e-014	1.0258e-005	
"01.07.2024 14:14:52.623"	1.1838e-010	-8.5721e-014	8.9599e-012	8.8979e-014	2.9257e-013	4.6541e-014	1.0258e-005	
"01.07.2024 14:14:52.907"	1.2024e-010	-8.8041e-014	8.5707e-012	9.2124e-014	3.0004e-013	4.9672e-014	1.0258e-005	
"01.07.2024 14:14:53.190"	1.2128e-010	-8.8513e-014	8.8105e-012	8.9716e-014	3.0431e-013	5.0715e-014	1.0259e-005	
"01.07.2024 14:14:53.474"	1.1812e-010	-8.6890e-014	8.9150e-012	8.9529e-014	2.8954e-013	4.6280e-014	1.0259e-005	
"01.07.2024 14:14:53.757"	1.2003e-010	-8.5917e-014	8.6264e-012	9.2301e-014	2.9532e-013	4.8132e-014	1.0259e-005	
"01.07.2024 14:14:54.041"	1.2154e-010	-8.8609e-014	8.7691e-012	9.0803e-014	3.0654e-013	5.0172e-014	1.0259e-005	
"01.07.2024 14:14:54.325"	1.1797e-010	-8.5591e-014	8.9380e-012	8.9516e-014	2.9048e-013	4.6141e-014	1.0260e-005	
"01.07.2024 14:14:54.608"	1.2013e-010	-8.9014e-014	8.7090e-012	9.2179e-014	2.9304e-013	4.7893e-014	1.0260e-005	
"01.07.2024 14:14:54.892"	1.2149e-010	-8.8451e-014	8.7263e-012	9.0725e-014	3.0164e-013	4.8841e-014	1.0260e-005	
"01.07.2024 14:14:55.175"	1.1757e-010	-8.8004e-014	8.8987e-012	8.9983e-014	2.8300e-013	4.3966e-014	1.0264e-005	
"01.07.2024 14:14:55.459"	1.1996e-010	-8.8178e-014	8.8125e-012	9.1769e-014	2.9162e-013	4.7118e-014	1.0264e-005	
"01.07.2024 14:14:55.742"	1.2142e-010	-8.5026e-014	8.7187e-012	9.0681e-014	3.0134e-013	4.9002e-014	1.0264e-005	
"01.07.2024 14:14:56.026"	1.1747e-010	-8.7937e-014	8.8610e-012	9.0915e-014	2.8463e-013	4.4459e-014	1.0264e-005	
"01.07.2024 14:14:56.309"	1.1965e-010	-8.6416e-014	8.9221e-012	9.2401e-014	2.8673e-013	4.6373e-014	1.0263e-005	
"01.07.2024 14:14:56.593"	1.2126e-010	-9.0054e-014	8.7059e-012	9.0887e-014	2.9615e-013	4.8754e-014	1.0263e-005	
"01.07.2024 14:14:56.876"	1.1736e-010	-8.6577e-014	8.8497e-012	8.9480e-014	2.8686e-013	4.4424e-014	1.0263e-005	
"01.07.2024 14:14:57.160"	1.1957e-010	-8.7712e-014	8.9680e-012	9.2655e-014	2.8206e-013	4.5661e-014	1.0263e-005	
"01.07.2024 14:14:57.443"	1.2114e-010	-9.0806e-014	8.6753e-012	9.0881e-014	2.9049e-013	4.6697e-014	1.0264e-005	
"01.07.2024 14:14:57.727"	1.1746e-010	-8.6394e-014	8.8242e-012	8.9360e-014	2.8173e-013	4.3593e-014	1.0264e-005	
"01.07.2024 14:14:58.010"	1.1934e-010	-8.6672e-014	8.9854e-012	9.1188e-014	2.7844e-013	4.3812e-014	1.0264e-005	
"01.07.2024 14:14:58.293"	1.2086e-010	-8.8019e-014	8.6222e-012	9.1005e-014	2.8452e-013	4.6540e-014	1.0264e-005	
"01.07.2024 14:14:58.577"	1.1809e-010	-8.5216e-014	8.8660e-012	8.9006e-014	2.8358e-013	4.4908e-014	1.0256e-005	
"01.07.2024 14:14:58.860"	1.1918e-010	-8.9453e-014	9.0078e-012	8.9050e-014	2.7461e-013	4.2758e-014	1.0256e-005	
"01.07.2024 14:14:59.145"	1.2059e-010	-8.7653e-014	8.5738e-012	9.1590e-014	2.8335e-013	4.5475e-014	1.0256e-005	
"01.07.2024 14:14:59.429"	1.1867e-010	-8.4934e-014	8.8767e-012	8.9721e-014	2.8251e-013	4.3807e-014	1.0256e-005	
"01.07.2024 14:14:59.712"	1.1924e-010	-8.7638e-014	9.0027e-012	8.7839e-014	2.7622e-013	4.3034e-014	1.0260e-005	
"01.07.2024 14:14:59.996"	1.2054e-010	-8.5278e-014	8.5401e-012	9.1763e-014	2.8351e-013	4.5768e-014	1.0260e-005	
"01.07.2024 14:15:00.280"	1.1924e-010	-8.4387e-014	8.7941e-012	9.1051e-014	2.8004e-013	4.3154e-014	1.0260e-005	
"01.07.2024 14:15:00.564"	1.1929e-010	-8.7988e-014	9.0553e-012	8.8175e-014	2.7256e-013	4.3189e-014	1.0260e-005	
"01.07.2024 14:15:00.847"	1.2050e-010	-8.3759e-014	8.5392e-012	9.2005e-014	2.7889e-013	4.4643e-014	1.0273e-005	
"01.07.2024 14:15:01.131"	1.1991e-010	-8.8333e-014	8.7717e-012	9.0397e-014	2.7947e-013	4.4257e-014	1.0273e-005	
"01.07.2024 14:15:01.414"	1.1911e-010	-9.0475e-014	9.0022e-012	8.9882e-014	2.6427e-013	4.1915e-014	1.0273e-005	
"01.07.2024 14:15:01.698"	1.2052e-010	-8.6146e-014	8.5192e-012	9.0607e-014	2.7679e-013	4.3718e-014	1.0272e-005	
"01.07.2024 14:15:01.982"	1.2045e-010	-8.6227e-014	8.7824e-012	9.0332e-014	2.7764e-013	4.3256e-014	1.0272e-005	
"01.07.2024 14:15:02.266"	1.1843e-010	-8.5886e-014	8.9415e-012	8.8972e-014	2.8553e-013	4.4935e-014	1.0272e-005	
"01.07.2024 14:15:02.549"	1.2060e-010	-8.6534e-014	8.5407e-012	9.1924e-014	2.7967e-013	4.4235e-014	1.0272e-005	
"01.07.2024 14:15:02.833"	1.2059e-010	-8.8227e-014	8.8202e-012	8.9645e-014	2.9072e-013	4.5923e-014	1.0272e-005	
"01.07.2024 14:15:03.118"	1.1848e-010	-8.8107e-014	8.9645e-012	8.9807e-014	2.6653e-013	4.1896e-014	1.0272e-005	
"01.07.2024 14:15:03.402"	1.1935e-010	-9.0635e-014	8.8309e-012	8.9180e-014	3.6035e-012	9.1828e-014	1.0272e-005	
"01.07.2024 14:15:03.685"	1.1276e-010	-8.9945e-014	8.5467e-012	9.2435e-014	1.8408e-011	7.0795e-014	1.0272e-005	
"01.07.2024 14:15:03.969"	1.0795e-010	-8.7685e-014	7.3897e-012	7.1371e-014	2.2401e-011	5.9483e-014	1.0197e-005	
"01.07.2024 14:15:04.252"	1.0828e-010	-8.7093e-014	7.1116e-012	7.2109e-014	2.4260e-011	5.6031e-014	1.0197e-005	
"01.07.2024 14:15:04.536"	1.0862e-010	-8.6248e-014	7.2617e-012	7.1015e-014	2.5042e-011	5.1208e-014	1.0197e-005	
"01.07.2024 14:15:04.820"	1.0604e-010	-8.8066e-014	7.3805e-012	7.0810e-014	2.3116e-011	5.7587e-014	1.0197e-005	
"01.07.2024 14:15:05.104"	1.0747e-010	-8.6341e-014	7.2091e-012	7.2993e-014	2.3700e-011	5.2662e-014	1.0056e-005	
"01.07.2024 14:15:05.387"	1.0788e-010	-8.6127e-014	7.0856e-012	7.3237e-014	2.4568e-011	4.7490e-014	1.0056e-005	
"01.07.2024 14:15:05.671"	1.0446e-010	-8.6764e-014	7.1739e-012	7.1015e-014	2.3739e-011	5.0611e-014	1.0056e-005	
"01.07.2024 14:15:05.954"	1.0566e-010	-8.6015e-014	7.0907e-012	7.4566e-014	2.4284e-011	5.0680e-014	1.0056e-005	
"01.07.2024 14:15:06.237"	1.0622e-010	-8.8117e-014	6.9304e-012	7.5192e-014	2.4723e-011	4.9825e-014	9.9224e-006	
"01.07.2024 14:15:06.521"	1.0306e-010	-8.4590e-014	7.0310e-012	7.3838e-014	2.3702e-011	5.1655e-014	9.9224e-006	
"01.07.2024 14:15:06.804"	1.0456e-010	-8.5674e-014	7.0591e-012	7.1933e-014	2.3849e-011	5.1871e-014	9.9224e-006	
"01.07.2024 14:15:07.088"	1.0514e-010	-8.6076e-014	6.8085e-012	7.0531e-014	2.4326e-011	5.0595e-014	9.9224e-006	
"01.07.2024 14:15:07.371"	1.0233e-010	-8.7635e-014	6.9008e-012	7.3593e-014	2.3796e-011	5.5346e-014	9.7463e-006	
"01.07.2024 14:15:07.655"	1.0345e-010	-8.4454e-014	6.9591e-012	7.3447e-014	2.3472e-011	5.3610e-014	9.7463e-006	
"01.07.2024 14:15:07.938"	1.0398e-010	-8.5679e-014	6.6482e-012	7.3873e-014	2.3813e-011	5.2095e-014	9.7463e-006	
"01.07.2024 14:15:08.222"	1.0173e-010	-8.6569e-014	6.7182e-012	7.1303e-014	2.3416e-011	5.6398e-014	9.5990e-006	
"01.07.2024 14:15:08.505"	1.0192e-010	-8.4750e-014	6.7927e-012	7.5342e-014	2.2675e-011	5.6112e-014	9.5990e-006	
"01.07.2024 14:15:08.788"	1.0216e-010	-8.6955e-014	6.4037e-012	7.5067e-014	2.2779e-011	5.2499e-014	9.5990e-006	
"01.07.2024 14:15:09.072"	1.0017e-010	-8.8863e-014	6.4430e-012	7.6569e-014	2.2380e-011	5.6610e-014	9.5990e-006	
"01.07.2024 14:15:09.356"	9.8884e-011	-8.6854e-014	6.4338e-012	7.4137e-014	2.1162e-011	5.8677e-014	9.3406e-006	
"01.07.2024 14:15:09.640"	9.8971e-011	-8.3475e-014	6.0928e-012	7.5657e-014	2.1156e-011	5.8332e-014	9.3406e-006	
"01.07.2024 14:15:09.923"	9.8151e-011	-9.1970e-014	6.1326e-012	7.4788e-014	2.1214e-011	5.8830e-014	9.3406e-006	
"01.07.2024 14:15:10.207"	9.6632e-011	-8.6522e-014	6.1688e-012	7.1968e-014	2.0269e-011	6.2510e-014	9.3406e-006	
"01.07.2024 14:15:10.490"	9.7406e-011	-8.7958e-014	5.9503e-012	7.4779e-014	2.0548e-011	5.8847e-014	8.9391e-006	
"01.07.2024 14:15:10.774"	9.7989e-011	-8.7231e-014	6.0029e-012	7.3598e-014	2.0963e-011	5.9225e-014	8.9391e-006	
"01.07.2024 14:15:11.057"	9.5926e-011	-8.9154e-014	6.1219e-012	7.4258e-014	2.0067e-011	6.2276e-014	8.9391e-006	
"01.07.2024 14:15:11.340"	9.6960e-011	-8.6408e-014	5.9456e-012	7.3185e-014	2.0407e-011	6.0197e-014	8.9391e-006	
"01.07.2024 14:15:11.624"	9.7890e-011	-8.7977e-014	5.9814e-012	7.3103e-014	2.0891e-011	5.9237e-014	8.7673e-006	
"01.07.2024 14:15:11.907"	9.5685e-011	-8.8202e-014	6.0943e-012	7.6354e-014	2.0061e-011	6.3794e-014	8.7673e-006	
"01.07.2024 14:15:12.191"	9.6770e-011	-8.6266e-014	6.0100e-012	7.4120e-014	2.0340e-011	6.2194e-014	8.7673e-006	
"01.07.2024 14:15:12.474"	9.7781e-011	-8.5447e-014	5.9503e-012	7.5957e-014	2.0826e-011	5.9862e-014	8.7673e-006	
"01.07.2024 14:15:12.758"	9.5534e-011	-8.4370e-014	6.0800e-012	7.4486e-014	2.0109e-011	6.2168e-014	8.7040e-006	
"01.07.2024 14:15:13.041"	9.6564e-011	-8.4803e-014	6.0605e-012	7.5590e-014	2.0297e-011	6.0025e-014	8.7040e-006	
"01.07.2024 14:15:13.325"	9.7661e-011	-8.4835e-014	5.9441e-012	7.2977e-014	2.0787e-011	5.8660e-014	8.7040e-006	
"01.07.2024 14:15:13.608"	9.5366e-011	-8.9959e-014	6.0606e-012	7.1116e-014	2.0130e-011	6.4805e-014	8.7040e-006	
"01.07.2024 14:15:13.891"	9.6550e-011	-8.5452e-014	6.0606e-012	7.1193e-014	2.0293e-011	6.1335e-014	8.6785e-006	
"01.07.2024 14:15:14.176"	9.7579e-011	-8.4795e-014	5.9411e-012	7.7346e-014	2.0787e-011	6.1688e-014	8.6785e-006	
"01.07.2024 14:15:14.461"	9.5378e-011	-8.6994e-014	6.0535e-012	7.4441e-014	2.0165e-011	6.2412e-014	8.6785e-006	
"01.07.2024 14:15:14.744"	9.6508e-011	-8.5228e-014	6.0769e-012	7.4207e-014	2.0270e-011	6.1318e-014	8.6523e-006	
"01.07.2024 14:15:15.027"	9.7545e-011	-8.8221e-014	5.9431e-012	7.5299e-014	2.0741e-011	5.9394e-014	8.6523e-006	
"01.07.2024 14:15:15.312"	9.5330e-011	-8.4262e-014	6.0539e-012	7.2089e-014	2.0230e-011	6.2486e-014	8.6523e-006	
"01.07.2024 14:15:15.595"	9.6438e-011	-8.8698e-014	6.1086e-012	7.3380e-014	2.0265e-011	6.1630e-014	8.6523e-006	
"01.07.2024 14:15:15.878"	9.7393e-011	-8.5787e-014	5.9242e-012	7.5685e-014	2.0724e-011	5.9737e-014	8.6484e-006	
"01.07.2024 14:15:16.162"	9.5294e-011	-8.8911e-014	6.0361e-012	7.6730e-014	2.0383e-011	6.1690e-014	8.6484e-006	
"01.07.2024 14:15:16.445"	9.6302e-011	-8.8792e-014	6.1270e-012	7.4743e-014	2.0259e-011	6.3339e-014	8.6484e-006	
"01.07.2024 14:15:16.729"	9.7371e-011	-8.8252e-014	5.9079e-012	7.3403e-014	2.0727e-011	6.0607e-014	8.6484e-006	
"01.07.2024 14:15:17.013"	9.5456e-011	-8.6562e-014	6.0376e-012	7.2494e-014	2.0435e-011	6.2353e-014	8.6503e-006	
"01.07.2024 14:15:17.297"	9.6248e-011	-9.0012e-014	6.1315e-012	7.2734e-014	2.0215e-011	6.3778e-014	8.6503e-006	
"01.07.2024 14:15:17.580"	9.7279e-011	-8.7550e-014	5.9104e-012	7.4049e-014	2.0738e-011	5.9902e-014	8.6503e-006	
"01.07.2024 14:15:17.864"	9.5411e-011	-8.5499e-014	6.0274e-012	7.5219e-014	2.0459e-011	6.3310e-014	8.6503e-006	
"01.07.2024 14:15:18.149"	9.6231e-011	-8.2702e-014	6.1351e-012	7.6365e-014	2.0231e-011	6.0401e-014	8.6219e-006	
"01.07.2024 14:15:18.433"	9.7243e-011	-8.3880e-014	5.9099e-012	7.3967e-014	2.0703e-011	6.2022e-014	8.6219e-006	
"01.07.2024 14:15:18.717"	9.5677e-011	-8.8074e-014	6.0263e-012	7.3261e-014	2.0545e-011	6.1688e-014	8.6219e-006	
"01.07.2024 14:15:19.000"	9.6219e-011	-8.8486e-014	6.1223e-012	7.3700e-014	2.0198e-011	6.2696e-014	8.6219e-006	
"01.07.2024 14:15:19.284"	9.7232e-011	-8.5507e-014	5.8849e-012	7.5156e-014	2.0656e-011	6.0779e-014	8.6164e-006	
"01.07.2024 14:15:19.567"	9.6001e-011	-8.7753e-014	6.0177e-012	7.4756e-014	2.0735e-011	6.3088e-014	8.6164e-006	
"01.07.2024 14:15:19.851"	9.6037e-011	-8.7487e-014	6.1356e-012	7.2440e-014	2.0195e-011	6.1623e-014	8.6164e-006	
"01.07.2024 14:15:20.135"	9.7136e-011	-9.1425e-014	5.8982e-012	7.6781e-014	2.0654e-011	6.0392e-014	8.6164e-006	
"01.07.2024 14:15:20.418"	9.6440e-011	-8.4712e-014	5.9957e-012	7.3518e-014	2.0823e-011	6.1375e-014	8.6134e-006	
"01.07.2024 14:15:20.702"	9.5962e-011	-8.7793e-014	6.1101e-012	7.6229e-014	2.0125e-011	6.1617e-014	8.6134e-006	
"01.07.2024 14:15:20.985"	9.7022e-011	-8.5435e-014	5.8839e-012	7.3223e-014	2.0610e-011	6.0786e-014	8.6134e-006	
"01.07.2024 14:15:21.269"	9.6867e-011	-8.9386e-014	5.9820e-012	7.1268e-014	2.0909e-011	6.2672e-014	8.6124e-006	
"01.07.2024 14:15:21.552"	9.5827e-011	-8.6071e-014	6.1111e-012	7.3609e-014	2.0102e-011	6.3839e-014	8.6124e-006	
"01.07.2024 14:15:21.836"	9.6879e-011	-8.6804e-014	5.8920e-012	7.4447e-014	2.0564e-011	6.2747e-014	8.6124e-006	
"01.07.2024 14:15:22.119"	9.7337e-011	-8.7889e-014	5.9840e-012	7.3826e-014	2.0956e-011	6.2619e-014	8.6124e-006	
"01.07.2024 14:15:22.402"	9.5701e-011	-8.5895e-014	6.1025e-012	7.2795e-014	2.0128e-011	6.5420e-014	8.6074e-006	
"01.07.2024 14:15:22.686"	9.6824e-011	-8.6938e-014	5.9059e-012	7.5838e-014	2.0520e-011	6.0412e-014	8.6074e-006	
"01.07.2024 14:15:22.969"	9.7523e-011	-8.8980e-014	5.9912e-012	7.3499e-014	2.0982e-011	6.0182e-014	8.6074e-006	
"01.07.2024 14:15:23.253"	9.5683e-011	-8.9547e-014	6.0815e-012	7.1103e-014	2.0141e-011	6.4277e-014	8.6074e-006	
"01.07.2024 14:15:23.537"	9.6729e-011	-8.6842e-014	5.9477e-012	7.3363e-014	2.0491e-011	6.1291e-014	8.5916e-006	
"01.07.2024 14:15:23.820"	9.7621e-011	-8.9807e-014	5.9533e-012	7.3836e-014	2.1001e-011	5.6926e-014	8.5916e-006	
"01.07.2024 14:15:24.103"	9.5516e-011	-8.5755e-014	6.0775e-012	7.6522e-014	2.0149e-011	6.3998e-014	8.5916e-006	
"01.07.2024 14:15:24.387"	9.6635e-011	-8.5988e-014	5.9819e-012	7.7104e-014	2.0406e-011	6.2003e-014	8.5916e-006	
"01.07.2024 14:15:24.670"	9.7619e-011	-8.5442e-014	5.9595e-012	7.2146e-014	2.0922e-011	6.0506e-014	8.5823e-006	
"01.07.2024 14:15:24.954"	9.5433e-011	-8.6273e-014	6.0769e-012	7.6803e-014	2.0148e-011	6.3299e-014	8.5823e-006	
"01.07.2024 14:15:25.237"	9.6585e-011	-8.7932e-014	6.0197e-012	7.3720e-014	2.0432e-011	6.5008e-014	8.5823e-006	
"01.07.2024 14:15:25.521"	9.7546e-011	-8.6838e-014	5.9370e-012	7.3562e-014	2.0915e-011	5.9928e-014	8.5823e-006	
"01.07.2024 14:15:25.804"	9.5388e-011	-8.5344e-014	6.0519e-012	7.2671e-014	2.0222e-011	6.4301e-014	8.5847e-006	
"01.07.2024 14:15:26.088"	9.6450e-011	-8.7509e-014	6.0448e-012	7.3484e-014	2.0376e-011	6.3802e-014	8.5847e-006	
"01.07.2024 14:15:26.371"	9.7528e-011	-8.5600e-014	5.9288e-012	7.4965e-014	2.0836e-011	6.0283e-014	8.5847e-006	
"01.07.2024 14:15:26.654"	9.5234e-011	-8.5558e-014	6.0407e-012	7.5169e-014	2.0302e-011	6.6170e-014	8.5847e-006	
"01.07.2024 14:15:26.938"	9.6343e-011	-8.9136e-014	6.0846e-012	7.2589e-014	2.0358e-011	6.1485e-014	8.5837e-006	
"01.07.2024 14:15:27.221"	9.7352e-011	-8.9927e-014	5.9135e-012	7.3186e-014	2.0867e-011	6.0983e-014	8.5837e-006	
"01.07.2024 14:15:27.505"	9.5195e-011	-8.6995e-014	6.0238e-012	7.4824e-014	2.0375e-011	6.3103e-014	8.5837e-006	
"01.07.2024 14:15:27.789"	9.6252e-011	-8.6816e-014	6.1172e-012	7.6357e-014	2.0295e-011	6.2115e-014	8.5856e-006	
"01.07.2024 14:15:28.072"	9.7326e-011	-8.5730e-014	5.9166e-012	7.2695e-014	2.0815e-011	6.0581e-014	8.5856e-006	
"01.07.2024 14:15:28.356"	9.5281e-011	-8.7412e-014	6.0305e-012	7.5775e-014	2.0485e-011	6.3998e-014	8.5856e-006	
"01.07.2024 14:15:28.639"	9.6172e-011	-8.6473e-014	6.1274e-012	7.5657e-014	2.0280e-011	6.2847e-014	8.5856e-006	
"01.07.2024 14:15:28.923"	9.7249e-011	-8.6251e-014	5.8885e-012	7.4720e-014	2.0740e-011	6.3050e-014	8.5837e-006	
"01.07.2024 14:15:29.207"	9.5604e-011	-8.3693e-014	6.0085e-012	7.5194e-014	2.0670e-011	6.3930e-014	8.5837e-006	
"01.07.2024 14:15:29.490"	9.6090e-011	-8.5632e-014	6.1280e-012	7.3771e-014	2.0253e-011	6.4818e-014	8.5837e-006	
"01.07.2024 14:15:29.774"	9.7136e-011	-8.4536e-014	5.8901e-012	7.4032e-014	2.0709e-011	6.3927e-014	8.5837e-006	
"01.07.2024 14:15:30.057"	9.6020e-011	-8.4874e-014	6.0141e-012	7.6399e-014	2.0758e-011	6.1724e-014	8.5853e-006	
"01.07.2024 14:15:30.341"	9.6021e-011	-9.3117e-014	6.1091e-012	7.4089e-014	2.0146e-011	6.4578e-014	8.5853e-006	
"01.07.2024 14:15:30.624"	9.7041e-011	-8.5538e-014	5.8824e-012	7.3927e-014	2.0635e-011	6.2036e-014	8.5853e-006	
"01.07.2024 14:15:30.908"	9.6518e-011	-8.4971e-014	5.9840e-012	7.4774e-014	2.0888e-011	6.0054e-014	8.5853e-006	
"01.07.2024 14:15:31.191"	9.5877e-011	-8.4859e-014	6.1050e-012	7.6441e-014	2.0211e-011	6.3359e-014	8.5863e-006	
"01.07.2024 14:15:31.475"	9.6926e-011	-8.5924e-014	5.8926e-012	7.4312e-014	2.0580e-011	6.1909e-014	8.5863e-006	
"01.07.2024 14:15:31.758"	9.7025e-011	-8.7352e-014	5.9656e-012	7.2606e-014	2.0952e-011	5.9775e-014	8.5863e-006	
"01.07.2024 14:15:32.041"	9.5747e-011	-8.6729e-014	6.0923e-012	7.1712e-014	2.0169e-011	6.2737e-014	8.5863e-006	
"01.07.2024 14:15:32.325"	9.6912e-011	-8.8968e-014	5.8706e-012	7.2096e-014	2.0553e-011	6.1488e-014	8.5839e-006	
"01.07.2024 14:15:32.609"	9.7369e-011	-8.7477e-014	5.9676e-012	7.3080e-014	2.1008e-011	5.9474e-014	8.5839e-006	
"01.07.2024 14:15:32.892"	9.5768e-011	-8.5861e-014	6.0825e-012	7.3869e-014	2.0166e-011	6.2038e-014	8.5839e-006	
"01.07.2024 14:15:33.177"	9.6827e-011	-8.7707e-014	5.8762e-012	7.2522e-014	2.0556e-011	6.2884e-014	8.5839e-006	
"01.07.2024 14:15:33.460"	9.7533e-011	-8.5558e-014	5.9692e-012	7.1977e-014	2.1056e-011	5.9096e-014	8.5832e-006	
"01.07.2024 14:15:33.744"	9.5596e-011	-8.5577e-014	6.0677e-012	7.5559e-014	2.0206e-011	6.4731e-014	8.5832e-006	
"01.07.2024 14:15:34.027"	9.6676e-011	-8.3836e-014	5.9058e-012	7.6096e-014	2.0481e-011	6.1634e-014	8.5832e-006	
"01.07.2024 14:15:34.310"	9.7695e-011	-8.7347e-014	5.9595e-012	7.2799e-014	2.1014e-011	5.7742e-014	8.5826e-006	
"01.07.2024 14:15:34.594"	9.5523e-011	-8.6310e-014	6.0728e-012	7.4309e-014	2.0169e-011	6.3682e-014	8.5826e-006	
"01.07.2024 14:15:34.878"	9.6591e-011	-8.7527e-014	5.9488e-012	7.5085e-014	2.0462e-011	6.2254e-014	8.5826e-006	
"01.07.2024 14:15:35.162"	9.7641e-011	-8.8576e-014	5.9529e-012	7.4521e-014	2.0969e-011	5.8795e-014	8.5826e-006	
"01.07.2024 14:15:35.445"	9.5467e-011	-8.6981e-014	6.0688e-012	7.6311e-014	2.0180e-011	6.5145e-014	8.5819e-006	
"01.07.2024 14:15:35.728"	9.6540e-011	-8.4730e-014	5.9952e-012	7.4141e-014	2.0456e-011	6.0811e-014	8.5819e-006	
"01.07.2024 14:15:36.012"	9.7528e-011	-8.5882e-014	5.9207e-012	7.5436e-014	2.0955e-011	5.9972e-014	8.5819e-006	
"01.07.2024 14:15:36.295"	9.5292e-011	-8.4977e-014	6.0519e-012	7.1525e-014	2.0236e-011	6.3263e-014	8.5819e-006	
"01.07.2024 14:15:36.579"	9.6435e-011	-8.4379e-014	6.0524e-012	7.6138e-014	2.0391e-011	6.2864e-014	8.5796e-006	
"01.07.2024 14:15:36.863"	9.7464e-011	-8.9612e-014	5.9176e-012	7.4377e-014	2.0883e-011	6.0653e-014	8.5796e-006	
"01.07.2024 14:15:37.146"	9.5244e-011	-8.6278e-014	6.0443e-012	7.3839e-014	2.0310e-011	6.4167e-014	8.5796e-006	
"01.07.2024 14:15:37.429"	9.6327e-011	-8.6764e-014	6.0743e-012	7.3940e-014	2.0383e-011	6.3707e-014	8.5796e-006	
"01.07.2024 14:15:37.713"	9.7327e-011	-8.8002e-014	5.9105e-012	7.2954e-014	2.0879e-011	6.2404e-014	8.5861e-006	
"01.07.2024 14:15:37.996"	9.5194e-011	-8.9959e-014	6.0392e-012	7.2821e-014	2.0369e-011	6.3725e-014	8.5861e-006	
"01.07.2024 14:15:38.280"	9.6247e-011	-8.9443e-014	6.0953e-012	7.2952e-014	2.0318e-011	6.3299e-014	8.5861e-006	
"01.07.2024 14:15:38.563"	9.7329e-011	-8.4070e-014	5.8941e-012	7.5476e-014	2.0792e-011	6.1912e-014	8.5861e-006	
"01.07.2024 14:15:38.847"	9.5380e-011	-8.7452e-014	6.0152e-012	7.4821e-014	2.0584e-011	6.3346e-014	8.5815e-006	
"01.07.2024 14:15:39.130"	9.6097e-011	-8.7834e-014	6.1270e-012	7.2023e-014	2.0289e-011	6.3106e-014	8.5815e-006	
"01.07.2024 14:15:39.414"	9.7149e-011	-8.7426e-014	5.8778e-012	7.5408e-014	2.0743e-011	6.0936e-014	8.5815e-006	
"01.07.2024 14:15:39.697"	9.5766e-011	-8.8976e-014	5.9988e-012	7.5681e-014	2.0695e-011	6.3834e-014	8.5815e-006	
"01.07.2024 14:15:39.980"	9.6015e-011	-8.4670e-014	6.1076e-012	7.4642e-014	2.0248e-011	6.2672e-014	8.5833e-006	
"01.07.2024 14:15:40.264"	9.7026e-011	-8.4904e-014	5.8880e-012	7.5989e-014	2.0702e-011	6.2131e-014	8.5833e-006	
"01.07.2024 14:15:40.547"	9.6120e-011	-8.8731e-014	6.0126e-012	7.4531e-014	2.0866e-011	6.5003e-014	8.5833e-006	
"01.07.2024 14:15:40.831"	9.5905e-011	-8.4906e-014	6.0989e-012	7.5618e-014	2.0249e-011	6.1482e-014	8.5833e-006	
"01.07.2024 14:15:41.114"	9.6981e-011	-8.6340e-014	5.8722e-012	7.2213e-014	2.0693e-011	5.8317e-014	8.5830e-006	
"01.07.2024 14:15:41.398"	9.6594e-011	-8.6925e-014	5.9748e-012	7.5989e-014	2.0967e-011	6.1194e-014	8.5830e-006	
"01.07.2024 14:15:41.682"	9.5816e-011	-8.6490e-014	6.0989e-012	7.2988e-014	2.0227e-011	6.3056e-014	8.5830e-006	
"01.07.2024 14:15:41.965"	9.6881e-011	-8.6245e-014	5.8747e-012	7.5713e-014	2.0656e-011	6.1864e-014	8.5833e-006	
"01.07.2024 14:15:42.249"	9.7108e-011	-8.5839e-014	5.9794e-012	7.3953e-014	2.1012e-011	6.0001e-014	8.5833e-006	
"01.07.2024 14:15:42.532"	9.5726e-011	-8.8944e-014	6.0902e-012	7.0212e-014	2.0196e-011	6.3145e-014	8.5833e-006	
"01.07.2024 14:15:42.815"	9.6807e-011	-8.8048e-014	5.8920e-012	7.2431e-014	2.0599e-011	6.3623e-014	8.5833e-006	
"01.07.2024 14:15:43.099"	9.7414e-011	-8.7335e-014	5.9641e-012	7.3325e-014	2.1064e-011	5.9021e-014	8.5820e-006	
"01.07.2024 14:15:43.382"	9.5589e-011	-8.6345e-014	6.0739e-012	7.5868e-014	2.0195e-011	6.2151e-014	8.5820e-006	
"01.07.2024 14:15:43.666"	9.6680e-011	-8.9484e-014	5.9201e-012	7.3665e-014	2.0530e-011	6.0791e-014	8.5820e-006	
"01.07.2024 14:15:43.949"	9.7650e-011	-8.6879e-014	5.9534e-012	7.2440e-014	2.1026e-011	6.0019e-014	8.5820e-006	
"01.07.2024 14:15:44.233"	9.5545e-011	-8.2999e-014	6.0728e-012	7.2984e-014	2.0188e-011	6.1199e-014	8.5807e-006	
"01.07.2024 14:15:44.516"	9.6606e-011	-8.6062e-014	5.9426e-012	7.4049e-014	2.0509e-011	6.2170e-014	8.5807e-006	
"01.07.2024 14:15:44.800"	9.7588e-011	-8.9023e-014	5.9528e-012	7.2616e-014	2.0986e-011	5.8942e-014	8.5807e-006	
"01.07.2024 14:15:45.083"	9.5333e-011	-8.7837e-014	6.0483e-012	7.5632e-014	2.0220e-011	6.2834e-014	8.5807e-006	
"01.07.2024 14:15:45.367"	9.6441e-011	-8.8690e-014	6.0228e-012	7.4220e-014	2.0458e-011	6.1751e-014	8.5762e-006	
"01.07.2024 14:15:45.650"	9.7440e-011	-8.7265e-014	5.9355e-012	7.5468e-014	2.0926e-011	6.0122e-014	8.5762e-006	
"01.07.2024 14:15:45.934"	9.5251e-011	-8.9505e-014	6.0432e-012	7.3925e-014	2.0278e-011	6.1938e-014	8.5762e-006	
"01.07.2024 14:15:46.217"	9.6346e-011	-9.1307e-014	6.0586e-012	7.3966e-014	2.0436e-011	6.2367e-014	8.5762e-006	
"01.07.2024 14:15:46.501"	9.7436e-011	-8.8592e-014	5.9232e-012	7.5043e-014	2.0920e-011	6.1858e-014	8.5465e-006	
"01.07.2024 14:15:46.784"	9.5178e-011	-8.7284e-014	6.0263e-012	7.4996e-014	2.0395e-011	6.3861e-014	8.5465e-006	
"01.07.2024 14:15:47.068"	9.6268e-011	-8.5635e-014	6.0882e-012	7.2611e-014	2.0393e-011	6.3182e-014	8.5465e-006	
"01.07.2024 14:15:47.351"	9.7301e-011	-8.9874e-014	5.9110e-012	7.4952e-014	2.0824e-011	6.0413e-014	8.5465e-006	
"01.07.2024 14:15:47.634"	9.5206e-011	-8.6977e-014	6.0325e-012	7.6045e-014	2.0430e-011	6.3845e-014	8.5475e-006	
"01.07.2024 14:15:47.918"	9.6252e-011	-8.8091e-014	6.1096e-012	7.2554e-014	2.0299e-011	6.2535e-014	8.5475e-006	
"01.07.2024 14:15:48.202"	9.7235e-011	-8.5789e-014	5.9196e-012	6.8833e-014	2.0817e-011	6.1657e-014	8.5475e-006	
