"Spectra International Data File"
"[Scan Data (Pressures in mbar)]"
"Time"	"Mass 2"	"Mass 8"	"Mass 4"	"Mass 12"	"Mass 40"	"Mass 44"	"CirrusPressure"	
"01.07.2024 14:02:01.377"	9.7614e-011	-8.5874e-014	6.0167e-012	7.3670e-014	2.1051e-011	6.7351e-014	8.5506e-006	
"01.07.2024 14:02:01.661"	9.5852e-011	-8.5791e-014	6.1040e-012	7.6705e-014	2.0206e-011	6.9521e-014	8.5506e-006	
"01.07.2024 14:02:01.944"	9.6852e-011	-8.7183e-014	5.9487e-012	7.4993e-014	2.0556e-011	6.7439e-014	8.5506e-006	
"01.07.2024 14:02:02.228"	9.7813e-011	-8.6220e-014	5.9926e-012	7.2289e-014	2.1031e-011	6.4084e-014	8.5506e-006	
"01.07.2024 14:02:02.511"	9.5729e-011	-8.6020e-014	6.1081e-012	7.3495e-014	2.0230e-011	6.8342e-014	8.5484e-006	
"01.07.2024 14:02:02.795"	9.6782e-011	-8.6803e-014	6.0049e-012	7.1824e-014	2.0526e-011	6.6343e-014	8.5484e-006	
"01.07.2024 14:02:03.078"	9.7834e-011	-8.5612e-014	5.9911e-012	7.5426e-014	2.1017e-011	6.6479e-014	8.5484e-006	
"01.07.2024 14:02:03.362"	9.5574e-011	-8.9796e-014	6.1127e-012	7.3667e-014	2.0239e-011	7.1408e-014	8.5484e-006	
"01.07.2024 14:02:03.646"	9.6728e-011	-8.6285e-014	6.0345e-012	7.7843e-014	2.0491e-011	6.8564e-014	8.5502e-006	
"01.07.2024 14:02:03.929"	9.7780e-011	-8.3547e-014	5.9774e-012	7.6869e-014	2.0998e-011	6.2224e-014	8.5502e-006	
"01.07.2024 14:02:04.213"	9.5496e-011	-8.3228e-014	6.1141e-012	7.4059e-014	2.0238e-011	6.8972e-014	8.5502e-006	
"01.07.2024 14:02:04.496"	9.6626e-011	-8.5700e-014	6.0728e-012	7.5387e-014	2.0404e-011	6.8901e-014	8.5502e-006	
"01.07.2024 14:02:04.780"	9.7648e-011	-8.6881e-014	5.9620e-012	7.4578e-014	2.0909e-011	6.7461e-014	8.5518e-006	
"01.07.2024 14:02:05.064"	9.5419e-011	-8.7471e-014	6.0810e-012	7.3441e-014	2.0359e-011	6.8317e-014	8.5518e-006	
"01.07.2024 14:02:05.347"	9.6482e-011	-8.6672e-014	6.1285e-012	7.4519e-014	2.0421e-011	6.8615e-014	8.5518e-006	
"01.07.2024 14:02:05.631"	9.7504e-011	-8.4914e-014	5.9590e-012	7.4350e-014	2.0886e-011	6.8236e-014	8.5518e-006	
"01.07.2024 14:02:05.914"	9.5433e-011	-8.7924e-014	6.0672e-012	7.3819e-014	2.0456e-011	6.9985e-014	8.5521e-006	
"01.07.2024 14:02:06.197"	9.6409e-011	-8.7092e-014	6.1464e-012	7.3371e-014	2.0341e-011	6.6364e-014	8.5521e-006	
"01.07.2024 14:02:06.481"	9.7416e-011	-8.7448e-014	5.9478e-012	7.1639e-014	2.0869e-011	6.7443e-014	8.5521e-006	
"01.07.2024 14:02:06.764"	9.6833e-011	-8.8545e-014	6.2950e-012	7.2074e-014	1.4175e-011	7.9994e-014	8.5521e-006	
"01.07.2024 14:02:07.048"	1.0446e-010	-8.6139e-014	6.8886e-012	7.2423e-014	4.6447e-012	9.3438e-014	8.5523e-006	
"01.07.2024 14:02:07.331"	1.0824e-010	-8.7154e-014	7.0677e-012	7.5152e-014	2.5381e-012	8.7902e-014	8.5523e-006	
"01.07.2024 14:02:07.615"	1.0739e-010	-8.7967e-014	7.4418e-012	7.0090e-014	1.8328e-012	8.3211e-014	8.5523e-006	
"01.07.2024 14:02:07.898"	1.0932e-010	-8.6093e-014	7.7734e-012	7.0735e-014	1.4822e-012	8.4930e-014	8.8212e-006	
"01.07.2024 14:02:08.182"	1.1194e-010	-8.6274e-014	7.6065e-012	7.0721e-014	1.3344e-012	8.7191e-014	8.8212e-006	
"01.07.2024 14:02:08.465"	1.1132e-010	-8.9130e-014	8.0499e-012	6.9829e-014	1.2086e-012	8.1707e-014	8.8212e-006	
"01.07.2024 14:02:08.748"	1.1512e-010	-8.9913e-014	8.5207e-012	9.3108e-014	1.1217e-012	8.4493e-014	8.8212e-006	
"01.07.2024 14:02:09.032"	1.1873e-010	-8.7118e-014	8.4611e-012	9.1581e-014	1.1116e-012	8.9720e-014	9.2938e-006	
"01.07.2024 14:02:09.316"	1.1714e-010	-8.9545e-014	8.7987e-012	8.9986e-014	1.0094e-012	8.4820e-014	9.2938e-006	
"01.07.2024 14:02:09.599"	1.1882e-010	-8.6490e-014	9.0011e-012	8.9958e-014	9.2691e-013	8.5486e-014	9.2938e-006	
"01.07.2024 14:02:09.883"	1.2038e-010	-8.6753e-014	8.6018e-012	9.2220e-014	8.9772e-013	8.8640e-014	9.2938e-006	
"01.07.2024 14:02:10.166"	1.1844e-010	-8.5330e-014	8.8334e-012	8.9088e-014	8.4566e-013	8.3971e-014	9.9103e-006	
"01.07.2024 14:02:10.450"	1.1871e-010	-8.7859e-014	9.0175e-012	8.9031e-014	7.6532e-013	8.4445e-014	9.9103e-006	
"01.07.2024 14:02:10.733"	1.2010e-010	-8.5392e-014	8.5656e-012	9.1328e-014	7.5425e-013	8.4450e-014	9.9103e-006	
"01.07.2024 14:02:11.016"	1.1948e-010	-8.8641e-014	8.8451e-012	9.0257e-014	7.2390e-013	8.2680e-014	9.9103e-006	
"01.07.2024 14:02:11.300"	1.1868e-010	-8.5857e-014	9.0262e-012	8.9244e-014	6.5223e-013	8.5550e-014	1.0005e-005	
"01.07.2024 14:02:11.583"	1.2001e-010	-8.7813e-014	8.5340e-012	9.1970e-014	6.4359e-013	8.3144e-014	1.0005e-005	
"01.07.2024 14:02:11.867"	1.2032e-010	-8.3751e-014	8.8654e-012	9.0518e-014	6.3485e-013	8.5718e-014	1.0005e-005	
"01.07.2024 14:02:12.150"	1.1851e-010	-8.6096e-014	9.0226e-012	8.9606e-014	5.7441e-013	8.3399e-014	1.0005e-005	
"01.07.2024 14:02:12.434"	1.2003e-010	-8.7826e-014	8.5570e-012	9.1353e-014	5.6860e-013	8.0069e-014	1.0036e-005	
"01.07.2024 14:02:12.717"	1.2099e-010	-8.7089e-014	8.8140e-012	9.0175e-014	5.6717e-013	8.2371e-014	1.0036e-005	
"01.07.2024 14:02:13.001"	1.1829e-010	-8.8419e-014	8.9742e-012	8.9691e-014	5.0867e-013	7.9294e-014	1.0036e-005	
"01.07.2024 14:02:13.284"	1.1984e-010	-8.9449e-014	8.6447e-012	9.1876e-014	5.1296e-013	7.7600e-014	1.0036e-005	
"01.07.2024 14:02:13.567"	1.2126e-010	-8.7615e-014	8.8283e-012	8.8822e-014	5.1081e-013	7.8957e-014	1.0079e-005	
"01.07.2024 14:02:13.852"	1.1807e-010	-8.5927e-014	8.9578e-012	9.0285e-014	4.7382e-013	7.3212e-014	1.0079e-005	
"01.07.2024 14:02:14.135"	1.1979e-010	-8.6537e-014	8.7309e-012	9.1130e-014	4.6727e-013	7.7140e-014	1.0079e-005	
"01.07.2024 14:02:14.418"	1.2105e-010	-8.5082e-014	8.7615e-012	9.1054e-014	4.7883e-013	7.2650e-014	1.0094e-005	
"01.07.2024 14:02:14.702"	1.1778e-010	-8.8925e-014	8.9966e-012	9.0448e-014	4.4289e-013	8.9038e-014	1.0094e-005	
"01.07.2024 14:02:14.985"	1.1976e-010	-8.6454e-014	8.8410e-012	9.2237e-014	4.3507e-013	8.9695e-014	1.0094e-005	
"01.07.2024 14:02:15.269"	1.2099e-010	-8.4022e-014	8.7024e-012	9.1411e-014	4.3769e-013	9.0204e-014	1.0094e-005	
"01.07.2024 14:02:15.552"	1.1717e-010	-8.5941e-014	8.9134e-012	8.9801e-014	4.1995e-013	8.2924e-014	1.0126e-005	
"01.07.2024 14:02:15.836"	1.1974e-010	-8.7054e-014	8.9445e-012	9.2169e-014	4.1757e-013	8.5165e-014	1.0126e-005	
"01.07.2024 14:02:16.119"	1.2096e-010	-8.7609e-014	8.6988e-012	9.0754e-014	4.2292e-013	8.5237e-014	1.0126e-005	
"01.07.2024 14:02:16.403"	1.1718e-010	-8.5923e-014	8.9344e-012	9.0126e-014	4.0108e-013	7.7726e-014	1.0126e-005	
"01.07.2024 14:02:16.687"	1.1967e-010	-8.6537e-014	9.0001e-012	9.1893e-014	4.0072e-013	7.8589e-014	1.0140e-005	
"01.07.2024 14:02:16.970"	1.2094e-010	-8.6307e-014	8.6793e-012	9.1317e-014	3.9648e-013	7.8494e-014	1.0140e-005	
"01.07.2024 14:02:17.254"	1.1732e-010	-8.6493e-014	8.8778e-012	9.0703e-014	3.8981e-013	7.3129e-014	1.0140e-005	
"01.07.2024 14:02:17.537"	1.1922e-010	-8.5875e-014	9.0598e-012	9.0634e-014	3.8019e-013	7.3449e-014	1.0140e-005	
"01.07.2024 14:02:17.821"	1.2090e-010	-8.7700e-014	8.7018e-012	9.0830e-014	3.8767e-013	7.5196e-014	1.0141e-005	
"01.07.2024 14:02:18.104"	1.1768e-010	-8.7468e-014	8.8778e-012	8.9606e-014	3.7698e-013	6.9233e-014	1.0141e-005	
"01.07.2024 14:02:18.389"	1.1913e-010	-8.5364e-014	9.0460e-012	8.9658e-014	3.6054e-013	6.7109e-014	1.0141e-005	
"01.07.2024 14:02:18.672"	1.2056e-010	-8.8547e-014	8.6013e-012	9.1308e-014	3.7156e-013	7.0367e-014	1.0141e-005	
"01.07.2024 14:02:18.956"	1.1845e-010	-8.2924e-014	8.9130e-012	8.8741e-014	3.7039e-013	6.7524e-014	1.0163e-005	
"01.07.2024 14:02:19.239"	1.1924e-010	-8.9057e-014	9.0766e-012	8.7958e-014	3.5558e-013	6.4248e-014	1.0163e-005	
"01.07.2024 14:02:19.523"	1.2037e-010	-9.1084e-014	8.6034e-012	9.2725e-014	3.5916e-013	6.6662e-014	1.0163e-005	
"01.07.2024 14:02:19.806"	1.1920e-010	-8.8001e-014	8.8527e-012	9.0080e-014	3.5853e-013	6.4122e-014	1.0163e-005	
"01.07.2024 14:02:20.090"	1.1910e-010	-8.3433e-014	9.0522e-012	8.9049e-014	3.4424e-013	6.1357e-014	1.0171e-005	
"01.07.2024 14:02:20.373"	1.2033e-010	-8.6542e-014	8.5738e-012	9.1676e-014	3.5191e-013	6.2214e-014	1.0171e-005	
"01.07.2024 14:02:20.657"	1.1991e-010	-8.5294e-014	8.8533e-012	9.0076e-014	3.5587e-013	6.3297e-014	1.0171e-005	
"01.07.2024 14:02:20.940"	1.1895e-010	-8.7098e-014	9.0399e-012	8.8144e-014	3.3664e-013	5.8183e-014	1.0180e-005	
"01.07.2024 14:02:21.223"	1.2016e-010	-9.4152e-014	8.5518e-012	9.1631e-014	3.4213e-013	6.0872e-014	1.0180e-005	
"01.07.2024 14:02:21.507"	1.2061e-010	-8.6488e-014	8.8212e-012	9.0288e-014	3.4428e-013	6.0673e-014	1.0180e-005	
"01.07.2024 14:02:21.790"	1.1857e-010	-8.6435e-014	9.0358e-012	8.8295e-014	3.2751e-013	5.5672e-014	1.0180e-005	
"01.07.2024 14:02:22.074"	1.1999e-010	-9.0547e-014	8.6039e-012	9.1595e-014	3.3446e-013	5.8840e-014	1.0178e-005	
"01.07.2024 14:02:22.357"	1.2121e-010	-8.8181e-014	8.8176e-012	9.0493e-014	3.3802e-013	5.8866e-014	1.0178e-005	
"01.07.2024 14:02:22.641"	1.1839e-010	-8.7521e-014	9.0323e-012	8.9112e-014	3.1977e-013	5.3681e-014	1.0178e-005	
"01.07.2024 14:02:22.924"	1.1998e-010	-8.7253e-014	8.6544e-012	9.2630e-014	3.2314e-013	5.5491e-014	1.0178e-005	
"01.07.2024 14:02:23.208"	1.2112e-010	-8.7510e-014	8.7819e-012	8.9986e-014	3.2408e-013	5.6733e-014	1.0185e-005	
"01.07.2024 14:02:23.491"	1.1790e-010	-8.7053e-014	8.9879e-012	8.8921e-014	3.1592e-013	5.1517e-014	1.0185e-005	
"01.07.2024 14:02:23.775"	1.2010e-010	-8.7056e-014	8.7829e-012	9.2218e-014	3.1762e-013	5.4446e-014	1.0185e-005	
"01.07.2024 14:02:24.058"	1.2115e-010	-8.4381e-014	8.7692e-012	9.0981e-014	3.2730e-013	5.4803e-014	1.0185e-005	
"01.07.2024 14:02:24.342"	1.1741e-010	-8.4500e-014	8.9165e-012	8.9903e-014	3.0797e-013	5.0528e-014	1.0193e-005	
"01.07.2024 14:02:24.625"	1.1977e-010	-8.7997e-014	8.9002e-012	9.1770e-014	3.1269e-013	5.3575e-014	1.0193e-005	
"01.07.2024 14:02:24.909"	1.2114e-010	-8.6566e-014	8.7299e-012	9.0418e-014	3.1903e-013	5.4089e-014	1.0193e-005	
"01.07.2024 14:02:25.192"	1.1720e-010	-8.5297e-014	8.9180e-012	8.9351e-014	3.0447e-013	4.9380e-014	1.0193e-005	
"01.07.2024 14:02:25.475"	1.1961e-010	-8.4584e-014	8.9961e-012	9.1781e-014	3.0599e-013	5.0525e-014	1.0188e-005	
"01.07.2024 14:02:25.759"	1.2111e-010	-8.7103e-014	8.6993e-012	9.0660e-014	3.1262e-013	5.2405e-014	1.0188e-005	
"01.07.2024 14:02:26.042"	1.1713e-010	-9.1801e-014	8.9160e-012	8.9217e-014	3.0259e-013	4.8561e-014	1.0188e-005	
"01.07.2024 14:02:26.326"	1.1927e-010	-8.5502e-014	9.0354e-012	9.1303e-014	3.0227e-013	4.9336e-014	1.0188e-005	
"01.07.2024 14:02:26.609"	1.2094e-010	-8.6526e-014	8.6702e-012	9.0059e-014	3.0713e-013	5.1385e-014	1.0197e-005	
"01.07.2024 14:02:26.893"	1.1770e-010	-8.5808e-014	8.8829e-012	8.9993e-014	2.9732e-013	4.7280e-014	1.0197e-005	
"01.07.2024 14:02:27.176"	1.1926e-010	-8.9638e-014	9.0537e-012	9.0280e-014	2.9089e-013	4.7189e-014	1.0197e-005	
"01.07.2024 14:02:27.460"	1.2082e-010	-8.5635e-014	8.6452e-012	9.0264e-014	3.0405e-013	5.0185e-014	1.0197e-005	
"01.07.2024 14:02:27.743"	1.1832e-010	-8.5905e-014	8.8309e-012	9.0660e-014	2.9793e-013	4.7546e-014	1.0207e-005	
"01.07.2024 14:02:28.027"	1.1899e-010	-8.5991e-014	9.0384e-012	8.9859e-014	2.8710e-013	4.6821e-014	1.0207e-005	
"01.07.2024 14:02:28.310"	1.2061e-010	-8.7728e-014	8.6233e-012	9.1093e-014	2.9937e-013	4.8595e-014	1.0207e-005	
"01.07.2024 14:02:28.594"	1.1914e-010	-8.7312e-014	8.8507e-012	9.0293e-014	2.9875e-013	4.7046e-014	1.0190e-005	
"01.07.2024 14:02:28.877"	1.1872e-010	-8.5732e-014	9.0093e-012	8.8470e-014	2.8487e-013	4.4546e-014	1.0190e-005	
"01.07.2024 14:02:29.161"	1.2043e-010	-8.7937e-014	8.5784e-012	8.9990e-014	2.8435e-013	4.6991e-014	1.0190e-005	
"01.07.2024 14:02:29.444"	1.2004e-010	-8.7946e-014	8.8375e-012	8.9661e-014	3.0170e-013	4.6953e-014	1.0190e-005	
"01.07.2024 14:02:29.728"	1.1858e-010	-8.5439e-014	9.0027e-012	8.9728e-014	2.7623e-013	4.3143e-014	1.0194e-005	
"01.07.2024 14:02:30.011"	1.2026e-010	-8.7052e-014	8.5927e-012	9.1143e-014	2.8744e-013	4.6743e-014	1.0194e-005	
"01.07.2024 14:02:30.295"	1.2080e-010	-8.5312e-014	8.8615e-012	9.0087e-014	2.9303e-013	4.6308e-014	1.0194e-005	
"01.07.2024 14:02:30.578"	1.1834e-010	-8.3788e-014	8.9843e-012	8.9930e-014	2.7706e-013	4.3098e-014	1.0194e-005	
"01.07.2024 14:02:30.862"	1.2019e-010	-8.6380e-014	8.6350e-012	9.2476e-014	2.8200e-013	4.5589e-014	1.0198e-005	
"01.07.2024 14:02:31.145"	1.2118e-010	-8.5389e-014	8.8410e-012	8.9456e-014	2.8765e-013	4.6451e-014	1.0198e-005	
"01.07.2024 14:02:31.429"	1.1802e-010	-9.1073e-014	8.9716e-012	8.9835e-014	2.7391e-013	4.2352e-014	1.0198e-005	
"01.07.2024 14:02:31.713"	1.2010e-010	-8.6333e-014	8.6656e-012	9.2663e-014	2.8048e-013	4.4925e-014	1.0198e-005	
"01.07.2024 14:02:31.997"	1.2144e-010	-8.4123e-014	8.8191e-012	9.0589e-014	2.8850e-013	4.5028e-014	1.0203e-005	
"01.07.2024 14:02:32.280"	1.1790e-010	-8.5905e-014	8.9726e-012	8.6910e-014	2.6870e-013	4.0982e-014	1.0203e-005	
"01.07.2024 14:02:32.564"	1.1975e-010	-8.9388e-014	8.7574e-012	9.1668e-014	2.7214e-013	4.2551e-014	1.0203e-005	
"01.07.2024 14:02:32.847"	1.2118e-010	-8.4760e-014	8.8043e-012	8.9829e-014	2.7799e-013	4.4041e-014	1.0203e-005	
"01.07.2024 14:02:33.131"	1.1781e-010	-8.4379e-014	8.9904e-012	8.9871e-014	2.6698e-013	4.0982e-014	1.0199e-005	
"01.07.2024 14:02:33.414"	1.1968e-010	-8.6050e-014	8.8446e-012	9.2389e-014	2.6367e-013	4.2182e-014	1.0199e-005	
"01.07.2024 14:02:33.698"	1.2095e-010	-8.6503e-014	8.7222e-012	9.0328e-014	2.7462e-013	4.3062e-014	1.0199e-005	
"01.07.2024 14:02:33.981"	1.1739e-010	-8.5914e-014	8.9364e-012	8.9907e-014	2.6411e-013	4.0854e-014	1.0199e-005	
"01.07.2024 14:02:34.265"	1.1960e-010	-8.4447e-014	8.9981e-012	9.1777e-014	2.6645e-013	4.1168e-014	1.0208e-005	
"01.07.2024 14:02:34.548"	1.2083e-010	-8.7595e-014	8.6957e-012	9.1079e-014	2.7062e-013	4.3181e-014	1.0208e-005	
"01.07.2024 14:02:34.832"	1.1747e-010	-8.6953e-014	8.9166e-012	8.9673e-014	2.6140e-013	3.9452e-014	1.0208e-005	
"01.07.2024 14:02:35.115"	1.1936e-010	-8.6598e-014	9.0456e-012	9.1033e-014	2.5883e-013	3.9694e-014	1.0217e-005	
"01.07.2024 14:02:35.399"	1.2076e-010	-8.7171e-014	8.6478e-012	9.0415e-014	2.6491e-013	4.1743e-014	1.0217e-005	
"01.07.2024 14:02:35.682"	1.1770e-010	-8.7130e-014	8.9512e-012	8.9939e-014	2.6448e-013	4.0115e-014	1.0217e-005	
"01.07.2024 14:02:35.965"	1.1931e-010	-8.7729e-014	9.0803e-012	9.0720e-014	2.5784e-013	3.9543e-014	1.0217e-005	
"01.07.2024 14:02:36.249"	1.2062e-010	-9.0823e-014	8.6044e-012	9.0900e-014	2.5713e-013	4.0844e-014	1.0218e-005	
"01.07.2024 14:02:36.533"	1.1823e-010	-8.7022e-014	8.9247e-012	8.9412e-014	2.6391e-013	3.9458e-014	1.0218e-005	
"01.07.2024 14:02:36.817"	1.1926e-010	-8.5834e-014	9.0721e-012	8.9108e-014	2.4969e-013	3.9528e-014	1.0218e-005	
"01.07.2024 14:02:37.100"	1.2038e-010	-8.6273e-014	8.5692e-012	9.0914e-014	2.5968e-013	4.0049e-014	1.0218e-005	
"01.07.2024 14:02:37.383"	1.1920e-010	-8.5861e-014	8.8726e-012	8.9552e-014	2.5777e-013	3.8698e-014	1.0217e-005	
"01.07.2024 14:02:37.667"	1.1927e-010	-8.6084e-014	9.0716e-012	9.0154e-014	2.4653e-013	3.8426e-014	1.0217e-005	
"01.07.2024 14:02:37.950"	1.2040e-010	-8.7681e-014	8.5580e-012	9.1650e-014	2.5322e-013	3.8735e-014	1.0217e-005	
"01.07.2024 14:02:38.234"	1.1999e-010	-8.3355e-014	8.8268e-012	9.1318e-014	2.5698e-013	3.9523e-014	1.0217e-005	
"01.07.2024 14:02:38.517"	1.1865e-010	-8.7479e-014	9.0522e-012	8.8598e-014	2.4562e-013	3.7812e-014	1.0213e-005	
"01.07.2024 14:02:38.801"	1.2055e-010	-8.5156e-014	8.5963e-012	9.1299e-014	2.5525e-013	3.9873e-014	1.0213e-005	
"01.07.2024 14:02:39.084"	1.2073e-010	-8.5919e-014	8.8064e-012	9.0939e-014	2.5150e-013	3.8861e-014	1.0213e-005	
"01.07.2024 14:02:39.368"	1.1815e-010	-8.4686e-014	8.9675e-012	8.9372e-014	2.3748e-013	3.6304e-014	1.0213e-005	
"01.07.2024 14:02:39.651"	1.2006e-010	-8.7701e-014	8.6569e-012	9.1304e-014	2.4664e-013	3.8132e-014	1.0219e-005	
"01.07.2024 14:02:39.934"	1.2152e-010	-8.6210e-014	8.8237e-012	9.0107e-014	2.5687e-013	3.8496e-014	1.0219e-005	
"01.07.2024 14:02:40.218"	1.1792e-010	-8.5873e-014	8.9808e-012	8.7890e-014	2.3791e-013	3.5352e-014	1.0219e-005	
"01.07.2024 14:02:40.501"	1.1983e-010	-8.6897e-014	8.7849e-012	9.2456e-014	2.3778e-013	3.7028e-014	1.0219e-005	
"01.07.2024 14:02:40.785"	1.2143e-010	-8.7039e-014	8.8089e-012	9.0201e-014	2.4694e-013	3.8248e-014	1.0221e-005	
"01.07.2024 14:02:41.069"	1.1771e-010	-8.7017e-014	8.9456e-012	8.9951e-014	2.3729e-013	3.5364e-014	1.0221e-005	
"01.07.2024 14:02:41.352"	1.1967e-010	-8.6635e-014	8.8583e-012	9.1474e-014	2.4013e-013	3.6532e-014	1.0221e-005	
"01.07.2024 14:02:41.636"	1.2141e-010	-8.5574e-014	8.7442e-012	9.0865e-014	2.4567e-013	3.8040e-014	1.0221e-005	
"01.07.2024 14:02:41.919"	1.1752e-010	-8.5151e-014	8.9395e-012	8.9167e-014	2.3571e-013	3.5620e-014	1.0221e-005	
"01.07.2024 14:02:42.202"	1.1945e-010	-8.8079e-014	8.9670e-012	6.9525e-014	2.3783e-013	3.5981e-014	1.0221e-005	
"01.07.2024 14:02:42.486"	1.2105e-010	-8.4987e-014	8.7431e-012	9.1592e-014	2.4152e-013	3.7171e-014	1.0221e-005	
"01.07.2024 14:02:42.769"	1.1757e-010	-8.6891e-014	8.9527e-012	8.9038e-014	2.3513e-013	3.4533e-014	1.0217e-005	
"01.07.2024 14:02:43.053"	1.1941e-010	-8.6948e-014	8.9920e-012	9.2115e-014	2.3186e-013	3.5100e-014	1.0217e-005	
"01.07.2024 14:02:43.336"	1.2068e-010	-8.4996e-014	8.6253e-012	9.1500e-014	2.4009e-013	3.6662e-014	1.0217e-005	
"01.07.2024 14:02:43.620"	1.1766e-010	-8.4121e-014	8.9181e-012	9.0187e-014	2.2924e-013	3.4523e-014	1.0217e-005	
"01.07.2024 14:02:43.903"	1.1940e-010	-8.6836e-014	9.1001e-012	9.0062e-014	2.2890e-013	3.5377e-014	1.0220e-005	
"01.07.2024 14:02:44.187"	1.2055e-010	-8.8106e-014	8.6029e-012	9.2146e-014	2.3148e-013	3.5910e-014	1.0220e-005	
"01.07.2024 14:02:44.470"	1.1826e-010	-8.5470e-014	8.9431e-012	8.8770e-014	2.3246e-013	3.5045e-014	1.0220e-005	
"01.07.2024 14:02:44.754"	1.1932e-010	-8.6123e-014	9.0863e-012	8.9071e-014	2.2268e-013	3.3816e-014	1.0220e-005	
"01.07.2024 14:02:45.037"	1.2048e-010	-9.0500e-014	8.5982e-012	9.1223e-014	2.2953e-013	3.5176e-014	1.0222e-005	
"01.07.2024 14:02:45.321"	1.1888e-010	-8.5413e-014	8.9078e-012	9.0225e-014	2.3308e-013	3.4460e-014	1.0222e-005	
"01.07.2024 14:02:45.604"	1.1917e-010	-8.5557e-014	9.0548e-012	8.9113e-014	2.2155e-013	3.3075e-014	1.0222e-005	
"01.07.2024 14:02:45.888"	1.2047e-010	-8.6146e-014	8.5912e-012	9.1604e-014	2.2845e-013	3.4998e-014	1.0222e-005	
"01.07.2024 14:02:46.171"	1.1939e-010	-8.5831e-014	8.8661e-012	8.9376e-014	2.3193e-013	3.5267e-014	1.0221e-005	
"01.07.2024 14:02:46.456"	1.1894e-010	-9.3082e-014	9.0415e-012	9.0316e-014	2.2062e-013	3.3695e-014	1.0221e-005	
"01.07.2024 14:02:46.739"	1.2035e-010	-8.6466e-014	8.5810e-012	9.1269e-014	2.2627e-013	3.4857e-014	1.0221e-005	
"01.07.2024 14:02:47.023"	1.1998e-010	-8.8040e-014	8.8706e-012	8.9306e-014	2.3208e-013	3.4107e-014	1.0221e-005	
"01.07.2024 14:02:47.307"	1.1874e-010	-8.9075e-014	9.0201e-012	8.7504e-014	2.1896e-013	3.2904e-014	1.0221e-005	
"01.07.2024 14:02:47.590"	1.2034e-010	-8.9173e-014	8.5962e-012	9.1193e-014	2.2235e-013	3.4443e-014	1.0221e-005	
"01.07.2024 14:02:47.874"	1.2062e-010	-8.7465e-014	8.8584e-012	9.0249e-014	2.2339e-013	3.3885e-014	1.0221e-005	
"01.07.2024 14:02:48.157"	1.1845e-010	-8.9049e-014	9.0124e-012	9.0633e-014	2.3396e-013	3.4961e-014	1.0221e-005	
"01.07.2024 14:02:48.441"	1.2029e-010	-8.3772e-014	8.6095e-012	9.2848e-014	2.2581e-013	3.5242e-014	1.0223e-005	
"01.07.2024 14:02:48.724"	1.2121e-010	-8.6337e-014	8.8196e-012	9.0491e-014	2.3134e-013	3.5886e-014	1.0223e-005	
"01.07.2024 14:02:49.008"	1.1811e-010	-8.8165e-014	8.9721e-012	9.0028e-014	2.1555e-013	3.2190e-014	1.0223e-005	
"01.07.2024 14:02:49.291"	1.1978e-010	-8.7459e-014	8.8686e-012	9.1054e-014	3.0279e-012	8.9642e-014	1.0226e-005	
"01.07.2024 14:02:49.575"	1.1331e-010	-8.5739e-014	8.6135e-012	9.2168e-014	1.7857e-011	7.6231e-014	1.0226e-005	
"01.07.2024 14:02:49.858"	1.0775e-010	-8.4758e-014	7.4020e-012	7.2081e-014	2.2151e-011	6.8330e-014	1.0226e-005	
"01.07.2024 14:02:50.142"	1.0833e-010	-8.6351e-014	7.2356e-012	7.1430e-014	2.4060e-011	6.3013e-014	1.0226e-005	
"01.07.2024 14:02:50.426"	1.0884e-010	-8.7611e-014	7.2892e-012	7.1162e-014	2.5025e-011	5.8582e-014	1.0072e-005	
"01.07.2024 14:02:50.709"	1.0606e-010	-8.5598e-014	7.4245e-012	7.2226e-014	2.3170e-011	6.1587e-014	1.0072e-005	
"01.07.2024 14:02:50.993"	1.0766e-010	-8.3066e-014	7.3167e-012	7.1799e-014	2.3613e-011	5.8815e-014	1.0072e-005	
"01.07.2024 14:02:51.276"	1.0796e-010	-8.8317e-014	7.1504e-012	7.3539e-014	2.4533e-011	5.3395e-014	1.0072e-005	
"01.07.2024 14:02:51.559"	1.0444e-010	-8.7290e-014	7.2147e-012	7.1603e-014	2.3890e-011	5.7215e-014	9.9753e-006	
"01.07.2024 14:02:51.843"	1.0582e-010	-8.9499e-014	7.2213e-012	7.1492e-014	2.4173e-011	5.5675e-014	9.9753e-006	
"01.07.2024 14:02:52.126"	1.0646e-010	-8.6987e-014	6.9565e-012	7.2933e-014	2.4743e-011	5.4237e-014	9.9753e-006	
"01.07.2024 14:02:52.410"	1.0337e-010	-8.5623e-014	7.0830e-012	7.4191e-014	2.4057e-011	5.5684e-014	9.9753e-006	
"01.07.2024 14:02:52.693"	1.0478e-010	-8.3034e-014	7.1545e-012	7.3714e-014	2.3934e-011	5.7516e-014	9.8199e-006	
"01.07.2024 14:02:52.977"	1.0550e-010	-8.8228e-014	6.8478e-012	7.1893e-014	2.4408e-011	5.5113e-014	9.8199e-006	
"01.07.2024 14:02:53.260"	1.0318e-010	-8.6539e-014	6.9642e-012	7.0742e-014	2.4093e-011	5.8508e-014	9.8199e-006	
"01.07.2024 14:02:53.543"	1.0395e-010	-8.7967e-014	7.0545e-012	7.0367e-014	2.3648e-011	5.8582e-014	9.8199e-006	
"01.07.2024 14:02:53.827"	1.0469e-010	-8.4528e-014	6.7406e-012	7.2989e-014	2.4022e-011	5.7315e-014	9.6841e-006	
"01.07.2024 14:02:54.110"	1.0291e-010	-8.5447e-014	6.8743e-012	7.0409e-014	2.3981e-011	5.8892e-014	9.6841e-006	
"01.07.2024 14:02:54.394"	1.0293e-010	-8.6982e-014	6.9427e-012	7.4149e-014	2.3132e-011	5.9029e-014	9.6841e-006	
"01.07.2024 14:02:54.678"	1.0348e-010	-8.9019e-014	6.5921e-012	7.2669e-014	2.3413e-011	5.7715e-014	9.6841e-006	
"01.07.2024 14:02:54.961"	1.0227e-010	-8.4734e-014	6.6742e-012	7.0138e-014	2.3391e-011	5.9781e-014	9.5478e-006	
"01.07.2024 14:02:55.245"	1.0105e-010	-8.5845e-014	6.7100e-012	7.5106e-014	2.2163e-011	6.2099e-014	9.5478e-006	
"01.07.2024 14:02:55.528"	1.0116e-010	-9.0468e-014	6.3465e-012	7.1574e-014	2.2170e-011	6.1393e-014	9.5478e-006	
"01.07.2024 14:02:55.811"	1.0043e-010	-8.5350e-014	6.3277e-012	7.2415e-014	2.2054e-011	6.1934e-014	9.5478e-006	
"01.07.2024 14:02:56.095"	9.7872e-011	-8.8339e-014	6.3634e-012	7.4189e-014	2.0721e-011	6.6239e-014	9.2929e-006	
"01.07.2024 14:02:56.379"	9.8211e-011	-8.5652e-014	6.0794e-012	7.5655e-014	2.0847e-011	6.6185e-014	9.2929e-006	
"01.07.2024 14:02:56.662"	9.8640e-011	-8.9560e-014	6.0912e-012	7.3457e-014	2.1177e-011	6.1467e-014	9.2929e-006	
"01.07.2024 14:02:56.945"	9.6290e-011	-8.5436e-014	6.1667e-012	7.2030e-014	2.0209e-011	6.7128e-014	8.9051e-006	
"01.07.2024 14:02:57.229"	9.7273e-011	-8.7474e-014	6.0315e-012	7.6466e-014	2.0494e-011	6.3032e-014	8.9051e-006	
"01.07.2024 14:02:57.512"	9.8157e-011	-8.4331e-014	6.0295e-012	7.6239e-014	2.0896e-011	6.3455e-014	8.9051e-006	
"01.07.2024 14:02:57.796"	9.5868e-011	-8.6156e-014	6.1356e-012	7.1503e-014	2.0136e-011	6.5220e-014	8.9051e-006	
"01.07.2024 14:02:58.079"	9.6917e-011	-8.7925e-014	6.0570e-012	7.7353e-014	2.0345e-011	6.6259e-014	8.7415e-006	
"01.07.2024 14:02:58.363"	9.7970e-011	-8.7481e-014	6.0034e-012	7.4425e-014	2.0818e-011	6.4594e-014	8.7415e-006	
"01.07.2024 14:02:58.646"	9.5722e-011	-8.7033e-014	6.1224e-012	7.5925e-014	2.0101e-011	6.6516e-014	8.7415e-006	
"01.07.2024 14:02:58.930"	9.6783e-011	-8.7985e-014	6.1244e-012	7.4845e-014	2.0288e-011	6.5492e-014	8.7415e-006	
"01.07.2024 14:02:59.213"	9.7768e-011	-8.8837e-014	6.0126e-012	7.3765e-014	2.0764e-011	6.3652e-014	8.6908e-006	
"01.07.2024 14:02:59.497"	9.5596e-011	-8.5849e-014	6.0846e-012	7.4440e-014	2.0190e-011	6.5744e-014	8.6908e-006	
"01.07.2024 14:02:59.781"	9.6686e-011	-8.7950e-014	6.1428e-012	7.4655e-014	2.0268e-011	6.7104e-014	8.6908e-006	
"01.07.2024 14:03:00.064"	9.7684e-011	-8.4241e-014	5.9758e-012	7.2725e-014	2.0764e-011	6.7406e-014	8.6908e-006	
"01.07.2024 14:03:00.347"	9.5458e-011	-8.4577e-014	6.1025e-012	7.4739e-014	2.0289e-011	6.5718e-014	8.6590e-006	
"01.07.2024 14:03:00.631"	9.6561e-011	-8.9000e-014	6.1525e-012	7.3536e-014	2.0238e-011	6.5881e-014	8.6590e-006	
"01.07.2024 14:03:00.914"	9.7580e-011	-8.6680e-014	5.9615e-012	7.1346e-014	2.0708e-011	6.5620e-014	8.6590e-006	
"01.07.2024 14:03:01.198"	9.5571e-011	-8.7298e-014	6.0861e-012	7.5142e-014	2.0373e-011	6.8086e-014	8.6590e-006	
"01.07.2024 14:03:01.482"	9.6464e-011	-9.0401e-014	6.1826e-012	7.4102e-014	2.0242e-011	6.8105e-014	8.6503e-006	
"01.07.2024 14:03:01.765"	9.7511e-011	-8.7011e-014	5.9605e-012	7.5706e-014	2.0702e-011	6.6043e-014	8.6503e-006	
"01.07.2024 14:03:02.049"	9.5767e-011	-8.6307e-014	6.0636e-012	7.5660e-014	2.0558e-011	6.6158e-014	8.6503e-006	
"01.07.2024 14:03:02.333"	9.6385e-011	-8.5403e-014	6.1643e-012	7.5588e-014	2.0195e-011	6.9330e-014	8.6503e-006	
"01.07.2024 14:03:02.617"	9.7472e-011	-8.3938e-014	5.9411e-012	7.5197e-014	2.0628e-011	6.7214e-014	8.6270e-006	
"01.07.2024 14:03:02.900"	9.6157e-011	-8.5787e-014	6.0596e-012	7.5350e-014	2.0658e-011	7.0336e-014	8.6270e-006	
"01.07.2024 14:03:03.184"	9.6250e-011	-8.6795e-014	6.1689e-012	7.3628e-014	2.0163e-011	6.8708e-014	8.6270e-006	
"01.07.2024 14:03:03.467"	9.7341e-011	-8.8254e-014	5.9411e-012	7.5484e-014	2.0614e-011	6.8233e-014	8.6200e-006	
"01.07.2024 14:03:03.751"	9.6456e-011	-8.6412e-014	6.0503e-012	7.4349e-014	2.0768e-011	6.8889e-014	8.6200e-006	
"01.07.2024 14:03:04.034"	9.6205e-011	-8.6651e-014	6.1597e-012	7.2934e-014	2.0143e-011	6.6656e-014	8.6200e-006	
"01.07.2024 14:03:04.318"	9.7268e-011	-8.4868e-014	5.9288e-012	7.4083e-014	2.0572e-011	6.6549e-014	8.6200e-006	
"01.07.2024 14:03:04.601"	9.7101e-011	-8.4854e-014	6.0366e-012	7.6246e-014	2.0919e-011	6.7621e-014	8.6198e-006	
"01.07.2024 14:03:04.885"	9.6070e-011	-8.4468e-014	6.1581e-012	6.9676e-014	2.0173e-011	6.8232e-014	8.6198e-006	
"01.07.2024 14:03:05.168"	9.7096e-011	-9.2092e-014	5.9227e-012	7.5906e-014	2.0574e-011	6.7650e-014	8.6198e-006	
"01.07.2024 14:03:05.452"	9.7464e-011	-8.9156e-014	6.0151e-012	7.3344e-014	2.0964e-011	6.2864e-014	8.6198e-006	
"01.07.2024 14:03:05.735"	9.5886e-011	-8.6873e-014	6.1459e-012	7.5544e-014	2.0131e-011	6.7649e-014	8.6120e-006	
"01.07.2024 14:03:06.018"	9.7000e-011	-8.8022e-014	5.9492e-012	7.5676e-014	2.0493e-011	6.6105e-014	8.6120e-006	
"01.07.2024 14:03:06.302"	9.7874e-011	-8.7482e-014	6.0039e-012	7.4592e-014	2.0934e-011	6.3572e-014	8.6120e-006	
"01.07.2024 14:03:06.585"	9.5764e-011	-8.6120e-014	6.1372e-012	7.6066e-014	2.0092e-011	6.6130e-014	8.6120e-006	
"01.07.2024 14:03:06.869"	9.6925e-011	-8.8936e-014	5.9794e-012	7.6486e-014	2.0461e-011	6.4925e-014	8.5876e-006	
"01.07.2024 14:03:07.152"	9.7855e-011	-8.6370e-014	5.9896e-012	7.3644e-014	2.0932e-011	6.6810e-014	8.5876e-006	
"01.07.2024 14:03:07.436"	9.5640e-011	-8.7148e-014	6.1152e-012	7.3322e-014	2.0179e-011	6.8877e-014	8.5876e-006	
"01.07.2024 14:03:07.719"	9.6738e-011	-8.6373e-014	6.0519e-012	7.5265e-014	2.0413e-011	6.8089e-014	8.5876e-006	
"01.07.2024 14:03:08.002"	9.7818e-011	-8.4670e-014	5.9886e-012	7.5592e-014	2.0873e-011	6.4479e-014	8.5821e-006	
"01.07.2024 14:03:08.287"	9.5543e-011	-8.7783e-014	6.1014e-012	7.4164e-014	2.0209e-011	6.6198e-014	8.5821e-006	
"01.07.2024 14:03:08.570"	9.6655e-011	-8.5795e-014	6.1162e-012	7.5338e-014	2.0343e-011	6.9372e-014	8.5821e-006	
"01.07.2024 14:03:08.854"	9.7676e-011	-8.6470e-014	5.9681e-012	7.1135e-014	2.0857e-011	6.3873e-014	8.5821e-006	
"01.07.2024 14:03:09.137"	9.5450e-011	-8.7073e-014	6.0784e-012	7.3507e-014	2.0287e-011	6.7656e-014	8.5855e-006	
"01.07.2024 14:03:09.420"	9.6576e-011	-8.6798e-014	6.1387e-012	7.4451e-014	2.0314e-011	6.8231e-014	8.5855e-006	
"01.07.2024 14:03:09.704"	9.7607e-011	-8.7033e-014	5.9692e-012	7.3066e-014	2.0771e-011	6.7567e-014	8.5855e-006	
"01.07.2024 14:03:09.987"	9.5410e-011	-8.5256e-014	6.0611e-012	7.4862e-014	2.0428e-011	6.9582e-014	8.5855e-006	
"01.07.2024 14:03:10.271"	9.6385e-011	-8.5232e-014	6.1566e-012	7.5689e-014	2.0281e-011	6.6513e-014	8.5834e-006	
"01.07.2024 14:03:10.554"	9.7473e-011	-8.7826e-014	5.9472e-012	7.6429e-014	2.0708e-011	6.5270e-014	8.5834e-006	
"01.07.2024 14:03:10.838"	9.5750e-011	-8.5795e-014	6.0391e-012	7.2309e-014	2.0601e-011	6.7013e-014	8.5834e-006	
"01.07.2024 14:03:11.121"	9.6280e-011	-8.4097e-014	6.1724e-012	7.5182e-014	2.0245e-011	6.8225e-014	8.5839e-006	
"01.07.2024 14:03:11.404"	9.7308e-011	-8.9005e-014	5.9233e-012	7.1441e-014	2.0660e-011	6.8983e-014	8.5839e-006	
"01.07.2024 14:03:11.688"	9.6280e-011	-8.4545e-014	6.0498e-012	7.5995e-014	2.0767e-011	6.8062e-014	8.5839e-006	
"01.07.2024 14:03:11.971"	9.6181e-011	-8.8872e-014	6.1622e-012	7.5445e-014	2.0183e-011	6.7522e-014	8.5839e-006	
"01.07.2024 14:03:12.255"	9.7226e-011	-8.5982e-014	5.9273e-012	7.1513e-014	2.0643e-011	6.8711e-014	8.5815e-006	
"01.07.2024 14:03:12.538"	9.6723e-011	-8.5309e-014	6.0467e-012	7.6096e-014	2.0950e-011	6.7069e-014	8.5815e-006	
"01.07.2024 14:03:12.822"	9.6068e-011	-8.7452e-014	6.1617e-012	7.4698e-014	2.0187e-011	6.8463e-014	8.5815e-006	
"01.07.2024 14:03:13.106"	9.7182e-011	-8.2938e-014	5.9395e-012	7.6674e-014	2.0605e-011	6.7463e-014	8.5815e-006	
"01.07.2024 14:03:13.389"	9.7182e-011	-8.7110e-014	6.0259e-012	7.7551e-014	2.0973e-011	6.5486e-014	8.5833e-006	
"01.07.2024 14:03:13.673"	9.6003e-011	-8.5846e-014	6.1280e-012	7.4352e-014	2.0183e-011	6.5489e-014	8.5833e-006	
"01.07.2024 14:03:13.957"	9.7060e-011	-8.8781e-014	5.9125e-012	7.5833e-014	2.0566e-011	6.6755e-014	8.5833e-006	
"01.07.2024 14:03:14.240"	9.7564e-011	-8.6013e-014	6.0060e-012	7.4529e-014	2.0982e-011	6.6264e-014	8.5833e-006	
"01.07.2024 14:03:14.524"	9.5868e-011	-8.5483e-014	6.1173e-012	7.4044e-014	2.0157e-011	6.6873e-014	8.5815e-006	
"01.07.2024 14:03:14.807"	9.6918e-011	-8.6747e-014	5.9513e-012	7.6723e-014	2.0509e-011	6.6835e-014	8.5815e-006	
"01.07.2024 14:03:15.091"	9.7828e-011	-8.6324e-014	6.0172e-012	7.6135e-014	2.1011e-011	6.4789e-014	8.5815e-006	
"01.07.2024 14:03:15.374"	9.5735e-011	-8.6071e-014	6.1310e-012	7.2554e-014	2.0142e-011	6.7177e-014	8.5815e-006	
"01.07.2024 14:03:15.657"	9.6882e-011	-8.3327e-014	5.9819e-012	7.7164e-014	2.0482e-011	6.8688e-014	8.5841e-006	
"01.07.2024 14:03:15.941"	9.7848e-011	-8.7939e-014	5.9937e-012	7.3250e-014	2.0971e-011	6.6879e-014	8.5841e-006	
"01.07.2024 14:03:16.224"	9.5643e-011	-8.4717e-014	6.0994e-012	7.0734e-014	2.0149e-011	6.6601e-014	8.5841e-006	
"01.07.2024 14:03:16.509"	9.6802e-011	-8.5860e-014	6.0033e-012	7.4607e-014	2.0435e-011	6.8031e-014	8.5841e-006	
"01.07.2024 14:03:16.792"	9.7798e-011	-8.5724e-014	5.9871e-012	7.3100e-014	2.0946e-011	6.4181e-014	8.5835e-006	
"01.07.2024 14:03:17.076"	9.5632e-011	-8.9490e-014	6.1065e-012	7.1138e-014	2.0236e-011	6.8431e-014	8.5835e-006	
"01.07.2024 14:03:17.360"	9.6711e-011	-8.7153e-014	6.0452e-012	7.5103e-014	2.0427e-011	6.6662e-014	8.5835e-006	
"01.07.2024 14:03:17.644"	9.7769e-011	-8.6006e-014	5.9595e-012	7.4597e-014	2.0936e-011	6.6642e-014	8.5840e-006	
"01.07.2024 14:03:17.927"	9.5572e-011	-8.6408e-014	6.1004e-012	7.5733e-014	2.0239e-011	6.6774e-014	8.5840e-006	
"01.07.2024 14:03:18.211"	9.6661e-011	-8.7981e-014	6.0687e-012	7.7038e-014	2.0408e-011	6.8149e-014	8.5840e-006	
"01.07.2024 14:03:18.494"	9.7679e-011	-8.5457e-014	5.9717e-012	7.3610e-014	2.0904e-011	6.4150e-014	8.5840e-006	
"01.07.2024 14:03:18.778"	9.5403e-011	-8.5203e-014	6.0989e-012	7.0867e-014	2.0331e-011	6.5574e-014	8.5784e-006	
"01.07.2024 14:03:19.061"	9.6537e-011	-8.6274e-014	6.1198e-012	7.2747e-014	2.0353e-011	6.6812e-014	8.5784e-006	
"01.07.2024 14:03:19.345"	9.7598e-011	-8.8062e-014	5.9534e-012	7.3264e-014	2.0827e-011	6.4050e-014	8.5784e-006	
"01.07.2024 14:03:19.629"	9.5405e-011	-8.4831e-014	6.0642e-012	7.4355e-014	2.0458e-011	6.7498e-014	8.5784e-006	
"01.07.2024 14:03:19.912"	9.6414e-011	-8.7571e-014	6.1627e-012	7.5094e-014	2.0290e-011	6.6778e-014	8.5752e-006	
"01.07.2024 14:03:20.196"	9.7471e-011	-8.6253e-014	5.9441e-012	7.5973e-014	2.0811e-011	6.8289e-014	8.5752e-006	
"01.07.2024 14:03:20.479"	9.5516e-011	-8.4818e-014	6.0846e-012	7.7296e-014	2.0545e-011	6.6197e-014	8.5752e-006	
"01.07.2024 14:03:20.763"	9.6290e-011	-9.0273e-014	6.1760e-012	7.6069e-014	2.0282e-011	7.0126e-014	8.5752e-006	
"01.07.2024 14:03:21.046"	9.7386e-011	-8.5359e-014	5.9380e-012	7.4782e-014	2.0733e-011	6.5807e-014	8.5801e-006	
"01.07.2024 14:03:21.330"	9.5810e-011	-8.6124e-014	6.0519e-012	7.2884e-014	2.0640e-011	6.7127e-014	8.5801e-006	
"01.07.2024 14:03:21.613"	9.6242e-011	-8.4120e-014	6.1647e-012	7.2732e-014	2.0258e-011	6.5773e-014	8.5801e-006	
"01.07.2024 14:03:21.897"	9.7294e-011	-8.7699e-014	5.9171e-012	7.4650e-014	2.0702e-011	6.7695e-014	8.5801e-006	
"01.07.2024 14:03:22.180"	9.6147e-011	-8.6379e-014	6.0407e-012	7.4607e-014	2.0793e-011	6.6958e-014	8.5835e-006	
"01.07.2024 14:03:22.464"	9.6149e-011	-8.5443e-014	6.1724e-012	7.3776e-014	2.0239e-011	6.8244e-014	8.5835e-006	
"01.07.2024 14:03:22.747"	9.7200e-011	-8.7540e-014	5.9252e-012	7.3827e-014	2.0681e-011	6.6001e-014	8.5835e-006	
"01.07.2024 14:03:23.031"	9.6828e-011	-8.8391e-014	6.0100e-012	7.4322e-014	2.0924e-011	6.5105e-014	8.5835e-006	
"01.07.2024 14:03:23.314"	9.6040e-011	-8.5777e-014	6.1321e-012	7.4245e-014	2.0227e-011	6.7268e-014	8.5714e-006	
"01.07.2024 14:03:23.598"	9.7124e-011	-8.5514e-014	5.9212e-012	7.4874e-014	2.0673e-011	6.6729e-014	8.5714e-006	
"01.07.2024 14:03:23.881"	9.7172e-011	-8.6749e-014	6.0187e-012	7.6548e-014	2.1016e-011	6.5720e-014	8.5714e-006	
"01.07.2024 14:03:24.164"	9.5893e-011	-8.5514e-014	6.1362e-012	7.0534e-014	2.0224e-011	6.9082e-014	8.5714e-006	
"01.07.2024 14:03:24.448"	9.7032e-011	-8.9430e-014	5.9018e-012	7.2168e-014	2.0636e-011	6.6848e-014	8.5760e-006	
"01.07.2024 14:03:24.731"	9.7513e-011	-8.6472e-014	5.9988e-012	7.1877e-014	2.1067e-011	6.4537e-014	8.5760e-006	
"01.07.2024 14:03:25.015"	9.5814e-011	-8.6247e-014	6.1137e-012	7.5564e-014	2.0209e-011	6.7855e-014	8.5760e-006	
"01.07.2024 14:03:25.298"	9.6833e-011	-9.0817e-014	5.9544e-012	7.4945e-014	2.0531e-011	6.6614e-014	8.5718e-006	
"01.07.2024 14:03:25.582"	9.7811e-011	-8.6260e-014	5.9967e-012	7.6800e-014	2.1085e-011	6.5151e-014	8.5718e-006	
"01.07.2024 14:03:25.865"	9.5736e-011	-9.0544e-014	6.1178e-012	7.5209e-014	2.0218e-011	6.7333e-014	8.5718e-006	
"01.07.2024 14:03:26.149"	9.6858e-011	-8.5385e-014	5.9753e-012	7.6166e-014	2.0454e-011	6.5180e-014	8.5718e-006	
"01.07.2024 14:03:26.432"	9.7834e-011	-8.5367e-014	5.9850e-012	6.8438e-014	2.0973e-011	6.3445e-014	8.5798e-006	
"01.07.2024 14:03:26.716"	9.5618e-011	-8.6809e-014	6.1025e-012	7.3597e-014	2.0213e-011	7.0201e-014	8.5798e-006	
"01.07.2024 14:03:26.999"	9.6757e-011	-8.6211e-014	6.0386e-012	7.3632e-014	2.0478e-011	6.6859e-014	8.5798e-006	
"01.07.2024 14:03:27.283"	9.7747e-011	-8.7008e-014	5.9666e-012	7.4732e-014	2.0926e-011	6.5159e-014	8.5798e-006	
"01.07.2024 14:03:27.566"	9.5456e-011	-8.6686e-014	6.0825e-012	7.3916e-014	2.0274e-011	6.8012e-014	8.5809e-006	
"01.07.2024 14:03:27.850"	9.6592e-011	-8.9869e-014	6.0754e-012	7.6984e-014	2.0448e-011	6.8900e-014	8.5809e-006	
"01.07.2024 14:03:28.133"	9.7637e-011	-8.7960e-014	5.9855e-012	7.3796e-014	2.0887e-011	6.6358e-014	8.5809e-006	
"01.07.2024 14:03:28.417"	9.5377e-011	-8.5225e-014	6.0820e-012	7.4514e-014	2.0337e-011	6.8387e-014	8.5809e-006	
"01.07.2024 14:03:28.700"	9.6514e-011	-8.8875e-014	6.0999e-012	7.3504e-014	2.0413e-011	6.5482e-014	8.5815e-006	
"01.07.2024 14:03:28.984"	9.7579e-011	-8.8032e-014	5.9686e-012	7.4501e-014	2.0898e-011	6.6279e-014	8.5815e-006	
"01.07.2024 14:03:29.268"	9.5379e-011	-8.8430e-014	6.0534e-012	7.2702e-014	2.0399e-011	6.7759e-014	8.5815e-006	
"01.07.2024 14:03:29.551"	9.6441e-011	-8.8399e-014	6.1377e-012	7.3790e-014	2.0357e-011	6.7727e-014	8.5815e-006	
"01.07.2024 14:03:29.835"	9.7460e-011	-9.0526e-014	5.9437e-012	7.1736e-014	2.0825e-011	6.5385e-014	8.5765e-006	
"01.07.2024 14:03:30.118"	9.5438e-011	-8.5311e-014	6.0519e-012	7.0032e-014	2.0526e-011	6.8045e-014	8.5765e-006	
"01.07.2024 14:03:30.402"	9.6339e-011	-9.0941e-014	6.1596e-012	7.5539e-014	2.0325e-011	6.8435e-014	8.5765e-006	
"01.07.2024 14:03:30.685"	9.7354e-011	-8.5847e-014	5.9395e-012	7.4630e-014	2.0819e-011	6.5139e-014	8.5765e-006	
"01.07.2024 14:03:30.969"	9.5649e-011	-8.5265e-014	6.0678e-012	7.3408e-014	2.0636e-011	6.6716e-014	8.5818e-006	
"01.07.2024 14:03:31.253"	9.6293e-011	-8.6575e-014	6.1750e-012	7.4977e-014	2.0293e-011	6.7144e-014	8.5818e-006	
"01.07.2024 14:03:31.536"	9.7314e-011	-8.4990e-014	5.9375e-012	7.4592e-014	2.0784e-011	6.7174e-014	8.5818e-006	
"01.07.2024 14:03:31.820"	9.6003e-011	-8.8382e-014	6.0350e-012	7.6279e-014	2.0745e-011	7.0126e-014	8.5696e-006	
"01.07.2024 14:03:32.103"	9.6238e-011	-8.5891e-014	6.1566e-012	7.5207e-014	2.0272e-011	6.9974e-014	8.5696e-006	
"01.07.2024 14:03:32.387"	9.7318e-011	-8.6521e-014	5.9201e-012	7.4651e-014	2.0728e-011	6.6306e-014	8.5696e-006	
"01.07.2024 14:03:32.672"	9.6370e-011	-8.7439e-014	6.0274e-012	7.6364e-014	2.0908e-011	6.6948e-014	8.5696e-006	
"01.07.2024 14:03:32.955"	9.6101e-011	-8.4449e-014	6.1454e-012	7.5014e-014	2.0245e-011	6.9486e-014	8.5557e-006	
"01.07.2024 14:03:33.239"	9.7232e-011	-8.8250e-014	5.9094e-012	7.2102e-014	2.0718e-011	6.6752e-014	8.5557e-006	
"01.07.2024 14:03:33.522"	9.6738e-011	-8.8249e-014	6.0279e-012	7.4324e-014	2.0980e-011	6.6527e-014	8.5557e-006	
"01.07.2024 14:03:33.805"	9.6001e-011	-8.5154e-014	6.1515e-012	7.4061e-014	2.0214e-011	6.6328e-014	8.5557e-006	
"01.07.2024 14:03:34.089"	9.7071e-011	-8.4120e-014	5.9197e-012	7.5395e-014	2.0649e-011	6.6990e-014	8.5504e-006	
