"Spectra International Data File"
"[Scan Data (Pressures in mbar)]"
"Time"	"Mass 2"	"Mass 8"	"Mass 4"	"Mass 12"	"Mass 40"	"Mass 44"	"CirrusPressure"	
"01.07.2024 16:11:02.872"	1.2113e-010	-8.7506e-014	6.0723e-012	7.2055e-014	2.1348e-013	2.7793e-014	1.0904e-005	
"01.07.2024 16:11:03.155"	1.2324e-010	-8.5533e-014	6.1376e-012	7.6296e-014	2.0957e-013	2.8892e-014	1.0904e-005	
"01.07.2024 16:11:03.438"	1.2457e-010	-8.4625e-014	5.8312e-012	7.4370e-014	2.1290e-013	2.8649e-014	1.0896e-005	
"01.07.2024 16:11:03.723"	1.2140e-010	-8.5073e-014	6.0447e-012	7.2462e-014	2.1189e-013	2.7925e-014	1.0896e-005	
"01.07.2024 16:11:04.006"	1.2325e-010	-8.9259e-014	6.1453e-012	7.3920e-014	2.0454e-013	2.8155e-014	1.0896e-005	
"01.07.2024 16:11:04.290"	1.2445e-010	-8.6277e-014	5.8123e-012	7.4146e-014	2.1124e-013	2.9107e-014	1.0896e-005	
"01.07.2024 16:11:04.573"	1.2216e-010	-8.5985e-014	5.9849e-012	7.6584e-014	2.0599e-013	2.7501e-014	1.0902e-005	
"01.07.2024 16:11:04.857"	1.2322e-010	-8.8577e-014	6.1111e-012	6.8900e-014	2.0104e-013	2.7557e-014	1.0902e-005	
"01.07.2024 16:11:05.140"	1.2447e-010	-8.5019e-014	5.8087e-012	7.2473e-014	2.0726e-013	2.8879e-014	1.0902e-005	
"01.07.2024 16:11:05.425"	1.2273e-010	-8.6780e-014	5.9701e-012	7.5927e-014	2.0836e-013	2.7355e-014	1.0902e-005	
"01.07.2024 16:11:05.708"	1.2311e-010	-8.7989e-014	6.1095e-012	7.0919e-014	2.0175e-013	2.7769e-014	1.0911e-005	
"01.07.2024 16:11:05.992"	1.2453e-010	-8.8516e-014	5.8047e-012	7.5244e-014	2.0939e-013	2.8173e-014	1.0911e-005	
"01.07.2024 16:11:06.275"	1.2333e-010	-8.8719e-014	5.9681e-012	7.4555e-014	2.0734e-013	2.7712e-014	1.0911e-005	
"01.07.2024 16:11:06.559"	1.2285e-010	-8.7064e-014	6.1028e-012	7.0449e-014	1.9886e-013	2.7212e-014	1.0900e-005	
"01.07.2024 16:11:06.843"	1.2442e-010	-8.5209e-014	5.8021e-012	7.2992e-014	2.0049e-013	2.7779e-014	1.0900e-005	
"01.07.2024 16:11:07.126"	1.2380e-010	-8.6504e-014	5.9783e-012	7.4452e-014	2.0838e-013	2.7361e-014	1.0900e-005	
"01.07.2024 16:11:07.410"	1.2288e-010	-8.6285e-014	6.1350e-012	7.3268e-014	2.0130e-013	2.7727e-014	1.0900e-005	
"01.07.2024 16:11:07.694"	1.2421e-010	-8.8197e-014	5.7745e-012	7.1974e-014	1.9994e-013	2.7943e-014	1.0917e-005	
"01.07.2024 16:11:07.977"	1.2432e-010	-8.4284e-014	5.9737e-012	7.5205e-014	2.0601e-013	2.7793e-014	1.0917e-005	
"01.07.2024 16:11:08.262"	1.2238e-010	-8.7651e-014	6.0773e-012	7.2588e-014	1.9615e-013	2.6528e-014	1.0917e-005	
"01.07.2024 16:11:08.545"	1.2440e-010	-9.0340e-014	5.8215e-012	7.4703e-014	2.0411e-013	2.7715e-014	1.0917e-005	
"01.07.2024 16:11:08.829"	1.2496e-010	-9.0176e-014	5.9645e-012	7.6062e-014	2.0507e-013	2.7150e-014	1.0906e-005	
"01.07.2024 16:11:09.112"	1.2189e-010	-8.6177e-014	6.0544e-012	7.5032e-014	1.9081e-013	2.5987e-014	1.0906e-005	
"01.07.2024 16:11:09.395"	1.2409e-010	-8.6699e-014	5.8404e-012	7.4911e-014	1.9810e-013	2.7831e-014	1.0906e-005	
"01.07.2024 16:11:09.679"	1.2546e-010	-8.9136e-014	5.9538e-012	7.4004e-014	2.0793e-013	2.7762e-014	1.0906e-005	
"01.07.2024 16:11:09.963"	1.2164e-010	-8.5827e-014	6.0610e-012	7.5613e-014	1.9257e-013	2.6456e-014	1.0918e-005	
"01.07.2024 16:11:10.246"	1.2381e-010	-8.7650e-014	5.9222e-012	7.4443e-014	1.9843e-013	2.7272e-014	1.0918e-005	
"01.07.2024 16:11:10.530"	1.2546e-010	-8.8796e-014	5.9558e-012	7.4499e-014	2.0208e-013	2.7394e-014	1.0918e-005	
"01.07.2024 16:11:10.813"	1.2139e-010	-8.7567e-014	6.0610e-012	7.4787e-014	1.9265e-013	2.5764e-014	1.0918e-005	
"01.07.2024 16:11:11.097"	1.2378e-010	-8.7698e-014	6.0003e-012	7.3928e-014	1.9400e-013	2.6674e-014	1.0930e-005	
"01.07.2024 16:11:11.380"	1.2535e-010	-8.5112e-014	5.9114e-012	7.5135e-014	2.0564e-013	2.7799e-014	1.0930e-005	
"01.07.2024 16:11:11.663"	1.2114e-010	-8.7220e-014	6.0365e-012	7.4279e-014	1.9021e-013	2.6100e-014	1.0930e-005	
"01.07.2024 16:11:11.947"	1.2343e-010	-8.4302e-014	6.0712e-012	7.9105e-014	1.9384e-013	2.6339e-014	1.0930e-005	
"01.07.2024 16:11:12.230"	1.2521e-010	-8.7298e-014	5.9099e-012	7.4544e-014	1.9642e-013	2.6828e-014	1.0930e-005	
"01.07.2024 16:11:12.514"	1.2111e-010	-8.4592e-014	6.0574e-012	7.0974e-014	1.8992e-013	2.5646e-014	1.0930e-005	
"01.07.2024 16:11:12.797"	1.2322e-010	-8.4476e-014	6.1392e-012	7.3507e-014	1.9044e-013	2.6678e-014	1.0930e-005	
"01.07.2024 16:11:13.081"	1.2485e-010	-8.8743e-014	5.8685e-012	7.0226e-014	1.9686e-013	2.7068e-014	1.0932e-005	
"01.07.2024 16:11:13.364"	1.2151e-010	-8.4890e-014	6.0539e-012	7.5161e-014	2.4535e-013	3.3004e-014	1.0932e-005	
"01.07.2024 16:11:13.648"	1.2313e-010	-8.5098e-014	6.1498e-012	7.3121e-014	1.9578e-013	2.7003e-014	1.0932e-005	
"01.07.2024 16:11:13.931"	1.2478e-010	-8.5412e-014	5.8210e-012	7.4406e-014	2.0170e-013	2.7821e-014	1.0932e-005	
"01.07.2024 16:11:14.214"	1.2074e-010	-8.5619e-014	6.5848e-012	7.1123e-014	8.0428e-012	8.2125e-014	1.0933e-005	
"01.07.2024 16:11:14.498"	1.0975e-010	-8.9389e-014	4.8905e-012	7.4922e-014	2.8122e-011	1.6822e-014	1.0933e-005	
"01.07.2024 16:11:14.782"	1.0771e-010	-8.8135e-014	4.4309e-012	7.6456e-014	3.1881e-011	6.5446e-016	1.0933e-005	
"01.07.2024 16:11:15.065"	1.0547e-010	-8.5734e-014	4.7551e-012	7.7464e-014	3.0650e-011	8.1456e-015	1.0933e-005	
"01.07.2024 16:11:15.349"	1.0563e-010	-8.7828e-014	4.8313e-012	7.8399e-014	2.9794e-011	5.2190e-015	1.0599e-005	
"01.07.2024 16:11:15.632"	1.0503e-010	-8.3592e-014	4.4964e-012	7.8356e-014	3.1178e-011	-1.9968e-015	1.0599e-005	
"01.07.2024 16:11:15.916"	1.0380e-010	-9.1663e-014	4.5240e-012	7.4140e-014	3.1043e-011	1.7166e-015	1.0599e-005	
"01.07.2024 16:11:16.199"	1.0051e-010	-8.8493e-014	4.4309e-012	7.4463e-014	2.8487e-011	1.0672e-014	1.0599e-005	
"01.07.2024 16:11:16.482"	9.9468e-011	-8.6456e-014	4.1276e-012	7.4573e-014	2.7581e-011	1.2653e-014	1.0182e-005	
"01.07.2024 16:11:16.766"	9.8620e-011	-8.1860e-014	4.0253e-012	7.8305e-014	2.7292e-011	1.3483e-014	1.0182e-005	
"01.07.2024 16:11:17.049"	9.5243e-011	-9.0560e-014	4.0288e-012	7.6172e-014	2.5660e-011	2.1360e-014	1.0182e-005	
"01.07.2024 16:11:17.333"	9.5697e-011	-8.6373e-014	3.9362e-012	7.7395e-014	2.5655e-011	2.0650e-014	1.0182e-005	
"01.07.2024 16:11:17.617"	9.6346e-011	-8.3923e-014	3.9003e-012	7.7054e-014	2.6050e-011	1.7343e-014	9.4026e-006	
"01.07.2024 16:11:17.901"	9.3916e-011	-8.7506e-014	3.9501e-012	7.6065e-014	2.5087e-011	2.1508e-014	9.4026e-006	
"01.07.2024 16:11:18.185"	9.4879e-011	-8.5505e-014	3.9146e-012	7.4728e-014	2.5297e-011	2.2709e-014	9.4026e-006	
"01.07.2024 16:11:18.468"	9.5729e-011	-8.7380e-014	3.8604e-012	7.5445e-014	2.5876e-011	1.8534e-014	9.4026e-006	
"01.07.2024 16:11:18.752"	9.3549e-011	-8.4354e-014	3.9204e-012	7.5240e-014	2.5129e-011	2.1838e-014	9.0840e-006	
"01.07.2024 16:11:19.036"	9.4497e-011	-8.5880e-014	3.9342e-012	7.6598e-014	2.5308e-011	2.1885e-014	9.0840e-006	
"01.07.2024 16:11:19.320"	9.5460e-011	-8.5340e-014	3.8369e-012	8.1739e-014	2.5921e-011	1.9240e-014	9.0840e-006	
"01.07.2024 16:11:19.603"	9.3345e-011	-8.7247e-014	3.9106e-012	7.6146e-014	2.5258e-011	2.3245e-014	9.0840e-006	
"01.07.2024 16:11:19.887"	9.4388e-011	-8.7682e-014	3.9505e-012	7.6401e-014	2.5175e-011	2.2144e-014	8.9845e-006	
"01.07.2024 16:11:20.170"	9.5363e-011	-8.6897e-014	3.8384e-012	7.4703e-014	2.5815e-011	1.9054e-014	8.9845e-006	
"01.07.2024 16:11:20.454"	9.3293e-011	-8.7325e-014	3.9070e-012	7.7319e-014	2.5337e-011	2.3167e-014	8.9845e-006	
"01.07.2024 16:11:20.738"	9.4274e-011	-8.5451e-014	3.9582e-012	7.9404e-014	2.5268e-011	2.2249e-014	8.9409e-006	
"01.07.2024 16:11:21.021"	9.5244e-011	-8.7333e-014	3.8169e-012	7.7437e-014	2.5812e-011	2.1552e-014	8.9409e-006	
"01.07.2024 16:11:21.305"	9.3318e-011	-8.3697e-014	3.8953e-012	7.6148e-014	2.5500e-011	2.3345e-014	8.9409e-006	
"01.07.2024 16:11:21.589"	9.4155e-011	-8.6321e-014	3.9679e-012	7.4979e-014	2.5267e-011	2.1268e-014	8.9409e-006	
"01.07.2024 16:11:21.872"	9.5126e-011	-8.5168e-014	3.8308e-012	7.8612e-014	2.5793e-011	1.9733e-014	8.9050e-006	
"01.07.2024 16:11:22.156"	9.3404e-011	-8.7405e-014	3.8886e-012	7.8403e-014	2.5534e-011	2.2433e-014	8.9050e-006	
"01.07.2024 16:11:22.440"	9.4172e-011	-8.8775e-014	3.9675e-012	7.4365e-014	2.5277e-011	2.3618e-014	8.9050e-006	
"01.07.2024 16:11:22.724"	9.5015e-011	-8.6481e-014	3.8226e-012	7.5606e-014	2.5855e-011	1.9909e-014	8.9050e-006	
"01.07.2024 16:11:23.007"	9.3708e-011	-8.8213e-014	3.8799e-012	7.7910e-014	2.5780e-011	2.3908e-014	8.8770e-006	
"01.07.2024 16:11:23.291"	9.4001e-011	-8.3506e-014	3.9480e-012	7.4373e-014	2.5222e-011	2.3629e-014	8.8770e-006	
"01.07.2024 16:11:23.575"	9.4990e-011	-8.6891e-014	3.8047e-012	7.7236e-014	2.5727e-011	2.3465e-014	8.8770e-006	
"01.07.2024 16:11:23.859"	9.4124e-011	-8.5635e-014	3.8901e-012	7.6727e-014	2.5957e-011	2.1720e-014	8.8770e-006	
"01.07.2024 16:11:24.142"	9.3890e-011	-9.1550e-014	3.9403e-012	7.4612e-014	2.5224e-011	2.3589e-014	8.8599e-006	
"01.07.2024 16:11:24.426"	9.4852e-011	-8.8020e-014	3.8077e-012	7.9128e-014	2.5723e-011	2.3483e-014	8.8599e-006	
"01.07.2024 16:11:24.709"	9.4560e-011	-8.6149e-014	3.8835e-012	7.8358e-014	2.6061e-011	2.1483e-014	8.8599e-006	
"01.07.2024 16:11:24.992"	9.3781e-011	-8.6280e-014	3.9311e-012	7.7094e-014	2.5197e-011	2.3922e-014	8.8599e-006	
"01.07.2024 16:11:25.276"	9.4703e-011	-8.8069e-014	3.8159e-012	7.6437e-014	2.5654e-011	2.1622e-014	8.8326e-006	
"01.07.2024 16:11:25.559"	9.4965e-011	-8.5731e-014	3.8625e-012	7.6849e-014	2.6215e-011	2.2724e-014	8.8326e-006	
"01.07.2024 16:11:25.843"	9.3627e-011	-8.4788e-014	3.9204e-012	7.6815e-014	2.5218e-011	2.3933e-014	8.8326e-006	
"01.07.2024 16:11:26.126"	9.4696e-011	-8.4381e-014	3.8062e-012	7.7209e-014	2.5594e-011	2.2957e-014	8.8326e-006	
"01.07.2024 16:11:26.409"	9.5356e-011	-8.6355e-014	3.8553e-012	7.7039e-014	2.6157e-011	2.0225e-014	8.8218e-006	
"01.07.2024 16:11:26.693"	9.3482e-011	-8.5696e-014	3.9260e-012	7.5380e-014	2.5178e-011	2.3707e-014	8.8218e-006	
"01.07.2024 16:11:26.976"	9.4528e-011	-8.7867e-014	3.8384e-012	7.8615e-014	2.5577e-011	2.2159e-014	8.8218e-006	
"01.07.2024 16:11:27.260"	9.5471e-011	-8.5691e-014	3.8420e-012	7.6298e-014	2.6166e-011	2.0075e-014	8.8143e-006	
"01.07.2024 16:11:27.543"	9.3366e-011	-8.5827e-014	3.9178e-012	7.7210e-014	2.5188e-011	2.3674e-014	8.8143e-006	
"01.07.2024 16:11:27.827"	9.4473e-011	-8.6930e-014	3.8727e-012	7.9791e-014	2.5511e-011	2.3193e-014	8.8143e-006	
"01.07.2024 16:11:28.111"	9.5414e-011	-8.8449e-014	3.8456e-012	7.9142e-014	2.6127e-011	2.0865e-014	8.8143e-006	
"01.07.2024 16:11:28.394"	9.3318e-011	-8.8861e-014	3.9147e-012	7.8550e-014	2.5262e-011	2.2684e-014	8.7882e-006	
"01.07.2024 16:11:28.678"	9.4365e-011	-8.4076e-014	3.8993e-012	7.5345e-014	2.5427e-011	2.2475e-014	8.7882e-006	
"01.07.2024 16:11:28.961"	9.5306e-011	-8.4857e-014	3.8374e-012	7.6006e-014	2.6064e-011	1.9518e-014	8.7882e-006	
"01.07.2024 16:11:29.244"	9.3198e-011	-8.7309e-014	3.9086e-012	7.4665e-014	2.5317e-011	2.3544e-014	8.7882e-006	
"01.07.2024 16:11:29.528"	9.4231e-011	-8.7793e-014	3.9336e-012	7.6760e-014	2.5431e-011	2.3337e-014	8.7912e-006	
"01.07.2024 16:11:29.811"	9.5193e-011	-8.5849e-014	3.8256e-012	7.7523e-014	2.6024e-011	1.9350e-014	8.7912e-006	
"01.07.2024 16:11:30.095"	9.3113e-011	-8.7320e-014	3.8917e-012	7.8481e-014	2.5453e-011	2.5009e-014	8.7912e-006	
"01.07.2024 16:11:30.378"	9.4136e-011	-8.5436e-014	3.9470e-012	7.7418e-014	2.5324e-011	2.5238e-014	8.7912e-006	
"01.07.2024 16:11:30.662"	9.5115e-011	-8.5212e-014	3.8267e-012	7.7045e-014	2.5966e-011	2.0270e-014	8.7923e-006	
"01.07.2024 16:11:30.945"	9.3182e-011	-8.5886e-014	3.8927e-012	7.8294e-014	2.5616e-011	2.3291e-014	8.7923e-006	
"01.07.2024 16:11:31.228"	9.4042e-011	-8.4754e-014	3.9654e-012	7.7916e-014	2.5307e-011	2.4098e-014	8.7923e-006	
"01.07.2024 16:11:31.512"	9.4974e-011	-8.5955e-014	3.8159e-012	7.4870e-014	2.5886e-011	2.0853e-014	8.7923e-006	
"01.07.2024 16:11:31.795"	9.3706e-011	-8.6658e-014	3.8830e-012	7.5615e-014	2.5910e-011	2.0994e-014	8.7920e-006	
"01.07.2024 16:11:32.079"	9.3915e-011	-8.7213e-014	3.9485e-012	7.7271e-014	2.5298e-011	2.3012e-014	8.7920e-006	
"01.07.2024 16:11:32.362"	9.4935e-011	-8.5494e-014	3.8021e-012	7.9656e-014	2.5953e-011	2.0523e-014	8.7920e-006	
"01.07.2024 16:11:32.647"	9.3623e-011	-8.9256e-014	3.8846e-012	7.7247e-014	2.5858e-011	2.4020e-014	8.7920e-006	
"01.07.2024 16:11:32.931"	9.3851e-011	-8.5175e-014	3.9567e-012	7.8310e-014	2.5321e-011	2.2647e-014	8.7894e-006	
"01.07.2024 16:11:33.215"	9.4870e-011	-8.3760e-014	3.8005e-012	7.8466e-014	2.5853e-011	2.0067e-014	8.7894e-006	
"01.07.2024 16:11:33.498"	9.4028e-011	-8.5405e-014	3.8671e-012	7.6407e-014	2.6057e-011	2.3109e-014	8.7894e-006	
"01.07.2024 16:11:33.782"	9.3803e-011	-8.7304e-014	3.9403e-012	7.5687e-014	2.5282e-011	2.3487e-014	8.7685e-006	
"01.07.2024 16:11:34.066"	9.4807e-011	-8.6313e-014	3.7976e-012	7.6109e-014	2.5807e-011	2.3477e-014	8.7685e-006	
"01.07.2024 16:11:34.349"	9.4393e-011	-9.2966e-014	3.8650e-012	7.5436e-014	2.6161e-011	2.2811e-014	8.7685e-006	
"01.07.2024 16:11:34.633"	9.3710e-011	-8.6376e-014	3.9326e-012	7.8521e-014	2.5278e-011	2.5913e-014	8.7685e-006	
"01.07.2024 16:11:34.916"	9.4690e-011	-8.5966e-014	3.7878e-012	7.6366e-014	2.5775e-011	2.1550e-014	8.7620e-006	
"01.07.2024 16:11:35.200"	9.4843e-011	-8.6767e-014	3.8681e-012	7.7548e-014	2.6242e-011	2.2674e-014	8.7620e-006	
"01.07.2024 16:11:35.484"	9.3611e-011	-8.6205e-014	3.9398e-012	7.8729e-014	2.5226e-011	2.6224e-014	8.7620e-006	
"01.07.2024 16:11:35.767"	9.4663e-011	-8.5384e-014	3.7985e-012	7.9659e-014	2.5769e-011	2.1641e-014	8.7620e-006	
"01.07.2024 16:11:36.051"	9.5137e-011	-8.6237e-014	3.8584e-012	7.7398e-014	2.6272e-011	1.9795e-014	8.7525e-006	
"01.07.2024 16:11:36.334"	9.3603e-011	-8.9275e-014	3.9168e-012	6.9712e-014	2.5245e-011	2.4488e-014	8.7525e-006	
"01.07.2024 16:11:36.619"	9.4568e-011	-8.4747e-014	3.8005e-012	7.7961e-014	2.5677e-011	2.3949e-014	8.7525e-006	
"01.07.2024 16:11:36.902"	9.5201e-011	-8.7394e-014	3.8513e-012	7.6182e-014	2.6277e-011	1.9847e-014	8.7525e-006	
"01.07.2024 16:11:37.186"	9.3556e-011	-8.7394e-014	3.9178e-012	7.7795e-014	2.5267e-011	2.4601e-014	8.7563e-006	
"01.07.2024 16:11:37.470"	9.4532e-011	-8.7867e-014	3.8159e-012	7.8603e-014	2.5708e-011	2.1275e-014	8.7563e-006	
"01.07.2024 16:11:37.754"	9.5403e-011	-8.6721e-014	3.8600e-012	7.5780e-014	2.6235e-011	2.1132e-014	8.7563e-006	
"01.07.2024 16:11:38.037"	9.3448e-011	-8.6307e-014	3.9234e-012	7.8018e-014	2.5246e-011	2.4334e-014	8.7563e-006	
"01.07.2024 16:11:38.321"	9.4479e-011	-8.5600e-014	3.8308e-012	7.9195e-014	2.5660e-011	2.1240e-014	8.7536e-006	
"01.07.2024 16:11:38.604"	9.5376e-011	-8.5740e-014	3.8523e-012	7.5314e-014	2.6222e-011	2.1679e-014	8.7536e-006	
"01.07.2024 16:11:38.888"	9.3281e-011	-8.5835e-014	3.9070e-012	7.3006e-014	2.5274e-011	2.2290e-014	8.7536e-006	
"01.07.2024 16:11:39.171"	9.4305e-011	-8.8913e-014	3.8717e-012	7.6723e-014	2.5621e-011	2.1414e-014	8.7536e-006	
"01.07.2024 16:11:39.454"	9.5288e-011	-8.6376e-014	3.8364e-012	7.9859e-014	2.6168e-011	1.9760e-014	8.7548e-006	
"01.07.2024 16:11:39.738"	9.3173e-011	-8.5797e-014	3.9168e-012	7.5779e-014	2.5343e-011	2.4120e-014	8.7548e-006	
"01.07.2024 16:11:40.021"	9.4291e-011	-8.7406e-014	3.9061e-012	7.7750e-014	2.5522e-011	2.2544e-014	8.7548e-006	
"01.07.2024 16:11:40.305"	9.5243e-011	-8.7813e-014	3.8323e-012	7.6371e-014	2.6144e-011	2.1042e-014	8.7548e-006	
"01.07.2024 16:11:40.588"	9.3131e-011	-8.6870e-014	3.8886e-012	7.6524e-014	2.5425e-011	2.5725e-014	8.7550e-006	
"01.07.2024 16:11:40.872"	9.4122e-011	-8.6206e-014	3.9234e-012	7.9140e-014	2.5454e-011	2.1416e-014	8.7550e-006	
"01.07.2024 16:11:41.155"	9.5066e-011	-8.6527e-014	3.8174e-012	7.6188e-014	2.6076e-011	2.0607e-014	8.7550e-006	
"01.07.2024 16:11:41.439"	9.3092e-011	-8.5361e-014	3.9014e-012	7.7268e-014	2.5516e-011	2.5233e-014	8.7552e-006	
"01.07.2024 16:11:41.723"	9.4130e-011	-8.4411e-014	3.9525e-012	7.7582e-014	2.5410e-011	2.2870e-014	8.7552e-006	
"01.07.2024 16:11:42.006"	9.5049e-011	-8.7333e-014	3.8067e-012	7.6237e-014	2.6019e-011	2.1540e-014	8.7552e-006	
"01.07.2024 16:11:42.290"	9.3208e-011	-8.5206e-014	3.8917e-012	7.9094e-014	2.5724e-011	2.2574e-014	8.7552e-006	
"01.07.2024 16:11:42.573"	9.3944e-011	-8.5535e-014	3.9587e-012	7.6981e-014	2.5414e-011	2.3015e-014	8.7517e-006	
"01.07.2024 16:11:42.857"	9.4923e-011	-8.5291e-014	3.8154e-012	7.7964e-014	2.5991e-011	2.0036e-014	8.7517e-006	
"01.07.2024 16:11:43.140"	9.3492e-011	-8.7850e-014	3.8753e-012	7.9138e-014	2.5912e-011	2.2858e-014	8.7517e-006	
"01.07.2024 16:11:43.423"	9.3915e-011	-8.4654e-014	3.9419e-012	7.8298e-014	2.5335e-011	2.2308e-014	8.7517e-006	
"01.07.2024 16:11:43.707"	9.4840e-011	-8.9295e-014	3.8042e-012	8.0230e-014	2.5894e-011	2.1496e-014	8.7518e-006	
"01.07.2024 16:11:43.990"	9.4036e-011	-8.7383e-014	3.8804e-012	7.4931e-014	2.6125e-011	2.1694e-014	8.7518e-006	
"01.07.2024 16:11:44.274"	9.3747e-011	-8.8008e-014	3.9367e-012	7.7387e-014	2.5363e-011	2.2763e-014	8.7518e-006	
"01.07.2024 16:11:44.557"	9.4750e-011	-8.9338e-014	3.7913e-012	7.0304e-014	2.5859e-011	2.2078e-014	8.7518e-006	
"01.07.2024 16:11:44.840"	9.4401e-011	-8.7695e-014	3.8584e-012	7.9563e-014	2.6210e-011	2.2379e-014	8.7329e-006	
"01.07.2024 16:11:45.124"	9.3685e-011	-8.4287e-014	3.9301e-012	7.3540e-014	2.5267e-011	2.1646e-014	8.7329e-006	
"01.07.2024 16:11:45.407"	9.4645e-011	-8.8020e-014	3.7939e-012	7.7500e-014	2.5798e-011	2.0979e-014	8.7329e-006	
"01.07.2024 16:11:45.691"	9.4918e-011	-8.6239e-014	3.8661e-012	7.4297e-014	2.6327e-011	2.0406e-014	8.7329e-006	
"01.07.2024 16:11:45.974"	9.3542e-011	-8.8234e-014	3.9285e-012	7.6164e-014	2.5343e-011	2.3853e-014	8.7491e-006	
"01.07.2024 16:11:46.258"	9.4599e-011	-8.8400e-014	3.8000e-012	7.6731e-014	2.5769e-011	2.2452e-014	8.7491e-006	
"01.07.2024 16:11:46.542"	9.5201e-011	-8.4894e-014	3.8554e-012	8.1224e-014	2.6297e-011	2.2210e-014	8.7491e-006	
"01.07.2024 16:11:46.825"	9.3509e-011	-8.9055e-014	3.9142e-012	7.5407e-014	2.5290e-011	2.4917e-014	8.7491e-006	
"01.07.2024 16:11:47.109"	9.4503e-011	-8.6884e-014	3.8103e-012	7.8759e-014	2.5733e-011	1.9409e-014	8.7507e-006	
"01.07.2024 16:11:47.392"	9.5334e-011	-9.1077e-014	3.8476e-012	7.9474e-014	2.6304e-011	1.8724e-014	8.7507e-006	
"01.07.2024 16:11:47.676"	9.3471e-011	-8.6746e-014	3.9276e-012	7.5633e-014	2.5308e-011	2.2193e-014	8.7507e-006	
"01.07.2024 16:11:47.960"	9.4470e-011	-8.6433e-014	3.8205e-012	7.6063e-014	2.5745e-011	2.2150e-014	8.7544e-006	
"01.07.2024 16:11:48.244"	9.5363e-011	-8.5833e-014	3.8451e-012	7.4664e-014	2.6318e-011	1.8805e-014	8.7544e-006	
"01.07.2024 16:11:48.527"	9.3356e-011	-8.7487e-014	3.9172e-012	7.8722e-014	2.5352e-011	2.3496e-014	8.7544e-006	
"01.07.2024 16:11:48.811"	9.4368e-011	-8.4954e-014	3.8640e-012	7.7403e-014	2.5616e-011	2.1336e-014	8.7544e-006	
"01.07.2024 16:11:49.094"	9.5298e-011	-8.8886e-014	3.8349e-012	7.9070e-014	2.6268e-011	1.9493e-014	8.7537e-006	
"01.07.2024 16:11:49.378"	9.3189e-011	-8.8497e-014	3.8978e-012	7.6815e-014	2.5361e-011	2.5944e-014	8.7537e-006	
"01.07.2024 16:11:49.661"	9.4289e-011	-8.8325e-014	3.9086e-012	7.7093e-014	2.5596e-011	2.2698e-014	8.7537e-006	
"01.07.2024 16:11:49.945"	9.5241e-011	-8.6777e-014	3.8348e-012	7.6563e-014	2.6137e-011	1.9729e-014	8.7537e-006	
"01.07.2024 16:11:50.228"	9.3165e-011	-8.8270e-014	3.9024e-012	7.6671e-014	2.5384e-011	2.1421e-014	8.7532e-006	
"01.07.2024 16:11:50.512"	9.4221e-011	-8.3676e-014	3.8840e-012	7.8030e-014	2.5677e-011	2.3036e-014	8.7532e-006	
"01.07.2024 16:11:50.796"	9.5157e-011	-8.4782e-014	3.8129e-012	7.6314e-014	2.6171e-011	1.9668e-014	8.7532e-006	
"01.07.2024 16:11:51.080"	9.3088e-011	-8.8233e-014	3.8906e-012	7.3912e-014	2.5449e-011	2.6029e-014	8.7532e-006	
"01.07.2024 16:11:51.363"	9.4202e-011	-8.5578e-014	3.9198e-012	7.9211e-014	2.5578e-011	2.2370e-014	8.7551e-006	
"01.07.2024 16:11:51.648"	9.5135e-011	-8.7838e-014	3.8339e-012	7.8990e-014	2.6173e-011	2.1867e-014	8.7551e-006	
"01.07.2024 16:11:51.932"	9.3077e-011	-8.8333e-014	3.8943e-012	7.4458e-014	2.5513e-011	2.2179e-014	8.7551e-006	
"01.07.2024 16:11:52.215"	9.4108e-011	-9.0311e-014	3.9331e-012	7.4590e-014	2.5524e-011	2.2360e-014	8.7551e-006	
"01.07.2024 16:11:52.499"	9.5071e-011	-8.4336e-014	3.8205e-012	7.7878e-014	2.6103e-011	2.0326e-014	8.7522e-006	
"01.07.2024 16:11:52.783"	9.3079e-011	-8.8682e-014	3.8850e-012	7.8481e-014	2.5571e-011	2.3400e-014	8.7522e-006	
"01.07.2024 16:11:53.066"	9.4049e-011	-8.6772e-014	3.9413e-012	7.7722e-014	2.5516e-011	2.3505e-014	8.7522e-006	
"01.07.2024 16:11:53.350"	9.5010e-011	-8.8469e-014	3.8251e-012	7.6833e-014	2.6040e-011	2.0778e-014	8.7522e-006	
"01.07.2024 16:11:53.633"	9.3303e-011	-8.7777e-014	3.8968e-012	7.6051e-014	2.5833e-011	2.2000e-014	8.7373e-006	
"01.07.2024 16:11:53.917"	9.3933e-011	-8.5231e-014	3.9526e-012	7.5066e-014	2.5427e-011	2.2801e-014	8.7373e-006	
"01.07.2024 16:11:54.200"	9.4913e-011	-8.6986e-014	3.8118e-012	7.6471e-014	2.6024e-011	2.0454e-014	8.7373e-006	
"01.07.2024 16:11:54.484"	9.3671e-011	-8.8936e-014	3.8779e-012	7.4988e-014	2.6007e-011	2.3562e-014	8.7499e-006	
"01.07.2024 16:11:54.767"	9.3854e-011	-8.9673e-014	3.9449e-012	7.5252e-014	2.5320e-011	2.2932e-014	8.7499e-006	
"01.07.2024 16:11:55.050"	9.4817e-011	-8.6930e-014	3.8098e-012	7.5492e-014	2.5985e-011	2.0897e-014	8.7499e-006	
"01.07.2024 16:11:55.334"	9.3960e-011	-8.7820e-014	3.8686e-012	7.8855e-014	2.6100e-011	2.4551e-014	8.7499e-006	
"01.07.2024 16:11:55.618"	9.3781e-011	-8.7845e-014	3.9460e-012	7.5791e-014	2.5374e-011	2.3084e-014	8.7401e-006	
"01.07.2024 16:11:55.901"	9.4764e-011	-8.9958e-014	3.7909e-012	7.6165e-014	2.5885e-011	2.2853e-014	8.7401e-006	
"01.07.2024 16:11:56.185"	9.4481e-011	-8.6290e-014	3.8584e-012	7.7588e-014	2.6222e-011	2.2713e-014	8.7401e-006	
"01.07.2024 16:11:56.468"	9.3723e-011	-8.5761e-014	3.9408e-012	7.5366e-014	2.5359e-011	2.4109e-014	8.7401e-006	
"01.07.2024 16:11:56.752"	9.4638e-011	-8.8537e-014	3.8006e-012	7.7766e-014	2.5860e-011	2.2534e-014	8.7530e-006	
"01.07.2024 16:11:57.035"	9.4905e-011	-8.5443e-014	3.8635e-012	7.5784e-014	2.6353e-011	2.0901e-014	8.7530e-006	
"01.07.2024 16:11:57.318"	9.3526e-011	-8.2042e-014	3.9240e-012	7.7911e-014	2.5395e-011	2.5439e-014	8.7530e-006	
"01.07.2024 16:11:57.602"	9.4566e-011	-8.6299e-014	3.7970e-012	7.6184e-014	2.5792e-011	2.0989e-014	8.7530e-006	
"01.07.2024 16:11:57.885"	9.5141e-011	-9.0389e-014	3.8512e-012	7.6550e-014	2.6382e-011	2.0050e-014	8.7287e-006	
"01.07.2024 16:11:58.169"	9.3480e-011	-8.9448e-014	3.9244e-012	7.2551e-014	2.5376e-011	2.2637e-014	8.7287e-006	
"01.07.2024 16:11:58.452"	9.4475e-011	-8.5252e-014	3.8134e-012	7.8672e-014	2.5714e-011	2.2543e-014	8.7287e-006	
"01.07.2024 16:11:58.736"	9.5346e-011	-8.6902e-014	3.8410e-012	7.7136e-014	2.6360e-011	1.8426e-014	8.7287e-006	
"01.07.2024 16:11:59.019"	9.3396e-011	-8.3848e-014	3.9055e-012	7.7365e-014	2.5352e-011	2.2707e-014	8.7291e-006	
"01.07.2024 16:11:59.303"	9.4290e-011	-8.4566e-014	3.8527e-012	8.0832e-014	2.5722e-011	2.0658e-014	8.7291e-006	
"01.07.2024 16:11:59.586"	9.5269e-011	-8.5765e-014	3.8113e-012	7.8440e-014	2.6331e-011	2.1465e-014	8.7291e-006	
