"Spectra International Data File"
"[Scan Data (Pressures in mbar)]"
"Time"	"Mass 2"	"Mass 8"	"Mass 4"	"Mass 12"	"Mass 40"	"Mass 44"	"CirrusPressure"	
"01.07.2024 15:57:19.448"	1.2178e-010	-8.5544e-014	5.9813e-012	7.3609e-014	1.5512e-013	2.1257e-014	1.0899e-005	
"01.07.2024 15:57:19.733"	1.2287e-010	-8.7623e-014	6.0968e-012	7.3047e-014	1.5016e-013	2.1894e-014	1.0899e-005	
"01.07.2024 15:57:20.017"	1.2465e-010	-8.7453e-014	5.8108e-012	7.4752e-014	1.5480e-013	2.3234e-014	1.0899e-005	
"01.07.2024 15:57:20.300"	1.2240e-010	-8.6104e-014	5.9834e-012	7.3756e-014	1.5744e-013	2.1142e-014	1.0898e-005	
"01.07.2024 15:57:20.584"	1.2252e-010	-8.6041e-014	6.0983e-012	7.5702e-014	1.5179e-013	2.0646e-014	1.0898e-005	
"01.07.2024 15:57:20.867"	1.2428e-010	-8.8742e-014	5.7934e-012	7.1904e-014	1.5718e-013	2.1957e-014	1.0898e-005	
"01.07.2024 15:57:21.152"	1.2303e-010	-8.7189e-014	5.9859e-012	7.2704e-014	1.5495e-013	2.1523e-014	1.0898e-005	
"01.07.2024 15:57:21.436"	1.2236e-010	-8.6591e-014	6.0774e-012	7.6208e-014	1.4784e-013	2.1919e-014	1.0902e-005	
"01.07.2024 15:57:21.719"	1.2412e-010	-8.5665e-014	5.7735e-012	7.6404e-014	1.5835e-013	2.2403e-014	1.0902e-005	
"01.07.2024 15:57:22.003"	1.2389e-010	-8.7480e-014	5.9849e-012	7.2093e-014	1.5859e-013	2.1705e-014	1.0902e-005	
"01.07.2024 15:57:22.286"	1.2225e-010	-8.4682e-014	6.0763e-012	7.5226e-014	1.4805e-013	2.0863e-014	1.0902e-005	
"01.07.2024 15:57:22.570"	1.2395e-010	-8.6707e-014	5.7750e-012	7.5597e-014	1.5464e-013	2.1935e-014	1.0903e-005	
"01.07.2024 15:57:22.853"	1.2452e-010	-8.8638e-014	5.9650e-012	7.3730e-014	1.5540e-013	2.1732e-014	1.0903e-005	
"01.07.2024 15:57:23.137"	1.2195e-010	-8.6179e-014	6.0666e-012	6.9253e-014	1.4619e-013	2.0896e-014	1.0903e-005	
"01.07.2024 15:57:23.420"	1.2369e-010	-8.7123e-014	5.7929e-012	7.5294e-014	1.5384e-013	2.1930e-014	1.0903e-005	
"01.07.2024 15:57:23.703"	1.2525e-010	-8.3646e-014	5.9584e-012	7.4646e-014	1.6016e-013	2.2035e-014	1.0904e-005	
"01.07.2024 15:57:23.987"	1.2175e-010	-8.4765e-014	6.0707e-012	7.6058e-014	1.5096e-013	2.1346e-014	1.0904e-005	
"01.07.2024 15:57:24.271"	1.2347e-010	-8.4043e-014	5.8598e-012	7.6702e-014	1.5039e-013	2.2129e-014	1.0904e-005	
"01.07.2024 15:57:24.554"	1.2513e-010	-8.5359e-014	5.9410e-012	7.0805e-014	1.5102e-013	2.2025e-014	1.0904e-005	
"01.07.2024 15:57:24.838"	1.2163e-010	-8.6432e-014	6.0717e-012	7.4216e-014	1.5089e-013	2.0617e-014	1.0913e-005	
"01.07.2024 15:57:25.121"	1.2339e-010	-8.5133e-014	5.9200e-012	7.2968e-014	1.4909e-013	2.1660e-014	1.0913e-005	
"01.07.2024 15:57:25.405"	1.2477e-010	-9.0483e-014	5.9047e-012	7.3590e-014	1.5012e-013	2.1923e-014	1.0913e-005	
"01.07.2024 15:57:25.688"	1.2127e-010	-8.3390e-014	6.0549e-012	7.6363e-014	1.4736e-013	2.1039e-014	1.0913e-005	
"01.07.2024 15:57:25.972"	1.2345e-010	-8.6099e-014	5.9972e-012	7.7257e-014	1.4615e-013	2.1368e-014	1.0914e-005	
"01.07.2024 15:57:26.255"	1.2465e-010	-8.7747e-014	5.8552e-012	7.4394e-014	1.5379e-013	2.1525e-014	1.0914e-005	
"01.07.2024 15:57:26.539"	1.2082e-010	-8.7515e-014	6.0206e-012	7.7066e-014	1.4758e-013	2.0353e-014	1.0914e-005	
"01.07.2024 15:57:26.822"	1.2345e-010	-8.7164e-014	6.0799e-012	7.6615e-014	1.4918e-013	2.1449e-014	1.0911e-005	
"01.07.2024 15:57:27.105"	1.2468e-010	-8.6616e-014	5.8593e-012	7.4886e-014	1.5392e-013	2.1845e-014	1.0911e-005	
"01.07.2024 15:57:27.390"	1.2086e-010	-8.5464e-014	6.0176e-012	7.5478e-014	1.5117e-013	2.0504e-014	1.0911e-005	
"01.07.2024 15:57:27.673"	1.2342e-010	-8.5933e-014	6.1080e-012	7.5701e-014	1.4776e-013	2.0920e-014	1.0911e-005	
"01.07.2024 15:57:27.956"	1.2453e-010	-8.8412e-014	5.8328e-012	7.3347e-014	1.4721e-013	2.1385e-014	1.0926e-005	
"01.07.2024 15:57:28.240"	1.2129e-010	-8.7016e-014	5.9701e-012	7.3495e-014	1.4591e-013	2.0487e-014	1.0926e-005	
"01.07.2024 15:57:28.523"	1.2313e-010	-8.8158e-014	6.1468e-012	7.4068e-014	1.4831e-013	2.1347e-014	1.0926e-005	
"01.07.2024 15:57:28.808"	1.2477e-010	-8.9620e-014	5.8491e-012	7.5520e-014	1.5091e-013	2.1461e-014	1.0926e-005	
"01.07.2024 15:57:29.091"	1.2173e-010	-8.5045e-014	5.9905e-012	7.5623e-014	1.4748e-013	2.0270e-014	1.0913e-005	
"01.07.2024 15:57:29.375"	1.2281e-010	-9.1740e-014	6.1059e-012	7.4916e-014	1.4421e-013	2.0521e-014	1.0913e-005	
"01.07.2024 15:57:29.658"	1.2450e-010	-8.5732e-014	5.8266e-012	7.2272e-014	1.4929e-013	2.1303e-014	1.0913e-005	
"01.07.2024 15:57:29.941"	1.2271e-010	-8.6614e-014	5.9772e-012	7.6569e-014	1.4854e-013	2.0315e-014	1.0913e-005	
"01.07.2024 15:57:30.225"	1.2251e-010	-8.6658e-014	6.0814e-012	7.2160e-014	1.3988e-013	2.0697e-014	1.0907e-005	
"01.07.2024 15:57:30.508"	1.2416e-010	-8.6414e-014	5.7986e-012	7.5200e-014	1.4958e-013	2.0758e-014	1.0907e-005	
"01.07.2024 15:57:30.792"	1.2371e-010	-8.8132e-014	5.9972e-012	7.2690e-014	1.5125e-013	2.1074e-014	1.0907e-005	
"01.07.2024 15:57:31.075"	1.2224e-010	-8.8193e-014	6.0595e-012	7.4004e-014	1.4400e-013	2.0638e-014	1.0907e-005	
"01.07.2024 15:57:31.358"	1.2412e-010	-8.5305e-014	5.7699e-012	7.5343e-014	1.4023e-013	2.1008e-014	1.0899e-005	
"01.07.2024 15:57:31.642"	1.2442e-010	-8.7933e-014	5.9548e-012	7.3880e-014	1.4979e-013	2.1116e-014	1.0899e-005	
"01.07.2024 15:57:31.926"	1.2191e-010	-8.5077e-014	6.0559e-012	7.4930e-014	1.3973e-013	2.0218e-014	1.0899e-005	
"01.07.2024 15:57:32.209"	1.2410e-010	-8.6059e-014	5.7960e-012	7.3140e-014	1.4383e-013	2.1535e-014	1.0899e-005	
"01.07.2024 15:57:32.493"	1.2476e-010	-8.8144e-014	5.9384e-012	7.2842e-014	1.4773e-013	2.1021e-014	1.0908e-005	
"01.07.2024 15:57:32.777"	1.2174e-010	-8.7099e-014	6.0539e-012	7.5405e-014	1.3762e-013	1.9498e-014	1.0908e-005	
"01.07.2024 15:57:33.060"	1.2366e-010	-8.6658e-014	5.8251e-012	7.6747e-014	1.4494e-013	2.1273e-014	1.0908e-005	
"01.07.2024 15:57:33.344"	1.2527e-010	-8.7784e-014	5.9584e-012	7.2090e-014	1.4964e-013	2.1068e-014	1.0908e-005	
"01.07.2024 15:57:33.628"	1.2172e-010	-8.8625e-014	6.0549e-012	7.2790e-014	1.3952e-013	1.9732e-014	1.0908e-005	
"01.07.2024 15:57:33.911"	1.2351e-010	-8.9071e-014	5.8905e-012	7.7900e-014	1.4378e-013	2.0216e-014	1.0908e-005	
"01.07.2024 15:57:34.195"	1.2491e-010	-8.7800e-014	5.9186e-012	7.1231e-014	1.4598e-013	2.0909e-014	1.0908e-005	
"01.07.2024 15:57:34.478"	1.2154e-010	-8.6609e-014	6.0896e-012	7.6327e-014	1.4420e-013	2.0008e-014	1.0904e-005	
"01.07.2024 15:57:34.762"	1.2351e-010	-8.3990e-014	5.9614e-012	6.9149e-014	1.3963e-013	2.0713e-014	1.0904e-005	
"01.07.2024 15:57:35.045"	1.2476e-010	-8.9148e-014	5.8869e-012	7.4394e-014	1.4528e-013	2.0478e-014	1.0904e-005	
"01.07.2024 15:57:35.329"	1.2111e-010	-8.6961e-014	6.0462e-012	7.5676e-014	1.3920e-013	2.0157e-014	1.0904e-005	
"01.07.2024 15:57:35.612"	1.2339e-010	-8.7400e-014	6.0610e-012	7.3277e-014	1.3942e-013	2.0748e-014	1.0909e-005	
"01.07.2024 15:57:35.895"	1.2464e-010	-8.6721e-014	5.8889e-012	7.8105e-014	1.4216e-013	2.0838e-014	1.0909e-005	
"01.07.2024 15:57:36.181"	1.2107e-010	-8.6541e-014	6.0299e-012	7.4263e-014	1.3997e-013	2.0332e-014	1.0909e-005	
"01.07.2024 15:57:36.464"	1.2329e-010	-8.5314e-014	6.0452e-012	7.5294e-014	1.4084e-013	2.0022e-014	1.0909e-005	
"01.07.2024 15:57:36.747"	1.2459e-010	-8.8172e-014	5.8256e-012	7.5258e-014	1.4264e-013	2.0696e-014	1.0904e-005	
"01.07.2024 15:57:37.031"	1.2110e-010	-8.8165e-014	6.0314e-012	7.3400e-014	1.4317e-013	1.9971e-014	1.0904e-005	
"01.07.2024 15:57:37.314"	1.2304e-010	-8.6180e-014	6.1330e-012	7.4501e-014	1.3563e-013	2.0434e-014	1.0904e-005	
"01.07.2024 15:57:37.598"	1.2471e-010	-8.3963e-014	5.8619e-012	7.6227e-014	1.4335e-013	2.1238e-014	1.0904e-005	
"01.07.2024 15:57:37.882"	1.2126e-010	-8.7009e-014	6.0314e-012	7.2132e-014	1.3917e-013	1.9846e-014	1.0914e-005	
"01.07.2024 15:57:38.165"	1.2289e-010	-8.6594e-014	6.1136e-012	7.6386e-014	1.3882e-013	2.0212e-014	1.0914e-005	
"01.07.2024 15:57:38.449"	1.2430e-010	-8.5312e-014	5.8164e-012	7.5048e-014	1.4241e-013	2.1075e-014	1.0914e-005	
"01.07.2024 15:57:38.732"	1.2223e-010	-8.5803e-014	6.0176e-012	7.3051e-014	1.4190e-013	1.9710e-014	1.0914e-005	
"01.07.2024 15:57:39.016"	1.2303e-010	-8.3096e-014	6.1294e-012	7.5387e-014	1.3834e-013	1.9770e-014	1.0915e-005	
"01.07.2024 15:57:39.299"	1.2413e-010	-8.8001e-014	5.7848e-012	7.7573e-014	1.4308e-013	2.0487e-014	1.0915e-005	
"01.07.2024 15:57:39.583"	1.2313e-010	-8.7394e-014	5.9609e-012	7.5641e-014	1.4055e-013	2.0051e-014	1.0915e-005	
"01.07.2024 15:57:39.866"	1.2281e-010	-8.7759e-014	6.1284e-012	7.1001e-014	1.3514e-013	2.0602e-014	1.0915e-005	
"01.07.2024 15:57:40.149"	1.2435e-010	-8.7092e-014	5.7914e-012	7.3373e-014	1.3936e-013	2.1095e-014	1.0912e-005	
"01.07.2024 15:57:40.433"	1.2366e-010	-8.4513e-014	5.9538e-012	7.6402e-014	1.4172e-013	2.0150e-014	1.0912e-005	
"01.07.2024 15:57:40.716"	1.2212e-010	-8.8190e-014	6.0845e-012	7.5459e-014	1.3516e-013	2.0020e-014	1.0912e-005	
"01.07.2024 15:57:41.000"	1.2413e-010	-8.6735e-014	5.8164e-012	7.4662e-014	1.4074e-013	2.0355e-014	1.0909e-005	
"01.07.2024 15:57:41.283"	1.2477e-010	-8.9830e-014	5.9543e-012	7.5771e-014	1.4181e-013	2.0480e-014	1.0909e-005	
"01.07.2024 15:57:41.567"	1.2176e-010	-8.8763e-014	6.0773e-012	6.7681e-014	1.3386e-013	1.9685e-014	1.0909e-005	
"01.07.2024 15:57:41.850"	1.2376e-010	-8.8158e-014	5.8444e-012	7.3482e-014	1.3586e-013	2.0539e-014	1.0909e-005	
"01.07.2024 15:57:42.133"	1.2529e-010	-8.9021e-014	5.9625e-012	7.1586e-014	1.3842e-013	2.0640e-014	1.0918e-005	
"01.07.2024 15:57:42.418"	1.2175e-010	-8.4853e-014	6.0585e-012	7.3476e-014	1.3524e-013	1.9275e-014	1.0918e-005	
"01.07.2024 15:57:42.702"	1.2351e-010	-8.7155e-014	5.8955e-012	7.5583e-014	1.3320e-013	1.9828e-014	1.0918e-005	
"01.07.2024 15:57:42.985"	1.2504e-010	-8.9263e-014	5.9405e-012	7.3785e-014	1.3803e-013	2.0398e-014	1.0918e-005	
"01.07.2024 15:57:43.268"	1.2169e-010	-8.6234e-014	6.1069e-012	7.3829e-014	1.3396e-013	1.9218e-014	1.0909e-005	
"01.07.2024 15:57:43.552"	1.2359e-010	-8.5043e-014	5.9594e-012	7.1341e-014	1.3851e-013	2.0282e-014	1.0909e-005	
"01.07.2024 15:57:43.835"	1.2475e-010	-8.9655e-014	5.8818e-012	7.3963e-014	1.3665e-013	2.0070e-014	1.0909e-005	
"01.07.2024 15:57:44.119"	1.2084e-010	-8.8080e-014	6.0508e-012	7.3180e-014	1.3174e-013	1.9280e-014	1.0909e-005	
"01.07.2024 15:57:44.402"	1.2364e-010	-8.6012e-014	6.0702e-012	7.3921e-014	1.3525e-013	2.0336e-014	1.0906e-005	
"01.07.2024 15:57:44.686"	1.2480e-010	-8.6609e-014	5.8787e-012	7.7007e-014	1.3781e-013	2.0337e-014	1.0906e-005	
"01.07.2024 15:57:44.969"	1.2071e-010	-8.6248e-014	6.0023e-012	6.8956e-014	1.3505e-013	1.9693e-014	1.0906e-005	
"01.07.2024 15:57:45.252"	1.2344e-010	-8.4618e-014	6.1314e-012	7.6295e-014	1.3597e-013	1.9924e-014	1.0906e-005	
"01.07.2024 15:57:45.536"	1.2464e-010	-8.4898e-014	5.8486e-012	7.4028e-014	1.3707e-013	1.9780e-014	1.0915e-005	
"01.07.2024 15:57:45.819"	1.2109e-010	-8.5011e-014	5.9987e-012	7.6429e-014	1.3630e-013	1.9068e-014	1.0915e-005	
"01.07.2024 15:57:46.103"	1.2307e-010	-8.6544e-014	6.1381e-012	7.1367e-014	1.3306e-013	2.0011e-014	1.0915e-005	
"01.07.2024 15:57:46.386"	1.2473e-010	-8.6665e-014	5.8414e-012	7.4142e-014	1.3719e-013	2.0075e-014	1.0915e-005	
"01.07.2024 15:57:46.669"	1.2179e-010	-8.7229e-014	5.9942e-012	7.1698e-014	1.3334e-013	1.8973e-014	1.0915e-005	
"01.07.2024 15:57:46.954"	1.2269e-010	-8.3896e-014	6.0921e-012	7.4327e-014	1.3085e-013	1.9589e-014	1.0915e-005	
"01.07.2024 15:57:47.237"	1.2454e-010	-8.3179e-014	5.8292e-012	7.4379e-014	1.3389e-013	2.0396e-014	1.0915e-005	
"01.07.2024 15:57:47.521"	1.2255e-010	-8.5939e-014	5.9906e-012	7.1184e-014	1.3765e-013	1.9535e-014	1.0915e-005	
"01.07.2024 15:57:47.805"	1.2267e-010	-8.7573e-014	6.1080e-012	7.5345e-014	1.3314e-013	1.9761e-014	1.0909e-005	
"01.07.2024 15:57:48.088"	1.2426e-010	-8.5062e-014	5.7990e-012	7.6470e-014	1.3733e-013	1.9981e-014	1.0909e-005	
"01.07.2024 15:57:48.372"	1.2348e-010	-8.5475e-014	5.9727e-012	7.8500e-014	1.3928e-013	1.9751e-014	1.0909e-005	
"01.07.2024 15:57:48.655"	1.2240e-010	-8.5172e-014	6.0702e-012	7.2575e-014	1.3186e-013	1.9207e-014	1.0909e-005	
"01.07.2024 15:57:48.939"	1.2409e-010	-8.7651e-014	5.7909e-012	7.5987e-014	1.3254e-013	2.0217e-014	1.0909e-005	
"01.07.2024 15:57:49.222"	1.2439e-010	-8.4574e-014	5.9885e-012	7.5080e-014	1.3563e-013	1.9624e-014	1.0909e-005	
"01.07.2024 15:57:49.505"	1.2209e-010	-8.6655e-014	6.0779e-012	7.1669e-014	1.2766e-013	1.9101e-014	1.0909e-005	
"01.07.2024 15:57:49.789"	1.2378e-010	-8.7261e-014	5.8118e-012	7.4588e-014	1.3384e-013	2.0220e-014	1.0909e-005	
"01.07.2024 15:57:50.072"	1.2508e-010	-8.6019e-014	5.9573e-012	7.4783e-014	1.3679e-013	2.0129e-014	1.0909e-005	
"01.07.2024 15:57:50.356"	1.2184e-010	-8.7081e-014	6.0595e-012	7.7186e-014	1.2694e-013	1.9251e-014	1.0909e-005	
"01.07.2024 15:57:50.639"	1.2351e-010	-8.4000e-014	5.8904e-012	7.4576e-014	1.3416e-013	1.9783e-014	1.0909e-005	
"01.07.2024 15:57:50.923"	1.2536e-010	-8.5654e-014	5.9762e-012	7.4089e-014	1.3563e-013	1.9670e-014	1.0910e-005	
"01.07.2024 15:57:51.207"	1.2185e-010	-8.6066e-014	6.0661e-012	7.6444e-014	1.2969e-013	1.9134e-014	1.0910e-005	
"01.07.2024 15:57:51.491"	1.2351e-010	-8.8458e-014	5.8894e-012	7.2828e-014	1.3112e-013	1.9436e-014	1.0910e-005	
"01.07.2024 15:57:51.775"	1.2492e-010	-8.9223e-014	5.9144e-012	7.3425e-014	1.3233e-013	1.9726e-014	1.0910e-005	
"01.07.2024 15:57:52.058"	1.2151e-010	-8.3001e-014	6.0748e-012	7.2440e-014	1.3254e-013	1.9305e-014	1.0918e-005	
"01.07.2024 15:57:52.342"	1.2350e-010	-8.9945e-014	5.9829e-012	7.5021e-014	1.2836e-013	1.9696e-014	1.0918e-005	
"01.07.2024 15:57:52.625"	1.2491e-010	-8.8724e-014	5.9196e-012	7.3517e-014	1.3503e-013	1.9983e-014	1.0918e-005	
"01.07.2024 15:57:52.908"	1.2135e-010	-8.7368e-014	6.0794e-012	7.6204e-014	1.2710e-013	1.8622e-014	1.0918e-005	
"01.07.2024 15:57:53.192"	1.2334e-010	-8.7526e-014	6.0268e-012	7.4834e-014	1.3004e-013	1.9484e-014	1.0926e-005	
"01.07.2024 15:57:53.475"	1.2471e-010	-8.4078e-014	5.8542e-012	7.4776e-014	1.3362e-013	1.9630e-014	1.0926e-005	
"01.07.2024 15:57:53.759"	1.2104e-010	-9.0597e-014	6.0457e-012	7.2888e-014	1.2620e-013	1.9177e-014	1.0926e-005	
"01.07.2024 15:57:54.042"	1.2360e-010	-8.5570e-014	6.1172e-012	7.1351e-014	1.2929e-013	1.9429e-014	1.0926e-005	
"01.07.2024 15:57:54.326"	1.2471e-010	-8.6248e-014	5.8419e-012	7.7044e-014	1.3312e-013	1.9908e-014	1.0924e-005	
"01.07.2024 15:57:54.609"	1.2110e-010	-8.7054e-014	6.0094e-012	7.3314e-014	1.3077e-013	1.8909e-014	1.0924e-005	
"01.07.2024 15:57:54.893"	1.2348e-010	-8.7667e-014	6.1422e-012	7.4927e-014	1.2711e-013	1.9281e-014	1.0924e-005	
"01.07.2024 15:57:55.176"	1.2461e-010	-8.5173e-014	5.8256e-012	7.3597e-014	1.2850e-013	1.9715e-014	1.0921e-005	
"01.07.2024 15:57:55.459"	1.2200e-010	-8.6084e-014	5.9808e-012	7.7558e-014	1.3324e-013	1.8895e-014	1.0921e-005	
"01.07.2024 15:57:55.743"	1.2307e-010	-8.4967e-014	6.1238e-012	7.4489e-014	1.2833e-013	1.9150e-014	1.0921e-005	
"01.07.2024 15:57:56.027"	1.2474e-010	-8.4815e-014	5.8190e-012	7.5851e-014	1.3371e-013	1.9047e-014	1.0921e-005	
"01.07.2024 15:57:56.310"	1.2265e-010	-8.5490e-014	5.9732e-012	7.4856e-014	1.3252e-013	1.8853e-014	1.0913e-005	
"01.07.2024 15:57:56.594"	1.2263e-010	-8.7155e-014	6.0978e-012	7.1328e-014	1.2320e-013	1.8865e-014	1.0913e-005	
"01.07.2024 15:57:56.877"	1.2454e-010	-8.5407e-014	5.8194e-012	7.4939e-014	1.2716e-013	1.9384e-014	1.0913e-005	
"01.07.2024 15:57:57.160"	1.2333e-010	-8.6597e-014	5.9829e-012	7.6816e-014	1.3402e-013	1.9350e-014	1.0913e-005	
"01.07.2024 15:57:57.445"	1.2249e-010	-8.7111e-014	6.0912e-012	7.3646e-014	1.2315e-013	1.8907e-014	1.0919e-005	
"01.07.2024 15:57:57.728"	1.2407e-010	-8.8108e-014	5.7893e-012	7.3222e-014	1.2870e-013	1.9348e-014	1.0919e-005	
"01.07.2024 15:57:58.012"	1.2441e-010	-8.5347e-014	5.9976e-012	7.3169e-014	1.3630e-013	1.9070e-014	1.0919e-005	
"01.07.2024 15:57:58.295"	1.2265e-010	-8.6497e-014	6.0942e-012	7.6252e-014	1.2770e-013	1.8672e-014	1.0919e-005	
"01.07.2024 15:57:58.578"	1.2383e-010	-8.6740e-014	5.8118e-012	7.4362e-014	1.2870e-013	1.9232e-014	1.0930e-005	
"01.07.2024 15:57:58.862"	1.2488e-010	-8.6760e-014	5.9931e-012	7.1928e-014	1.3287e-013	1.9466e-014	1.0930e-005	
"01.07.2024 15:57:59.145"	1.2220e-010	-8.3071e-014	6.1192e-012	7.1368e-014	1.2167e-013	1.9029e-014	1.0930e-005	
"01.07.2024 15:57:59.429"	1.2385e-010	-8.5682e-014	5.8613e-012	7.5479e-014	1.2767e-013	1.8714e-014	1.0930e-005	
"01.07.2024 15:57:59.712"	1.2520e-010	-8.4856e-014	5.9456e-012	7.3552e-014	1.3367e-013	1.9983e-014	1.0921e-005	
"01.07.2024 15:57:59.996"	1.2203e-010	-8.5932e-014	6.1136e-012	7.1078e-014	1.1973e-013	1.8178e-014	1.0921e-005	
"01.07.2024 15:58:00.279"	1.2381e-010	-8.6516e-014	5.8889e-012	7.5336e-014	1.2340e-013	1.9623e-014	1.0921e-005	
"01.07.2024 15:58:00.563"	1.2505e-010	-8.7232e-014	5.9262e-012	7.3857e-014	1.2827e-013	1.8822e-014	1.0921e-005	
"01.07.2024 15:58:00.846"	1.2142e-010	-8.7553e-014	6.0825e-012	7.4559e-014	1.2584e-013	1.9113e-014	1.0931e-005	
"01.07.2024 15:58:01.130"	1.2383e-010	-8.3082e-014	5.9895e-012	7.5400e-014	1.2900e-013	1.8733e-014	1.0931e-005	
"01.07.2024 15:58:01.413"	1.2488e-010	-8.7151e-014	5.9078e-012	7.4103e-014	1.4722e-013	2.0808e-014	1.0931e-005	
"01.07.2024 15:58:01.697"	1.2097e-010	-8.9014e-014	6.0365e-012	7.3714e-014	1.2751e-013	1.8677e-014	1.0931e-005	
"01.07.2024 15:58:01.980"	1.2371e-010	-9.0099e-014	6.0406e-012	7.4716e-014	1.3031e-013	1.9025e-014	1.0924e-005	
"01.07.2024 15:58:02.264"	1.2139e-010	-8.5628e-014	6.9125e-012	7.3192e-014	1.3230e-011	7.8067e-014	1.0924e-005	
"01.07.2024 15:58:02.547"	1.0736e-010	-9.0170e-014	4.6304e-012	7.8307e-014	2.9125e-011	1.4429e-014	1.0924e-005	
"01.07.2024 15:58:02.831"	1.0697e-010	-8.5884e-014	4.6764e-012	7.7691e-014	3.1431e-011	5.5981e-015	1.0800e-005	
"01.07.2024 15:58:03.114"	1.0740e-010	-8.9410e-014	4.7029e-012	7.8648e-014	3.0470e-011	4.2224e-015	1.0800e-005	
"01.07.2024 15:58:03.398"	1.0423e-010	-8.4866e-014	4.7771e-012	7.7466e-014	3.0505e-011	4.5026e-015	1.0800e-005	
"01.07.2024 15:58:03.681"	1.0468e-010	-8.7411e-014	4.7746e-012	7.6293e-014	3.0965e-011	-4.0984e-015	1.0800e-005	
"01.07.2024 15:58:03.965"	1.0429e-010	-8.6835e-014	4.4856e-012	7.9888e-014	3.1023e-011	-1.2529e-015	1.0463e-005	
"01.07.2024 15:58:04.248"	1.0121e-010	-8.8057e-014	4.4448e-012	7.7232e-014	2.9879e-011	8.4877e-015	1.0463e-005	
"01.07.2024 15:58:04.532"	9.9548e-011	-8.6020e-014	4.3619e-012	7.9842e-014	2.7657e-011	1.2375e-014	1.0463e-005	
"01.07.2024 15:58:04.815"	9.8678e-011	-8.4894e-014	4.0161e-012	7.9571e-014	2.7100e-011	1.5131e-014	1.0463e-005	
"01.07.2024 15:58:05.099"	9.6872e-011	-8.4115e-014	4.0012e-012	7.7582e-014	2.6811e-011	1.8390e-014	9.8718e-006	
"01.07.2024 15:58:05.382"	9.5248e-011	-8.6631e-014	4.0140e-012	7.9141e-014	2.5367e-011	2.1093e-014	9.8718e-006	
"01.07.2024 15:58:05.666"	9.5750e-011	-8.7144e-014	3.8630e-012	7.7835e-014	2.5593e-011	1.9758e-014	9.8718e-006	
"01.07.2024 15:58:05.949"	9.5958e-011	-8.6817e-014	3.8948e-012	7.6224e-014	2.6020e-011	2.1350e-014	9.8718e-006	
"01.07.2024 15:58:06.233"	9.4185e-011	-8.4212e-014	3.9664e-012	8.0089e-014	2.4957e-011	2.3061e-014	9.2331e-006	
"01.07.2024 15:58:06.516"	9.5066e-011	-8.8249e-014	3.8404e-012	7.6778e-014	2.5466e-011	2.0133e-014	9.2331e-006	
"01.07.2024 15:58:06.800"	9.5783e-011	-8.8441e-014	3.8681e-012	7.6241e-014	2.6018e-011	2.0125e-014	9.2331e-006	
"01.07.2024 15:58:07.083"	9.3846e-011	-8.5343e-014	3.9449e-012	7.4510e-014	2.4977e-011	2.3885e-014	9.2331e-006	
"01.07.2024 15:58:07.367"	9.4856e-011	-8.7397e-014	3.8522e-012	7.6008e-014	2.5347e-011	2.2991e-014	9.0527e-006	
"01.07.2024 15:58:07.650"	9.5699e-011	-8.7343e-014	3.8528e-012	7.7091e-014	2.5988e-011	1.7742e-014	9.0527e-006	
"01.07.2024 15:58:07.934"	9.3674e-011	-8.8002e-014	3.9352e-012	7.7956e-014	2.5063e-011	2.4912e-014	9.0527e-006	
"01.07.2024 15:58:08.217"	9.4703e-011	-8.6937e-014	3.8794e-012	7.6720e-014	2.5367e-011	2.2829e-014	9.0527e-006	
"01.07.2024 15:58:08.501"	9.5640e-011	-8.7368e-014	3.8451e-012	7.6592e-014	2.5972e-011	1.9696e-014	8.9822e-006	
"01.07.2024 15:58:08.784"	9.3500e-011	-8.4760e-014	3.9291e-012	7.7851e-014	2.5078e-011	2.3689e-014	8.9822e-006	
"01.07.2024 15:58:09.068"	9.4548e-011	-8.6649e-014	3.8973e-012	7.8495e-014	2.5311e-011	2.0218e-014	8.9822e-006	
"01.07.2024 15:58:09.351"	9.5549e-011	-8.8276e-014	3.8482e-012	7.6150e-014	2.5942e-011	1.7881e-014	8.9360e-006	
"01.07.2024 15:58:09.635"	9.3463e-011	-8.6763e-014	3.9178e-012	7.6878e-014	2.5181e-011	2.5458e-014	8.9360e-006	
"01.07.2024 15:58:09.918"	9.4451e-011	-8.4157e-014	3.9291e-012	7.7006e-014	2.5333e-011	2.2440e-014	8.9360e-006	
"01.07.2024 15:58:10.202"	9.5410e-011	-8.4200e-014	3.8497e-012	7.6923e-014	2.5849e-011	1.9938e-014	8.9360e-006	
"01.07.2024 15:58:10.485"	9.3300e-011	-8.4361e-014	3.9152e-012	7.6103e-014	2.5274e-011	2.4997e-014	8.8968e-006	
"01.07.2024 15:58:10.769"	9.4347e-011	-8.5355e-014	3.9480e-012	7.9952e-014	2.5305e-011	2.2062e-014	8.8968e-006	
"01.07.2024 15:58:11.052"	9.5283e-011	-8.4807e-014	3.8303e-012	7.8949e-014	2.5896e-011	2.1466e-014	8.8968e-006	
"01.07.2024 15:58:11.336"	9.3276e-011	-8.5248e-014	3.9055e-012	7.7673e-014	2.5400e-011	2.2405e-014	8.8968e-006	
"01.07.2024 15:58:11.619"	9.4230e-011	-8.7170e-014	3.9649e-012	7.7213e-014	2.5244e-011	2.2763e-014	8.8725e-006	
"01.07.2024 15:58:11.902"	9.5210e-011	-8.5839e-014	3.8241e-012	7.8659e-014	2.5865e-011	2.0208e-014	8.8725e-006	
"01.07.2024 15:58:12.186"	9.3291e-011	-8.6773e-014	3.8907e-012	7.7876e-014	2.5534e-011	2.3203e-014	8.8725e-006	
"01.07.2024 15:58:12.470"	9.4166e-011	-8.7321e-014	3.9572e-012	7.7277e-014	2.5261e-011	2.4783e-014	8.8725e-006	
"01.07.2024 15:58:12.754"	9.5122e-011	-8.7847e-014	3.8047e-012	7.5567e-014	2.5798e-011	2.0574e-014	8.8602e-006	
"01.07.2024 15:58:13.037"	9.3590e-011	-8.7283e-014	3.8979e-012	7.8226e-014	2.5684e-011	2.6301e-014	8.8602e-006	
"01.07.2024 15:58:13.321"	9.4039e-011	-8.7242e-014	3.9695e-012	7.6174e-014	2.5179e-011	2.5312e-014	8.8602e-006	
"01.07.2024 15:58:13.604"	9.5044e-011	-8.9397e-014	3.8073e-012	6.9536e-014	2.5784e-011	2.1242e-014	8.8602e-006	
"01.07.2024 15:58:13.887"	9.3963e-011	-8.6352e-014	3.8922e-012	7.6975e-014	2.5899e-011	2.3959e-014	8.8361e-006	
"01.07.2024 15:58:14.171"	9.4001e-011	-8.3308e-014	3.9388e-012	7.7390e-014	2.5185e-011	2.3513e-014	8.8361e-006	
"01.07.2024 15:58:14.455"	9.4937e-011	-8.9466e-014	3.8154e-012	7.7678e-014	2.5690e-011	2.3171e-014	8.8361e-006	
"01.07.2024 15:58:14.738"	9.4509e-011	-8.5908e-014	3.8794e-012	7.6612e-014	2.6047e-011	2.1639e-014	8.8361e-006	
"01.07.2024 15:58:15.022"	9.3847e-011	-8.5798e-014	3.9505e-012	7.8386e-014	2.5160e-011	2.3403e-014	8.8266e-006	
"01.07.2024 15:58:15.305"	9.4786e-011	-8.4208e-014	3.8134e-012	7.6555e-014	2.5683e-011	2.3328e-014	8.8266e-006	
"01.07.2024 15:58:15.589"	9.4890e-011	-9.1415e-014	3.8830e-012	7.5906e-014	2.6115e-011	2.1085e-014	8.8266e-006	
"01.07.2024 15:58:15.872"	9.3719e-011	-8.3754e-014	3.9357e-012	7.6915e-014	2.5164e-011	2.4833e-014	8.8266e-006	
"01.07.2024 15:58:16.155"	9.4687e-011	-8.8029e-014	3.8062e-012	7.7563e-014	2.5637e-011	2.2502e-014	8.8264e-006	
"01.07.2024 15:58:16.439"	9.5302e-011	-8.6717e-014	3.8660e-012	7.9645e-014	2.6164e-011	2.2507e-014	8.8264e-006	
"01.07.2024 15:58:16.722"	9.3615e-011	-8.2615e-014	3.9373e-012	7.7982e-014	2.5143e-011	2.3867e-014	8.8264e-006	
"01.07.2024 15:58:17.006"	9.4665e-011	-8.9781e-014	3.8169e-012	7.6146e-014	2.5617e-011	2.1052e-014	8.8271e-006	
"01.07.2024 15:58:17.289"	9.5475e-011	-8.5083e-014	3.8589e-012	7.7180e-014	2.6174e-011	1.9746e-014	8.8271e-006	
"01.07.2024 15:58:17.573"	9.3526e-011	-8.6860e-014	3.9152e-012	7.8972e-014	2.5174e-011	2.5898e-014	8.8271e-006	
"01.07.2024 15:58:17.856"	9.4558e-011	-8.5389e-014	3.8481e-012	8.0334e-014	2.5563e-011	2.4033e-014	8.8271e-006	
"01.07.2024 15:58:18.140"	9.5508e-011	-8.8732e-014	3.8435e-012	7.9732e-014	2.6116e-011	1.9013e-014	8.8178e-006	
"01.07.2024 15:58:18.423"	9.3442e-011	-8.7929e-014	3.9178e-012	7.4652e-014	2.5194e-011	2.2864e-014	8.8178e-006	
"01.07.2024 15:58:18.707"	9.4461e-011	-8.5219e-014	3.8891e-012	7.9033e-014	2.5477e-011	2.2580e-014	8.8178e-006	
"01.07.2024 15:58:18.991"	9.5425e-011	-8.5961e-014	3.8436e-012	7.6245e-014	2.6098e-011	2.0499e-014	8.8178e-006	
"01.07.2024 15:58:19.274"	9.3319e-011	-8.6982e-014	3.9239e-012	7.8975e-014	2.5209e-011	2.3188e-014	8.7959e-006	
"01.07.2024 15:58:19.558"	9.4353e-011	-8.5901e-014	3.9004e-012	7.8582e-014	2.5447e-011	2.3185e-014	8.7959e-006	
"01.07.2024 15:58:19.841"	9.5307e-011	-8.5477e-014	3.8266e-012	7.9325e-014	2.6094e-011	2.1032e-014	8.7959e-006	
"01.07.2024 15:58:20.124"	9.3241e-011	-8.6900e-014	3.9024e-012	7.6237e-014	2.5310e-011	2.2316e-014	8.7959e-006	
"01.07.2024 15:58:20.408"	9.4219e-011	-8.8827e-014	3.9275e-012	7.5967e-014	2.5415e-011	2.4459e-014	8.7935e-006	
"01.07.2024 15:58:20.691"	9.5202e-011	-8.5531e-014	3.8312e-012	7.8345e-014	2.5963e-011	2.2948e-014	8.7935e-006	
"01.07.2024 15:58:20.975"	9.3163e-011	-8.6321e-014	3.9050e-012	7.4076e-014	2.5455e-011	2.3433e-014	8.7935e-006	
"01.07.2024 15:58:21.259"	9.4186e-011	-8.4815e-014	3.9383e-012	7.9012e-014	2.5368e-011	2.2556e-014	8.7935e-006	
"01.07.2024 15:58:21.542"	9.5158e-011	-8.6323e-014	3.8298e-012	7.9707e-014	2.5958e-011	2.2543e-014	8.7888e-006	
"01.07.2024 15:58:21.826"	9.3190e-011	-8.5842e-014	3.8860e-012	7.8079e-014	2.5617e-011	2.5728e-014	8.7888e-006	
"01.07.2024 15:58:22.109"	9.4113e-011	-8.5445e-014	3.9602e-012	7.7437e-014	2.5331e-011	2.3863e-014	8.7888e-006	
"01.07.2024 15:58:22.392"	9.5071e-011	-8.7004e-014	3.8159e-012	8.0470e-014	2.5915e-011	2.3283e-014	8.7888e-006	
"01.07.2024 15:58:22.676"	9.3356e-011	-8.8323e-014	3.9034e-012	8.0516e-014	2.5742e-011	2.2669e-014	8.7911e-006	
"01.07.2024 15:58:22.960"	9.3963e-011	-8.5806e-014	3.9808e-012	7.8567e-014	2.5319e-011	2.3446e-014	8.7911e-006	
"01.07.2024 15:58:23.243"	9.5001e-011	-8.5879e-014	3.7985e-012	7.7814e-014	2.5852e-011	2.1943e-014	8.7911e-006	
"01.07.2024 15:58:23.527"	9.3867e-011	-8.7902e-014	3.8814e-012	7.9109e-014	2.5885e-011	2.4290e-014	8.7913e-006	
"01.07.2024 15:58:23.810"	9.3914e-011	-8.6112e-014	3.9505e-012	7.0959e-014	2.5267e-011	2.4634e-014	8.7913e-006	
"01.07.2024 15:58:24.094"	9.4908e-011	-8.6846e-014	3.8031e-012	7.8234e-014	2.5861e-011	2.1716e-014	8.7913e-006	
"01.07.2024 15:58:24.377"	9.4139e-011	-9.1454e-014	3.8820e-012	7.7034e-014	2.6000e-011	2.3450e-014	8.7913e-006	
"01.07.2024 15:58:24.661"	9.3839e-011	-8.7551e-014	3.9506e-012	7.8733e-014	2.5243e-011	2.5319e-014	8.7881e-006	
"01.07.2024 15:58:24.944"	9.4790e-011	-8.5889e-014	3.8067e-012	7.6909e-014	2.5740e-011	2.1712e-014	8.7881e-006	
"01.07.2024 15:58:25.228"	9.4689e-011	-8.5760e-014	3.8727e-012	7.6498e-014	2.6177e-011	2.3508e-014	8.7881e-006	
"01.07.2024 15:58:25.511"	9.3727e-011	-8.6427e-014	3.9372e-012	7.6144e-014	2.5222e-011	2.3570e-014	8.7881e-006	
"01.07.2024 15:58:25.794"	9.4692e-011	-8.6452e-014	3.7924e-012	7.6152e-014	2.5747e-011	2.2333e-014	8.7759e-006	
"01.07.2024 15:58:26.078"	9.5026e-011	-8.9403e-014	3.8614e-012	7.5816e-014	2.6241e-011	1.9071e-014	8.7759e-006	
"01.07.2024 15:58:26.361"	9.3596e-011	-8.2176e-014	3.9249e-012	7.3476e-014	2.5188e-011	2.2600e-014	8.7759e-006	
"01.07.2024 15:58:26.645"	9.4588e-011	-8.6924e-014	3.8256e-012	7.8326e-014	2.5655e-011	2.3022e-014	8.7759e-006	
"01.07.2024 15:58:26.928"	9.5407e-011	-8.5940e-014	3.8508e-012	8.0043e-014	2.6223e-011	2.0902e-014	8.7765e-006	
"01.07.2024 15:58:27.212"	9.3466e-011	-8.8882e-014	3.9331e-012	7.5937e-014	2.5234e-011	2.1808e-014	8.7765e-006	
"01.07.2024 15:58:27.496"	9.4551e-011	-8.7368e-014	3.8200e-012	7.4865e-014	2.5633e-011	2.4097e-014	8.7765e-006	
"01.07.2024 15:58:27.780"	9.5404e-011	-8.6266e-014	3.8558e-012	7.8592e-014	2.6224e-011	1.9838e-014	8.7765e-006	
"01.07.2024 15:58:28.063"	9.3433e-011	-8.5173e-014	3.9132e-012	7.9588e-014	2.5250e-011	2.3645e-014	8.7554e-006	
"01.07.2024 15:58:28.347"	9.4459e-011	-8.7532e-014	3.8599e-012	7.1890e-014	2.5611e-011	2.2472e-014	8.7554e-006	
"01.07.2024 15:58:28.630"	9.5389e-011	-8.4655e-014	3.8339e-012	7.4246e-014	2.6197e-011	1.9242e-014	8.7554e-006	
"01.07.2024 15:58:28.914"	9.3378e-011	-8.5727e-014	3.9142e-012	7.6706e-014	2.5254e-011	2.2290e-014	8.7554e-006	
"01.07.2024 15:58:29.197"	9.4422e-011	-8.5728e-014	3.8763e-012	7.8397e-014	2.5546e-011	2.1764e-014	8.7577e-006	
"01.07.2024 15:58:29.480"	9.5293e-011	-8.7303e-014	3.8349e-012	7.9003e-014	2.6135e-011	2.1194e-014	8.7577e-006	
"01.07.2024 15:58:29.764"	9.3238e-011	-8.9090e-014	3.9137e-012	7.7690e-014	2.5297e-011	2.1347e-014	8.7577e-006	
"01.07.2024 15:58:30.047"	9.4326e-011	-8.5477e-014	3.9178e-012	7.9486e-014	2.5493e-011	2.3440e-014	8.7569e-006	
"01.07.2024 15:58:30.331"	9.5257e-011	-8.3252e-014	3.8297e-012	7.8114e-014	2.6088e-011	1.9062e-014	8.7569e-006	
"01.07.2024 15:58:30.614"	9.3121e-011	-8.5636e-014	3.9055e-012	7.7122e-014	2.5398e-011	2.3421e-014	8.7569e-006	
"01.07.2024 15:58:30.898"	9.4127e-011	-8.7046e-014	3.9316e-012	7.7902e-014	2.5464e-011	2.2814e-014	8.7569e-006	
"01.07.2024 15:58:31.181"	9.5192e-011	-8.5160e-014	3.8175e-012	7.4589e-014	2.6024e-011	2.0930e-014	8.7595e-006	
"01.07.2024 15:58:31.464"	9.3154e-011	-8.8363e-014	3.8948e-012	7.7804e-014	2.5450e-011	2.3331e-014	8.7595e-006	
"01.07.2024 15:58:31.748"	9.4119e-011	-9.0216e-014	3.9388e-012	7.7555e-014	2.5405e-011	2.2949e-014	8.7595e-006	
"01.07.2024 15:58:32.031"	9.5069e-011	-8.6487e-014	3.8257e-012	7.5098e-014	2.5997e-011	1.9952e-014	8.7595e-006	
"01.07.2024 15:58:32.315"	9.3117e-011	-8.9040e-014	3.8876e-012	7.6850e-014	2.5596e-011	2.3834e-014	8.7560e-006	
"01.07.2024 15:58:32.599"	9.4044e-011	-8.6499e-014	3.9536e-012	8.2218e-014	2.5417e-011	2.1840e-014	8.7560e-006	
"01.07.2024 15:58:32.882"	9.5011e-011	-8.4932e-014	3.8098e-012	7.8497e-014	2.5933e-011	2.2503e-014	8.7560e-006	
"01.07.2024 15:58:33.166"	9.3407e-011	-8.6150e-014	3.8907e-012	7.6930e-014	2.5712e-011	2.5233e-014	8.7560e-006	
"01.07.2024 15:58:33.449"	9.4007e-011	-8.8701e-014	3.9542e-012	7.5600e-014	2.5380e-011	2.1731e-014	8.7581e-006	
"01.07.2024 15:58:33.733"	9.4959e-011	-8.6392e-014	3.8077e-012	7.5913e-014	2.5913e-011	2.1640e-014	8.7581e-006	
"01.07.2024 15:58:34.016"	9.3696e-011	-8.7363e-014	3.8626e-012	7.5669e-014	2.5910e-011	2.3314e-014	8.7581e-006	
"01.07.2024 15:58:34.300"	9.3837e-011	-8.5287e-014	3.9674e-012	7.7172e-014	2.5293e-011	2.1557e-014	8.7581e-006	
"01.07.2024 15:58:34.583"	9.4815e-011	-8.4917e-014	3.8200e-012	8.0293e-014	2.5882e-011	1.9715e-014	8.7567e-006	
"01.07.2024 15:58:34.867"	9.4268e-011	-8.3342e-014	3.8676e-012	7.6156e-014	2.6124e-011	2.2222e-014	8.7567e-006	
"01.07.2024 15:58:35.150"	9.3767e-011	-8.5585e-014	3.9536e-012	7.8814e-014	2.5352e-011	2.4463e-014	8.7567e-006	
"01.07.2024 15:58:35.433"	9.4724e-011	-8.7842e-014	3.8001e-012	7.4708e-014	2.5822e-011	2.1725e-014	8.7567e-006	
"01.07.2024 15:58:35.717"	9.4587e-011	-8.8454e-014	3.8615e-012	7.9157e-014	2.6236e-011	2.1479e-014	8.7578e-006	
"01.07.2024 15:58:36.001"	9.3677e-011	-8.6340e-014	3.9454e-012	7.4404e-014	2.5272e-011	2.6624e-014	8.7578e-006	
"01.07.2024 15:58:36.284"	9.4678e-011	-8.5427e-014	3.7944e-012	7.7186e-014	2.5754e-011	2.2383e-014	8.7578e-006	
"01.07.2024 15:58:36.568"	9.4923e-011	-8.5679e-014	3.8600e-012	7.5749e-014	2.6292e-011	2.2436e-014	8.7578e-006	
"01.07.2024 15:58:36.852"	9.3662e-011	-8.5295e-014	3.9378e-012	7.6255e-014	2.5282e-011	2.3579e-014	8.7595e-006	
"01.07.2024 15:58:37.135"	9.4631e-011	-8.4897e-014	3.7867e-012	7.5868e-014	2.5756e-011	2.1664e-014	8.7595e-006	
"01.07.2024 15:58:37.419"	9.5265e-011	-8.6276e-014	3.8522e-012	7.9507e-014	2.6297e-011	2.2457e-014	8.7595e-006	
"01.07.2024 15:58:37.702"	9.3501e-011	-8.6947e-014	3.9285e-012	7.6884e-014	2.5250e-011	2.3476e-014	8.7557e-006	
"01.07.2024 15:58:37.986"	9.4532e-011	-8.4853e-014	3.8318e-012	7.5478e-014	2.5716e-011	2.0434e-014	8.7557e-006	
"01.07.2024 15:58:38.269"	9.5393e-011	-8.6140e-014	3.8537e-012	7.6419e-014	2.6271e-011	1.7732e-014	8.7557e-006	
"01.07.2024 15:58:38.552"	9.3437e-011	-8.7182e-014	3.9188e-012	7.7746e-014	2.5206e-011	2.4160e-014	8.7557e-006	
"01.07.2024 15:58:38.836"	9.4407e-011	-8.5735e-014	3.8651e-012	7.6088e-014	2.5638e-011	2.3607e-014	8.7565e-006	
"01.07.2024 15:58:39.119"	9.5431e-011	-8.4935e-014	3.8405e-012	7.9298e-014	2.6184e-011	1.8970e-014	8.7565e-006	
"01.07.2024 15:58:39.403"	9.3261e-011	-8.7968e-014	3.9061e-012	7.8877e-014	2.5311e-011	2.5331e-014	8.7565e-006	
"01.07.2024 15:58:39.686"	9.4357e-011	-8.5969e-014	3.8794e-012	7.7151e-014	2.5565e-011	2.2612e-014	8.7565e-006	
"01.07.2024 15:58:39.969"	9.5290e-011	-8.4075e-014	3.8384e-012	7.6357e-014	2.6172e-011	2.0003e-014	8.7560e-006	
"01.07.2024 15:58:40.253"	9.3199e-011	-8.5862e-014	3.8993e-012	7.8246e-014	2.5371e-011	2.5151e-014	8.7560e-006	
"01.07.2024 15:58:40.536"	9.4240e-011	-8.5703e-014	3.9060e-012	7.6948e-014	2.5554e-011	2.4635e-014	8.7560e-006	
"01.07.2024 15:58:40.820"	9.5164e-011	-8.7840e-014	3.8318e-012	7.3972e-014	2.6097e-011	2.1674e-014	8.7560e-006	
"01.07.2024 15:58:41.103"	9.3087e-011	-8.4809e-014	3.9040e-012	7.6843e-014	2.5454e-011	2.4370e-014	8.7566e-006	
"01.07.2024 15:58:41.387"	9.4127e-011	-8.6015e-014	3.9275e-012	7.8081e-014	2.5450e-011	2.4598e-014	8.7566e-006	
"01.07.2024 15:58:41.671"	9.5067e-011	-8.7814e-014	3.8297e-012	7.7399e-014	2.6033e-011	2.0477e-014	8.7566e-006	
"01.07.2024 15:58:41.954"	9.3161e-011	-8.6727e-014	3.8933e-012	7.8196e-014	2.5581e-011	2.6443e-014	8.7566e-006	
"01.07.2024 15:58:42.238"	9.4060e-011	-9.1080e-014	3.9423e-012	7.6848e-014	2.5474e-011	2.3352e-014	8.7556e-006	
"01.07.2024 15:58:42.522"	9.5050e-011	-8.6296e-014	3.8226e-012	7.6776e-014	2.5987e-011	2.1093e-014	8.7556e-006	
"01.07.2024 15:58:42.805"	9.3256e-011	-8.4956e-014	3.8819e-012	7.5843e-014	2.5772e-011	2.4917e-014	8.7556e-006	
"01.07.2024 15:58:43.089"	9.3957e-011	-9.1445e-014	3.9496e-012	7.4980e-014	2.5418e-011	2.3017e-014	8.7556e-006	
"01.07.2024 15:58:43.372"	9.4964e-011	-8.3763e-014	3.8272e-012	7.6737e-014	2.5943e-011	2.3036e-014	8.7576e-006	
"01.07.2024 15:58:43.656"	9.3572e-011	-8.5754e-014	3.8692e-012	7.7349e-014	2.5893e-011	2.3453e-014	8.7576e-006	
"01.07.2024 15:58:43.939"	9.3908e-011	-8.5766e-014	3.9475e-012	7.7174e-014	2.5358e-011	2.4839e-014	8.7576e-006	
"01.07.2024 15:58:44.222"	9.4876e-011	-8.6375e-014	3.8149e-012	7.0522e-014	2.5937e-011	2.1007e-014	8.7521e-006	
"01.07.2024 15:58:44.506"	9.4111e-011	-8.7400e-014	3.8666e-012	7.5426e-014	2.6117e-011	2.3817e-014	8.7521e-006	
"01.07.2024 15:58:44.789"	9.3793e-011	-8.8875e-014	3.9413e-012	7.7626e-014	2.5376e-011	2.3427e-014	8.7521e-006	
"01.07.2024 15:58:45.073"	9.4807e-011	-8.6448e-014	3.7970e-012	7.8481e-014	2.5833e-011	2.0788e-014	8.7521e-006	
"01.07.2024 15:58:45.356"	9.4486e-011	-8.7183e-014	3.8630e-012	7.8724e-014	2.6185e-011	2.1867e-014	8.7399e-006	
"01.07.2024 15:58:45.640"	9.3698e-011	-8.8739e-014	3.9377e-012	7.7848e-014	2.5354e-011	2.4550e-014	8.7399e-006	
"01.07.2024 15:58:45.923"	9.4687e-011	-8.5414e-014	3.8098e-012	7.9003e-014	2.5851e-011	2.2346e-014	8.7399e-006	
"01.07.2024 15:58:46.207"	9.4731e-011	-8.7731e-014	3.8625e-012	7.7122e-014	2.6252e-011	2.0828e-014	8.7399e-006	
"01.07.2024 15:58:46.490"	9.3630e-011	-8.8432e-014	3.9331e-012	7.6349e-014	2.5259e-011	2.3099e-014	8.7243e-006	
"01.07.2024 15:58:46.774"	9.4579e-011	-8.7263e-014	3.8026e-012	7.6022e-014	2.5740e-011	2.2433e-014	8.7243e-006	
"01.07.2024 15:58:47.057"	9.5256e-011	-8.3872e-014	3.8523e-012	8.0602e-014	2.6315e-011	1.8859e-014	8.7243e-006	
"01.07.2024 15:58:47.341"	9.3474e-011	-8.7500e-014	3.9275e-012	7.5922e-014	2.5313e-011	2.5522e-014	8.7243e-006	
"01.07.2024 15:58:47.624"	9.4529e-011	-8.4768e-014	3.8180e-012	7.6899e-014	2.5728e-011	2.2091e-014	8.7250e-006	
"01.07.2024 15:58:47.908"	9.5400e-011	-8.7076e-014	3.8456e-012	7.6269e-014	2.6332e-011	2.0080e-014	8.7250e-006	
