"Spectra International Data File"
"[Scan Data (Pressures in mbar)]"
"Time"	"Mass 2"	"Mass 8"	"Mass 4"	"Mass 12"	"Mass 40"	"Mass 44"	"CirrusPressure"	
"01.07.2024 15:22:00.654"	1.1902e-010	-8.6823e-014	8.4815e-012	9.2230e-014	5.5486e-013	8.1400e-014	1.0138e-005	
"01.07.2024 15:22:00.937"	1.1566e-010	-8.6410e-014	8.6228e-012	9.1407e-014	5.1801e-013	7.9208e-014	1.0138e-005	
"01.07.2024 15:22:01.221"	1.1739e-010	-8.5448e-014	8.3662e-012	6.6930e-014	5.2904e-013	7.5180e-014	1.0138e-005	
"01.07.2024 15:22:01.504"	1.1897e-010	-8.9077e-014	8.4692e-012	9.3147e-014	5.4404e-013	7.9437e-014	1.0139e-005	
"01.07.2024 15:22:01.788"	1.1562e-010	-8.5930e-014	8.6263e-012	9.1486e-014	5.1494e-013	7.5798e-014	1.0139e-005	
"01.07.2024 15:22:02.071"	1.1722e-010	-8.7743e-014	8.4488e-012	7.2327e-014	5.2015e-013	8.0753e-014	1.0139e-005	
"01.07.2024 15:22:02.355"	1.1874e-010	-8.8083e-014	8.3932e-012	6.9768e-014	5.3952e-013	7.9744e-014	1.0139e-005	
"01.07.2024 15:22:02.638"	1.1561e-010	-8.8071e-014	8.6263e-012	9.1010e-014	5.2005e-013	7.8113e-014	1.0142e-005	
"01.07.2024 15:22:02.922"	1.1718e-010	-8.9429e-014	8.5630e-012	6.7291e-014	5.1471e-013	7.5326e-014	1.0142e-005	
"01.07.2024 15:22:03.205"	1.1838e-010	-8.6851e-014	8.3483e-012	9.3250e-014	5.3371e-013	8.0826e-014	1.0142e-005	
"01.07.2024 15:22:03.489"	1.1507e-010	-8.7421e-014	8.5763e-012	9.0470e-014	5.1645e-013	7.6464e-014	1.0142e-005	
"01.07.2024 15:22:03.772"	1.1748e-010	-8.6844e-014	8.6595e-012	6.9621e-014	5.1876e-013	7.9219e-014	1.0157e-005	
"01.07.2024 15:22:04.056"	1.1847e-010	-8.4713e-014	8.3285e-012	9.2451e-014	5.6915e-013	8.1595e-014	1.0157e-005	
"01.07.2024 15:22:04.339"	1.1498e-010	-8.8621e-014	8.5085e-012	9.2847e-014	5.3129e-013	7.8096e-014	1.0157e-005	
"01.07.2024 15:22:04.623"	1.1720e-010	-8.8195e-014	8.7293e-012	9.2383e-014	5.3373e-013	7.8290e-014	1.0162e-005	
"01.07.2024 15:22:04.907"	1.1866e-010	-8.5077e-014	8.3498e-012	9.2402e-014	5.3973e-013	8.0839e-014	1.0162e-005	
"01.07.2024 15:22:05.190"	1.1452e-010	-8.5398e-014	8.6789e-012	9.1032e-014	6.1372e-012	8.5780e-014	1.0162e-005	
"01.07.2024 15:22:05.474"	1.0342e-010	-8.6440e-014	8.2744e-012	6.9190e-014	3.0516e-011	7.1287e-015	1.0162e-005	
"01.07.2024 15:22:05.757"	9.8309e-011	-8.4915e-014	6.6145e-012	7.3202e-014	4.1044e-011	-5.4252e-014	1.0043e-005	
"01.07.2024 15:22:06.041"	9.4630e-011	-8.6909e-014	6.7059e-012	7.3587e-014	4.3076e-011	-5.6440e-014	1.0043e-005	
"01.07.2024 15:22:06.324"	9.4111e-011	-8.7843e-014	6.7621e-012	7.1654e-014	4.2197e-011	-6.1771e-014	1.0043e-005	
"01.07.2024 15:22:06.608"	9.4043e-011	-8.5823e-014	6.3899e-012	7.3146e-014	4.1869e-011	-6.2137e-014	1.0043e-005	
"01.07.2024 15:22:06.891"	9.2883e-011	-8.5803e-014	6.3772e-012	7.2426e-014	4.1318e-011	-5.4759e-014	9.7210e-006	
"01.07.2024 15:22:07.174"	9.0085e-011	-8.4075e-014	6.2357e-012	7.5693e-014	3.8699e-011	-3.7075e-014	9.7210e-006	
"01.07.2024 15:22:07.458"	8.8881e-011	-8.5161e-014	5.8226e-012	7.2980e-014	3.7821e-011	-4.1758e-014	9.7210e-006	
"01.07.2024 15:22:07.741"	8.8092e-011	-8.3848e-014	5.6908e-012	7.3222e-014	3.7558e-011	-3.6670e-014	9.7210e-006	
"01.07.2024 15:22:08.025"	8.5339e-011	-8.4618e-014	5.6934e-012	7.7205e-014	3.5520e-011	-1.6865e-014	9.0840e-006	
"01.07.2024 15:22:08.308"	8.5727e-011	-8.6925e-014	5.5943e-012	7.5208e-014	3.5532e-011	-1.5977e-014	9.0840e-006	
"01.07.2024 15:22:08.592"	8.6153e-011	-8.7669e-014	5.4845e-012	7.2540e-014	3.6134e-011	-2.4804e-014	9.0840e-006	
"01.07.2024 15:22:08.875"	8.4344e-011	-9.0170e-014	5.5729e-012	7.0943e-014	3.5132e-011	-1.5184e-014	9.0840e-006	
"01.07.2024 15:22:09.159"	8.5069e-011	-8.3725e-014	5.5672e-012	7.4673e-014	3.5283e-011	-1.7469e-014	8.5604e-006	
"01.07.2024 15:22:09.443"	8.5837e-011	-8.7488e-014	5.4492e-012	7.9068e-014	3.6026e-011	-2.3358e-014	8.5604e-006	
"01.07.2024 15:22:09.726"	8.4107e-011	-8.8290e-014	5.5269e-012	7.5604e-014	3.5243e-011	-1.4908e-014	8.5604e-006	
"01.07.2024 15:22:10.009"	8.4888e-011	-8.6795e-014	5.5769e-012	7.5393e-014	3.5309e-011	-2.1601e-014	8.5604e-006	
"01.07.2024 15:22:10.293"	8.5588e-011	-8.8451e-014	5.4477e-012	7.6120e-014	3.5971e-011	-2.4506e-014	8.4241e-006	
"01.07.2024 15:22:10.576"	8.3969e-011	-8.6243e-014	5.5299e-012	7.7990e-014	3.5513e-011	-1.5640e-014	8.4241e-006	
"01.07.2024 15:22:10.860"	8.4708e-011	-8.8381e-014	5.6025e-012	7.4223e-014	3.5272e-011	-1.4683e-014	8.4241e-006	
"01.07.2024 15:22:11.143"	8.5427e-011	-8.4649e-014	5.4344e-012	7.8973e-014	3.5925e-011	-1.9866e-014	8.4241e-006	
"01.07.2024 15:22:11.427"	8.4062e-011	-8.7628e-014	5.5269e-012	7.3392e-014	3.5778e-011	-1.7655e-014	8.3692e-006	
"01.07.2024 15:22:11.710"	8.4575e-011	-8.4480e-014	5.6045e-012	7.8300e-014	3.5303e-011	-1.5632e-014	8.3692e-006	
"01.07.2024 15:22:11.994"	8.5367e-011	-8.8107e-014	5.4227e-012	7.3143e-014	3.6035e-011	-1.9358e-014	8.3692e-006	
"01.07.2024 15:22:12.277"	8.4300e-011	-8.9356e-014	5.4952e-012	7.6121e-014	3.6048e-011	-1.7753e-014	8.3327e-006	
"01.07.2024 15:22:12.561"	8.4428e-011	-8.3269e-014	5.5938e-012	7.5640e-014	3.5341e-011	-1.8424e-014	8.3327e-006	
"01.07.2024 15:22:12.844"	8.5180e-011	-8.5734e-014	5.4038e-012	7.1836e-014	3.6030e-011	-2.1114e-014	8.3327e-006	
"01.07.2024 15:22:13.127"	8.4611e-011	-8.8333e-014	5.5028e-012	7.5685e-014	3.6356e-011	-1.8221e-014	8.3327e-006	
"01.07.2024 15:22:13.411"	8.4259e-011	-8.5780e-014	5.5872e-012	7.6737e-014	3.5325e-011	-1.4608e-014	8.3060e-006	
"01.07.2024 15:22:13.695"	8.5050e-011	-8.8914e-014	5.4058e-012	7.7199e-014	3.5966e-011	-2.3652e-014	8.3060e-006	
"01.07.2024 15:22:13.978"	8.4887e-011	-8.7849e-014	5.4759e-012	7.4498e-014	3.6469e-011	-2.0992e-014	8.3060e-006	
"01.07.2024 15:22:14.262"	8.4188e-011	-8.7357e-014	5.5877e-012	7.3885e-014	3.5313e-011	-1.7001e-014	8.3060e-006	
"01.07.2024 15:22:14.545"	8.4941e-011	-8.4860e-014	5.3910e-012	7.4927e-014	3.5959e-011	-2.2278e-014	8.2865e-006	
"01.07.2024 15:22:14.829"	8.5263e-011	-8.5649e-014	5.4732e-012	7.5145e-014	3.6552e-011	-1.9381e-014	8.2865e-006	
"01.07.2024 15:22:15.112"	8.4059e-011	-8.7819e-014	5.5565e-012	7.0751e-014	3.5334e-011	-1.8047e-014	8.2865e-006	
"01.07.2024 15:22:15.395"	8.4872e-011	-8.3706e-014	5.4196e-012	7.5717e-014	3.5882e-011	-2.0886e-014	8.2865e-006	
"01.07.2024 15:22:15.679"	8.5487e-011	-8.7950e-014	5.4692e-012	7.7449e-014	3.6584e-011	-2.2726e-014	8.2599e-006	
"01.07.2024 15:22:15.962"	8.4033e-011	-8.9806e-014	5.5626e-012	7.3365e-014	3.5368e-011	-1.7425e-014	8.2599e-006	
"01.07.2024 15:22:16.247"	8.4858e-011	-8.7900e-014	5.4247e-012	7.4898e-014	3.5870e-011	-1.6623e-014	8.2599e-006	
"01.07.2024 15:22:16.530"	8.5507e-011	-8.4190e-014	5.4595e-012	7.5945e-014	3.6623e-011	-2.8296e-014	8.2599e-006	
"01.07.2024 15:22:16.813"	8.3915e-011	-8.6288e-014	5.5519e-012	7.6077e-014	3.5354e-011	-1.4905e-014	8.2517e-006	
"01.07.2024 15:22:17.098"	8.4776e-011	-8.7428e-014	5.4594e-012	7.1955e-014	3.5845e-011	-2.1443e-014	8.2517e-006	
"01.07.2024 15:22:17.381"	8.5487e-011	-8.6104e-014	5.4457e-012	7.7124e-014	3.6521e-011	-2.2684e-014	8.2517e-006	
"01.07.2024 15:22:17.665"	8.3832e-011	-8.9356e-014	5.5274e-012	7.6280e-014	3.5425e-011	-1.5609e-014	8.2517e-006	
"01.07.2024 15:22:17.948"	8.4686e-011	-8.5686e-014	5.4758e-012	7.6829e-014	3.5850e-011	-1.9369e-014	8.2233e-006	
"01.07.2024 15:22:18.232"	8.5421e-011	-8.5640e-014	5.4529e-012	7.7549e-014	3.6578e-011	-2.7057e-014	8.2233e-006	
"01.07.2024 15:22:18.516"	8.3759e-011	-8.5985e-014	5.5489e-012	7.2685e-014	3.5499e-011	-1.5763e-014	8.2233e-006	
"01.07.2024 15:22:18.799"	8.4613e-011	-8.5582e-014	5.5146e-012	7.3225e-014	3.5757e-011	-1.6607e-014	8.2201e-006	
"01.07.2024 15:22:19.082"	8.5372e-011	-8.7117e-014	5.4288e-012	7.3225e-014	3.6483e-011	-2.7628e-014	8.2201e-006	
"01.07.2024 15:22:19.366"	8.3626e-011	-8.7628e-014	5.5259e-012	7.8196e-014	3.5612e-011	-1.8085e-014	8.2201e-006	
"01.07.2024 15:22:19.649"	8.4536e-011	-8.5343e-014	5.5554e-012	7.3828e-014	3.5703e-011	-1.7907e-014	8.2201e-006	
"01.07.2024 15:22:19.933"	8.5218e-011	-8.5386e-014	5.4242e-012	7.2937e-014	3.6405e-011	-2.8712e-014	8.2201e-006	
"01.07.2024 15:22:20.217"	8.3619e-011	-8.6679e-014	5.5223e-012	7.4071e-014	3.5730e-011	-1.9882e-014	8.2201e-006	
"01.07.2024 15:22:20.500"	8.4432e-011	-8.6123e-014	5.5723e-012	7.5174e-014	3.5640e-011	-1.6948e-014	8.2201e-006	
"01.07.2024 15:22:20.784"	8.5211e-011	-9.0319e-014	5.4226e-012	7.8199e-014	3.6378e-011	-2.2640e-014	8.2201e-006	
"01.07.2024 15:22:21.068"	8.3715e-011	-8.6647e-014	5.5039e-012	7.5896e-014	3.5959e-011	-1.7248e-014	8.2155e-006	
"01.07.2024 15:22:21.351"	8.4371e-011	-8.5232e-014	5.5994e-012	7.9857e-014	3.5592e-011	-1.9921e-014	8.2155e-006	
"01.07.2024 15:22:21.635"	8.5063e-011	-8.4151e-014	5.4119e-012	7.5385e-014	3.6263e-011	-1.8622e-014	8.2155e-006	
"01.07.2024 15:22:21.918"	8.4040e-011	-8.6377e-014	5.4911e-012	7.6702e-014	3.6295e-011	-1.5040e-014	8.2155e-006	
"01.07.2024 15:22:22.201"	8.4233e-011	-8.9989e-014	5.5948e-012	7.8898e-014	3.5569e-011	-2.0789e-014	8.1945e-006	
"01.07.2024 15:22:22.485"	8.5033e-011	-8.4148e-014	5.4206e-012	6.9069e-014	3.6252e-011	-2.1020e-014	8.1945e-006	
"01.07.2024 15:22:22.769"	8.4174e-011	-8.6869e-014	5.4753e-012	7.6846e-014	3.6394e-011	-1.4416e-014	8.1945e-006	
"01.07.2024 15:22:23.052"	8.4226e-011	-8.5727e-014	5.5764e-012	7.7813e-014	3.5523e-011	-1.7860e-014	8.1945e-006	
"01.07.2024 15:22:23.336"	8.4958e-011	-8.6444e-014	5.4032e-012	7.4945e-014	3.6173e-011	-2.2152e-014	8.1907e-006	
"01.07.2024 15:22:23.619"	8.4593e-011	-8.5632e-014	5.4901e-012	7.4734e-014	3.6579e-011	-1.7138e-014	8.1907e-006	
"01.07.2024 15:22:23.903"	8.4132e-011	-8.6479e-014	5.5585e-012	7.5017e-014	3.5499e-011	-1.7799e-014	8.1907e-006	
"01.07.2024 15:22:24.186"	8.4844e-011	-8.8589e-014	5.4058e-012	7.6343e-014	3.6096e-011	-2.0671e-014	8.1907e-006	
"01.07.2024 15:22:24.469"	8.5030e-011	-8.9195e-014	5.4962e-012	7.2626e-014	3.6729e-011	-2.0835e-014	8.1863e-006	
"01.07.2024 15:22:24.753"	8.4029e-011	-8.7677e-014	5.5616e-012	7.8652e-014	3.5543e-011	-1.4188e-014	8.1863e-006	
"01.07.2024 15:22:25.036"	8.4783e-011	-8.8404e-014	5.3992e-012	7.0974e-014	3.6131e-011	-2.4704e-014	8.1863e-006	
"01.07.2024 15:22:25.320"	8.5205e-011	-8.7642e-014	5.4544e-012	7.6509e-014	3.6733e-011	-2.3241e-014	8.1863e-006	
"01.07.2024 15:22:25.603"	8.3987e-011	-8.6283e-014	5.5560e-012	7.4868e-014	3.5468e-011	-1.9209e-014	8.1858e-006	
"01.07.2024 15:22:25.887"	8.4767e-011	-8.6134e-014	5.4206e-012	7.3489e-014	3.6003e-011	-2.0684e-014	8.1858e-006	
"01.07.2024 15:22:26.170"	8.5423e-011	-8.4158e-014	5.4528e-012	7.5841e-014	3.6769e-011	-2.9054e-014	8.1858e-006	
"01.07.2024 15:22:26.454"	8.3848e-011	-8.9468e-014	5.5637e-012	7.4965e-014	3.5529e-011	-1.5913e-014	8.1804e-006	
"01.07.2024 15:22:26.737"	8.4612e-011	-8.4654e-014	5.4625e-012	7.5954e-014	3.5968e-011	-2.3207e-014	8.1804e-006	
"01.07.2024 15:22:27.021"	8.5391e-011	-8.7424e-014	5.4462e-012	7.4635e-014	3.6683e-011	-2.7807e-014	8.1804e-006	
"01.07.2024 15:22:27.305"	8.3809e-011	-8.6674e-014	5.5407e-012	7.3772e-014	3.5517e-011	-1.6816e-014	8.1804e-006	
"01.07.2024 15:22:27.588"	8.4587e-011	-8.6744e-014	5.4891e-012	7.3818e-014	3.5937e-011	-1.9139e-014	8.1577e-006	
"01.07.2024 15:22:27.871"	8.5335e-011	-8.7215e-014	5.4549e-012	7.8691e-014	3.6639e-011	-2.4134e-014	8.1577e-006	
"01.07.2024 15:22:28.155"	8.3665e-011	-8.7788e-014	5.5268e-012	7.6125e-014	3.5615e-011	-1.3143e-014	8.1577e-006	
"01.07.2024 15:22:28.438"	8.4526e-011	-8.6645e-014	5.5110e-012	7.6947e-014	3.5831e-011	-2.1514e-014	8.1577e-006	
"01.07.2024 15:22:28.722"	8.5241e-011	-8.7803e-014	5.4461e-012	7.6460e-014	3.6568e-011	-2.7168e-014	8.1539e-006	
"01.07.2024 15:22:29.005"	8.3568e-011	-8.5464e-014	5.5136e-012	7.6411e-014	3.5742e-011	-1.4576e-014	8.1539e-006	
"01.07.2024 15:22:29.289"	8.4499e-011	-8.6193e-014	5.5248e-012	7.6101e-014	3.5854e-011	-1.8363e-014	8.1539e-006	
"01.07.2024 15:22:29.572"	8.5226e-011	-8.6296e-014	5.4262e-012	7.6814e-014	3.6559e-011	-2.5305e-014	8.1539e-006	
"01.07.2024 15:22:29.856"	8.3534e-011	-8.7788e-014	5.5091e-012	7.5691e-014	3.5875e-011	-1.8419e-014	8.1580e-006	
"01.07.2024 15:22:30.139"	8.4334e-011	-8.6948e-014	5.5514e-012	7.8999e-014	3.5748e-011	-1.8892e-014	8.1580e-006	
"01.07.2024 15:22:30.422"	8.5071e-011	-8.7739e-014	5.4073e-012	7.2265e-014	3.6426e-011	-2.2599e-014	8.1580e-006	
"01.07.2024 15:22:30.706"	8.3621e-011	-8.9921e-014	5.5049e-012	7.6885e-014	3.6037e-011	-2.0064e-014	8.1580e-006	
"01.07.2024 15:22:30.989"	8.4319e-011	-8.9893e-014	5.5800e-012	7.4658e-014	3.5698e-011	-1.7431e-014	8.1535e-006	
"01.07.2024 15:22:31.274"	8.5115e-011	-8.7511e-014	5.4048e-012	7.3567e-014	3.6467e-011	-2.7839e-014	8.1535e-006	
"01.07.2024 15:22:31.557"	8.3683e-011	-8.5787e-014	5.5136e-012	7.7413e-014	3.6181e-011	-1.5897e-014	8.1535e-006	
"01.07.2024 15:22:31.841"	8.4240e-011	-8.5122e-014	5.5810e-012	7.7888e-014	3.5747e-011	-2.0734e-014	8.1535e-006	
"01.07.2024 15:22:32.126"	8.5036e-011	-8.7864e-014	5.3925e-012	7.5865e-014	3.6366e-011	-2.4314e-014	8.1571e-006	
"01.07.2024 15:22:32.409"	8.3893e-011	-8.5256e-014	5.5065e-012	7.3361e-014	3.6402e-011	-1.5642e-014	8.1571e-006	
"01.07.2024 15:22:32.693"	8.4258e-011	-8.5153e-014	5.5831e-012	7.4074e-014	3.5665e-011	-2.0821e-014	8.1571e-006	
"01.07.2024 15:22:32.976"	8.4950e-011	-8.7254e-014	5.3966e-012	7.5152e-014	3.6350e-011	-2.4480e-014	8.1539e-006	
"01.07.2024 15:22:33.259"	8.4206e-011	-8.7184e-014	5.4768e-012	7.6941e-014	3.6487e-011	-1.9313e-014	8.1539e-006	
"01.07.2024 15:22:33.543"	8.4146e-011	-8.7776e-014	5.5723e-012	7.7914e-014	3.5616e-011	-2.2029e-014	8.1539e-006	
"01.07.2024 15:22:33.826"	8.4852e-011	-8.5730e-014	5.3961e-012	7.3730e-014	3.6284e-011	-2.5830e-014	8.1539e-006	
"01.07.2024 15:22:34.110"	8.4592e-011	-8.7787e-014	5.4722e-012	7.4043e-014	3.6728e-011	-1.5650e-014	8.1558e-006	
"01.07.2024 15:22:34.393"	8.4033e-011	-8.9540e-014	5.5805e-012	7.5633e-014	3.5570e-011	-1.6505e-014	8.1558e-006	
"01.07.2024 15:22:34.677"	8.4840e-011	-8.4896e-014	5.3910e-012	6.9961e-014	3.6211e-011	-2.6150e-014	8.1558e-006	
"01.07.2024 15:22:34.961"	8.4917e-011	-8.7362e-014	5.4681e-012	7.3516e-014	3.6798e-011	-2.6357e-014	8.1558e-006	
"01.07.2024 15:22:35.245"	8.3953e-011	-8.8798e-014	5.5300e-012	7.5453e-014	3.5578e-011	-1.1354e-014	8.1506e-006	
"01.07.2024 15:22:35.528"	8.4792e-011	-8.9875e-014	5.3900e-012	7.5166e-014	3.6209e-011	-2.3497e-014	8.1506e-006	
"01.07.2024 15:22:35.812"	8.5058e-011	-8.7253e-014	5.4630e-012	7.6627e-014	3.6874e-011	-2.2580e-014	8.1506e-006	
"01.07.2024 15:22:36.096"	8.3946e-011	-8.7695e-014	5.5524e-012	7.6734e-014	3.5603e-011	-1.3340e-014	8.1506e-006	
"01.07.2024 15:22:36.380"	8.4779e-011	-8.6765e-014	5.4115e-012	7.6249e-014	3.6176e-011	-2.5491e-014	8.1553e-006	
"01.07.2024 15:22:36.664"	8.5240e-011	-8.8097e-014	5.4523e-012	7.5654e-014	3.6837e-011	-2.0702e-014	8.1553e-006	
"01.07.2024 15:22:36.947"	8.3858e-011	-8.8898e-014	5.5443e-012	7.5295e-014	3.5614e-011	-1.8276e-014	8.1553e-006	
"01.07.2024 15:22:37.231"	8.4689e-011	-8.6742e-014	5.4247e-012	7.6755e-014	3.6074e-011	-2.2463e-014	8.1553e-006	
"01.07.2024 15:22:37.514"	8.5389e-011	-8.5590e-014	5.4487e-012	7.3432e-014	3.6800e-011	-2.5623e-014	8.1442e-006	
"01.07.2024 15:22:37.798"	8.3767e-011	-8.7782e-014	5.5433e-012	7.5498e-014	3.5633e-011	-1.7697e-014	8.1442e-006	
"01.07.2024 15:22:38.081"	8.4584e-011	-9.0585e-014	5.4620e-012	7.4904e-014	3.6058e-011	-1.5451e-014	8.1442e-006	
"01.07.2024 15:22:38.364"	8.5367e-011	-8.4264e-014	5.4354e-012	7.5669e-014	3.6788e-011	-2.3122e-014	8.1442e-006	
"01.07.2024 15:22:38.648"	8.3711e-011	-8.4493e-014	5.5213e-012	7.6706e-014	3.5647e-011	-1.6511e-014	8.1285e-006	
"01.07.2024 15:22:38.931"	8.4544e-011	-8.7996e-014	5.4748e-012	7.5154e-014	3.5983e-011	-1.7387e-014	8.1285e-006	
"01.07.2024 15:22:39.215"	8.5281e-011	-8.9664e-014	5.4344e-012	7.6688e-014	3.6745e-011	-2.7127e-014	8.1285e-006	
"01.07.2024 15:22:39.498"	8.3601e-011	-8.6323e-014	5.5187e-012	7.4986e-014	3.5668e-011	-1.7674e-014	8.1285e-006	
"01.07.2024 15:22:39.781"	8.4481e-011	-8.9798e-014	5.5171e-012	7.3604e-014	3.5953e-011	-1.9044e-014	8.1234e-006	
"01.07.2024 15:22:40.065"	8.5191e-011	-8.5137e-014	5.4293e-012	7.5039e-014	3.6633e-011	-2.4175e-014	8.1234e-006	
"01.07.2024 15:22:40.349"	8.3536e-011	-8.4433e-014	5.5249e-012	7.6733e-014	3.5774e-011	-1.6292e-014	8.1234e-006	
"01.07.2024 15:22:40.632"	8.4370e-011	-9.1599e-014	5.5601e-012	7.5177e-014	3.5838e-011	-2.1527e-014	8.1220e-006	
"01.07.2024 15:22:40.916"	8.5168e-011	-9.3418e-014	5.4226e-012	7.3610e-014	3.6575e-011	-2.2864e-014	8.1220e-006	
"01.07.2024 15:22:41.199"	8.3502e-011	-8.7160e-014	5.5034e-012	7.4323e-014	3.5909e-011	-1.9987e-014	8.1220e-006	
"01.07.2024 15:22:41.483"	8.4330e-011	-8.5439e-014	5.5647e-012	7.6283e-014	3.5840e-011	-2.1335e-014	8.1220e-006	
"01.07.2024 15:22:41.766"	8.5102e-011	-8.5083e-014	5.4114e-012	7.4608e-014	3.6557e-011	-2.3598e-014	8.1210e-006	
"01.07.2024 15:22:42.050"	8.3599e-011	-8.8909e-014	5.4967e-012	7.4861e-014	3.6119e-011	-1.9049e-014	8.1210e-006	
"01.07.2024 15:22:42.333"	8.4232e-011	-8.4596e-014	5.5754e-012	7.4497e-014	3.5800e-011	-2.1550e-014	8.1210e-006	
"01.07.2024 15:22:42.617"	8.5074e-011	-8.5217e-014	5.4063e-012	7.5601e-014	3.6516e-011	-2.1498e-014	8.1210e-006	
"01.07.2024 15:22:42.900"	8.3732e-011	-8.6736e-014	5.4947e-012	6.9738e-014	3.6329e-011	-1.7384e-014	8.1210e-006	
"01.07.2024 15:22:43.183"	8.4193e-011	-8.5184e-014	5.5779e-012	7.4116e-014	3.5750e-011	-2.2858e-014	8.1210e-006	
"01.07.2024 15:22:43.467"	8.4897e-011	-8.7906e-014	5.4063e-012	7.6029e-014	3.6407e-011	-2.3141e-014	8.1210e-006	
"01.07.2024 15:22:43.750"	8.4111e-011	-8.7845e-014	5.4728e-012	7.5748e-014	3.6551e-011	-1.6805e-014	8.1210e-006	
"01.07.2024 15:22:44.034"	8.4080e-011	-8.8280e-014	5.5642e-012	7.5019e-014	3.5648e-011	-1.4299e-014	8.1231e-006	
"01.07.2024 15:22:44.317"	8.4882e-011	-8.7782e-014	5.3843e-012	7.6128e-014	3.6343e-011	-2.0593e-014	8.1231e-006	
"01.07.2024 15:22:44.601"	8.4445e-011	-8.8330e-014	5.4844e-012	7.6993e-014	3.6728e-011	-1.7555e-014	8.1231e-006	
"01.07.2024 15:22:44.884"	8.4033e-011	-8.7825e-014	5.5678e-012	7.4535e-014	3.5688e-011	-2.0229e-014	8.1231e-006	
"01.07.2024 15:22:45.167"	8.4837e-011	-8.7415e-014	5.3996e-012	7.7705e-014	3.6364e-011	-2.4662e-014	8.1199e-006	
"01.07.2024 15:22:45.452"	8.4673e-011	-8.4374e-014	5.4697e-012	7.5366e-014	3.6821e-011	-2.2971e-014	8.1199e-006	
"01.07.2024 15:22:45.735"	8.4005e-011	-9.1553e-014	5.5545e-012	7.6463e-014	3.5648e-011	-1.7237e-014	8.1199e-006	
"01.07.2024 15:22:46.019"	8.4799e-011	-8.8740e-014	5.3915e-012	7.5381e-014	3.6277e-011	-2.3779e-014	8.1199e-006	
"01.07.2024 15:22:46.303"	8.4872e-011	-8.5978e-014	5.4549e-012	7.3237e-014	3.6874e-011	-2.2522e-014	8.1206e-006	
"01.07.2024 15:22:46.587"	8.3950e-011	-8.7687e-014	5.5519e-012	7.7021e-014	3.5646e-011	-1.5069e-014	8.1206e-006	
"01.07.2024 15:22:46.870"	8.4750e-011	-8.2475e-014	5.3808e-012	7.6897e-014	3.6278e-011	-2.1662e-014	8.1206e-006	
"01.07.2024 15:22:47.155"	8.5047e-011	-8.3707e-014	5.4681e-012	7.6503e-014	3.6941e-011	-1.9041e-014	8.1220e-006	
"01.07.2024 15:22:47.438"	8.3872e-011	-8.8230e-014	5.5504e-012	7.6673e-014	3.5583e-011	-1.8299e-014	8.1220e-006	
"01.07.2024 15:22:47.722"	8.4695e-011	-8.4441e-014	5.4068e-012	7.5295e-014	3.6172e-011	-1.9209e-014	8.1220e-006	
"01.07.2024 15:22:48.005"	8.5262e-011	-8.6038e-014	5.4262e-012	7.5383e-014	3.6958e-011	-2.2942e-014	8.1220e-006	
"01.07.2024 15:22:48.288"	8.3820e-011	-8.8269e-014	5.5325e-012	7.4273e-014	3.5620e-011	-1.9431e-014	8.1236e-006	
"01.07.2024 15:22:48.572"	8.4628e-011	-8.4679e-014	5.4211e-012	7.6199e-014	3.6145e-011	-1.9437e-014	8.1236e-006	
"01.07.2024 15:22:48.855"	8.5343e-011	-8.7698e-014	5.4615e-012	7.6927e-014	3.6911e-011	-2.0237e-014	8.1236e-006	
"01.07.2024 15:22:49.139"	8.3724e-011	-8.7486e-014	5.5330e-012	7.7878e-014	3.5707e-011	-1.9726e-014	8.1236e-006	
"01.07.2024 15:22:49.422"	8.4511e-011	-8.5180e-014	5.4712e-012	7.7562e-014	3.6037e-011	-2.0325e-014	8.1224e-006	
"01.07.2024 15:22:49.706"	8.5268e-011	-8.4800e-014	5.4298e-012	7.3336e-014	3.6859e-011	-2.4010e-014	8.1224e-006	
"01.07.2024 15:22:49.991"	8.3630e-011	-8.5885e-014	5.5269e-012	7.2948e-014	3.5734e-011	-2.0478e-014	8.1224e-006	
"01.07.2024 15:22:50.274"	8.4536e-011	-8.3830e-014	5.4747e-012	7.7115e-014	3.6044e-011	-1.7681e-014	8.1224e-006	
"01.07.2024 15:22:50.557"	8.5317e-011	-8.7479e-014	5.4426e-012	7.5448e-014	3.6757e-011	-2.7206e-014	8.1254e-006	
"01.07.2024 15:22:50.842"	8.3661e-011	-8.7129e-014	5.5478e-012	7.3510e-014	3.5734e-011	-1.8480e-014	8.1254e-006	
