"Spectra International Data File"
"[Scan Data (Pressures in mbar)]"
"Time"	"Mass 2"	"Mass 8"	"Mass 4"	"Mass 12"	"Mass 40"	"Mass 44"	"CirrusPressure"	
"01.07.2024 15:24:48.805"	1.1919e-010	-8.7104e-014	8.6187e-012	9.1715e-014	4.3144e-013	8.7182e-014	1.0273e-005	
"01.07.2024 15:24:49.090"	1.1704e-010	-8.9542e-014	8.7599e-012	9.0520e-014	4.0095e-013	7.9986e-014	1.0273e-005	
"01.07.2024 15:24:49.373"	1.1833e-010	-8.4884e-014	8.3631e-012	6.9492e-014	4.1645e-013	8.3294e-014	1.0277e-005	
"01.07.2024 15:24:49.657"	1.1971e-010	-8.6104e-014	8.6151e-012	9.0642e-014	4.2259e-013	8.3276e-014	1.0277e-005	
"01.07.2024 15:24:49.940"	1.1721e-010	-8.4851e-014	8.7808e-012	9.0446e-014	4.0263e-013	7.7898e-014	1.0277e-005	
"01.07.2024 15:24:50.225"	1.1843e-010	-8.6410e-014	8.3534e-012	6.7197e-014	4.0764e-013	8.1165e-014	1.0275e-005	
"01.07.2024 15:24:50.509"	1.1972e-010	-8.4911e-014	8.5560e-012	9.1426e-014	4.2503e-013	8.6170e-014	1.0275e-005	
"01.07.2024 15:24:50.792"	1.1699e-010	-8.4895e-014	8.7681e-012	9.0750e-014	3.9825e-013	7.7631e-014	1.0275e-005	
"01.07.2024 15:24:51.075"	1.1834e-010	-8.6980e-014	8.4493e-012	7.0748e-014	4.1275e-013	8.1069e-014	1.0275e-005	
"01.07.2024 15:24:51.359"	1.1971e-010	-8.7459e-014	8.5320e-012	9.2326e-014	4.2130e-013	8.3851e-014	1.0276e-005	
"01.07.2024 15:24:51.642"	1.1674e-010	-8.9776e-014	8.7900e-012	9.1175e-014	4.0223e-013	7.8351e-014	1.0276e-005	
"01.07.2024 15:24:51.926"	1.1832e-010	-8.4957e-014	8.5579e-012	9.3226e-014	4.0660e-013	7.9840e-014	1.0276e-005	
"01.07.2024 15:24:52.209"	1.1947e-010	-8.7514e-014	8.5100e-012	9.2649e-014	4.2254e-013	8.6426e-014	1.0276e-005	
"01.07.2024 15:24:52.493"	1.1625e-010	-8.7491e-014	8.7518e-012	8.9906e-014	4.1663e-013	8.2525e-014	1.0279e-005	
"01.07.2024 15:24:52.777"	1.1840e-010	-8.7747e-014	8.6523e-012	6.8226e-014	4.1230e-013	8.1783e-014	1.0279e-005	
"01.07.2024 15:24:53.060"	1.1940e-010	-8.4439e-014	8.4386e-012	9.2786e-014	4.2086e-013	8.6388e-014	1.0279e-005	
"01.07.2024 15:24:53.344"	1.1582e-010	-8.6966e-014	8.6452e-012	9.1794e-014	4.8517e-013	8.1533e-014	1.0279e-005	
"01.07.2024 15:24:53.627"	1.1156e-010	-8.5653e-014	9.3856e-012	8.9289e-014	1.9171e-011	4.9893e-014	1.0281e-005	
"01.07.2024 15:24:53.910"	1.0151e-010	-8.7088e-014	7.2300e-012	7.3809e-014	3.8497e-011	-3.3256e-014	1.0281e-005	
"01.07.2024 15:24:54.194"	9.5198e-011	-8.5255e-014	6.7819e-012	7.4035e-014	4.2056e-011	-5.0465e-014	1.0281e-005	
"01.07.2024 15:24:54.477"	9.5052e-011	-8.5820e-014	6.8340e-012	7.2113e-014	4.2559e-011	-5.5594e-014	1.0281e-005	
"01.07.2024 15:24:54.761"	9.4307e-011	-8.6258e-014	6.4542e-012	7.4302e-014	4.2090e-011	-5.9027e-014	9.9732e-006	
"01.07.2024 15:24:55.044"	9.1324e-011	-8.6284e-014	6.3373e-012	7.5696e-014	3.9782e-011	-4.2404e-014	9.9732e-006	
"01.07.2024 15:24:55.328"	8.9180e-011	-8.7377e-014	6.1218e-012	7.6184e-014	3.6962e-011	-2.8421e-014	9.9732e-006	
"01.07.2024 15:24:55.611"	8.8122e-011	-8.7842e-014	5.6750e-012	7.3827e-014	3.6724e-011	-2.5021e-014	9.9732e-006	
"01.07.2024 15:24:55.894"	8.6951e-011	-8.4366e-014	5.6418e-012	7.3528e-014	3.6740e-011	-2.1052e-014	9.3049e-006	
"01.07.2024 15:24:56.178"	8.5323e-011	-8.2260e-014	5.6858e-012	7.6184e-014	3.5155e-011	-1.7661e-014	9.3049e-006	
"01.07.2024 15:24:56.462"	8.5833e-011	-8.6272e-014	5.4849e-012	7.6657e-014	3.5568e-011	-2.2925e-014	9.3049e-006	
"01.07.2024 15:24:56.746"	8.6084e-011	-8.8164e-014	5.5341e-012	7.2439e-014	3.6188e-011	-2.3745e-014	9.3049e-006	
"01.07.2024 15:24:57.029"	8.4659e-011	-8.6060e-014	5.6040e-012	7.5911e-014	3.4872e-011	-1.9314e-014	8.6281e-006	
"01.07.2024 15:24:57.313"	8.5391e-011	-8.7530e-014	5.4558e-012	7.4521e-014	3.5445e-011	-1.6695e-014	8.6281e-006	
"01.07.2024 15:24:57.596"	8.6050e-011	-8.7558e-014	5.4906e-012	7.7240e-014	3.6185e-011	-2.2419e-014	8.6281e-006	
"01.07.2024 15:24:57.880"	8.4409e-011	-8.6949e-014	5.5590e-012	7.6503e-014	3.5029e-011	-1.7319e-014	8.4773e-006	
"01.07.2024 15:24:58.163"	8.5163e-011	-8.7060e-014	5.5207e-012	7.5784e-014	3.5488e-011	-1.6903e-014	8.4773e-006	
"01.07.2024 15:24:58.447"	8.5834e-011	-8.6156e-014	5.4748e-012	7.6879e-014	3.6246e-011	-2.6324e-014	8.4773e-006	
"01.07.2024 15:24:58.730"	8.4211e-011	-8.7296e-014	5.5622e-012	7.5294e-014	3.5165e-011	-1.6978e-014	8.4773e-006	
"01.07.2024 15:24:59.013"	8.5035e-011	-8.7979e-014	5.5468e-012	7.2744e-014	3.5465e-011	-1.8053e-014	8.4081e-006	
"01.07.2024 15:24:59.297"	8.5811e-011	-8.7641e-014	5.4538e-012	7.7756e-014	3.6192e-011	-2.1961e-014	8.4081e-006	
"01.07.2024 15:24:59.580"	8.4075e-011	-8.5939e-014	5.5621e-012	7.5653e-014	3.5205e-011	-1.4522e-014	8.4081e-006	
"01.07.2024 15:24:59.864"	8.4891e-011	-8.6961e-014	5.5805e-012	7.4387e-014	3.5487e-011	-2.1174e-014	8.4081e-006	
"01.07.2024 15:25:00.147"	8.5591e-011	-8.3213e-014	5.4681e-012	7.2108e-014	3.6164e-011	-2.2334e-014	8.3690e-006	
"01.07.2024 15:25:00.431"	8.3885e-011	-8.6733e-014	5.5550e-012	7.3451e-014	3.5578e-011	-1.9572e-014	8.3690e-006	
"01.07.2024 15:25:00.714"	8.4714e-011	-8.7541e-014	5.5959e-012	7.7719e-014	3.5465e-011	-1.6227e-014	8.3690e-006	
"01.07.2024 15:25:00.998"	8.5462e-011	-9.0195e-014	5.4293e-012	7.5267e-014	3.6185e-011	-2.1449e-014	8.3690e-006	
"01.07.2024 15:25:01.281"	8.3896e-011	-8.5621e-014	5.5279e-012	7.5444e-014	3.5755e-011	-1.7335e-014	8.3349e-006	
"01.07.2024 15:25:01.565"	8.4629e-011	-8.9266e-014	5.6157e-012	7.5752e-014	3.5469e-011	-1.7538e-014	8.3349e-006	
"01.07.2024 15:25:01.849"	8.5376e-011	-8.4229e-014	5.4360e-012	7.2367e-014	3.6166e-011	-2.4558e-014	8.3349e-006	
"01.07.2024 15:25:02.132"	8.3994e-011	-8.5796e-014	5.5381e-012	7.6907e-014	3.5916e-011	-1.8213e-014	8.3349e-006	
"01.07.2024 15:25:02.415"	8.4600e-011	-8.5256e-014	5.6143e-012	7.2098e-014	3.5446e-011	-1.7638e-014	8.3115e-006	
"01.07.2024 15:25:02.699"	8.5262e-011	-8.5731e-014	5.4232e-012	7.5812e-014	3.6155e-011	-2.6232e-014	8.3115e-006	
"01.07.2024 15:25:02.982"	8.4379e-011	-8.6579e-014	5.5090e-012	7.3575e-014	3.6242e-011	-1.6583e-014	8.3115e-006	
"01.07.2024 15:25:03.266"	8.4399e-011	-8.8203e-014	5.6086e-012	7.3872e-014	3.5480e-011	-2.3005e-014	8.3115e-006	
"01.07.2024 15:25:03.549"	8.5205e-011	-8.6113e-014	5.4160e-012	7.7894e-014	3.6154e-011	-2.2197e-014	8.2869e-006	
"01.07.2024 15:25:03.833"	8.4577e-011	-8.5940e-014	5.5192e-012	7.4907e-014	3.6408e-011	-1.8921e-014	8.2869e-006	
"01.07.2024 15:25:04.116"	8.4322e-011	-8.9144e-014	5.5887e-012	7.0480e-014	3.5408e-011	-1.8294e-014	8.2869e-006	
"01.07.2024 15:25:04.400"	8.5093e-011	-8.5772e-014	5.3976e-012	7.2120e-014	3.6057e-011	-2.1733e-014	8.2650e-006	
"01.07.2024 15:25:04.683"	8.4986e-011	-8.8088e-014	5.4942e-012	7.3363e-014	3.6534e-011	-2.3995e-014	8.2650e-006	
"01.07.2024 15:25:04.967"	8.4291e-011	-8.5832e-014	5.5948e-012	7.4186e-014	3.5372e-011	-1.9553e-014	8.2650e-006	
"01.07.2024 15:25:05.252"	8.5080e-011	-8.9361e-014	5.3960e-012	7.4490e-014	3.6058e-011	-2.1699e-014	8.2650e-006	
"01.07.2024 15:25:05.535"	8.5120e-011	-8.7276e-014	5.4865e-012	7.4791e-014	3.6622e-011	-2.3589e-014	8.2500e-006	
"01.07.2024 15:25:05.819"	8.4265e-011	-8.7487e-014	5.5703e-012	7.7387e-014	3.5448e-011	-1.5409e-014	8.2500e-006	
"01.07.2024 15:25:06.102"	8.5006e-011	-8.7185e-014	5.4084e-012	7.4330e-014	3.6031e-011	-1.8327e-014	8.2500e-006	
"01.07.2024 15:25:06.386"	8.5382e-011	-8.8258e-014	5.4774e-012	7.5588e-014	3.6661e-011	-2.0877e-014	8.2500e-006	
"01.07.2024 15:25:06.669"	8.4107e-011	-8.5234e-014	5.5866e-012	7.5741e-014	3.5392e-011	-1.5436e-014	8.2250e-006	
"01.07.2024 15:25:06.953"	8.4882e-011	-8.8197e-014	5.4441e-012	7.5797e-014	3.5937e-011	-1.9512e-014	8.2250e-006	
"01.07.2024 15:25:07.236"	8.5575e-011	-8.5790e-014	5.4905e-012	7.5411e-014	3.6645e-011	-2.7400e-014	8.2250e-006	
"01.07.2024 15:25:07.520"	8.4014e-011	-8.8486e-014	5.5769e-012	7.3233e-014	3.5412e-011	-1.5372e-014	8.2250e-006	
"01.07.2024 15:25:07.803"	8.4859e-011	-8.5674e-014	5.4472e-012	7.5115e-014	3.5931e-011	-2.1579e-014	8.2185e-006	
"01.07.2024 15:25:08.087"	8.5575e-011	-8.8535e-014	5.4660e-012	7.7079e-014	3.6682e-011	-2.3751e-014	8.2185e-006	
"01.07.2024 15:25:08.370"	8.3934e-011	-8.9791e-014	5.5647e-012	7.4733e-014	3.5478e-011	-1.8661e-014	8.2185e-006	
"01.07.2024 15:25:08.653"	8.4771e-011	-8.5062e-014	5.4957e-012	7.9770e-014	3.5870e-011	-1.7263e-014	8.2185e-006	
"01.07.2024 15:25:08.937"	8.5488e-011	-8.3698e-014	5.4553e-012	7.7009e-014	3.6600e-011	-2.4132e-014	8.2172e-006	
"01.07.2024 15:25:09.220"	8.3792e-011	-8.5884e-014	5.5473e-012	7.5664e-014	3.5577e-011	-1.3403e-014	8.2172e-006	
"01.07.2024 15:25:09.504"	8.4700e-011	-8.6722e-014	5.5437e-012	7.5903e-014	3.5796e-011	-2.1190e-014	8.2172e-006	
"01.07.2024 15:25:09.787"	8.5413e-011	-8.9322e-014	5.4492e-012	7.7208e-014	3.6541e-011	-2.7154e-014	8.2172e-006	
"01.07.2024 15:25:10.070"	8.3758e-011	-8.7467e-014	5.5279e-012	7.4564e-014	3.5698e-011	-1.4358e-014	8.2181e-006	
"01.07.2024 15:25:10.354"	8.4595e-011	-8.5835e-014	5.5601e-012	7.3384e-014	3.5786e-011	-2.0450e-014	8.2181e-006	
"01.07.2024 15:25:10.638"	8.5328e-011	-8.8340e-014	5.4324e-012	7.3515e-014	3.6465e-011	-2.5852e-014	8.2181e-006	
"01.07.2024 15:25:10.921"	8.3701e-011	-8.7144e-014	5.5264e-012	7.4438e-014	3.5901e-011	-1.6402e-014	8.2181e-006	
"01.07.2024 15:25:11.205"	8.4537e-011	-8.7182e-014	5.6005e-012	7.3016e-014	3.5721e-011	-2.4527e-014	8.2146e-006	
"01.07.2024 15:25:11.489"	8.5296e-011	-8.6395e-014	5.4436e-012	7.7095e-014	3.6395e-011	-2.0049e-014	8.2146e-006	
"01.07.2024 15:25:11.772"	8.3722e-011	-8.5576e-014	5.5039e-012	7.2295e-014	3.6046e-011	-1.6930e-014	8.2146e-006	
"01.07.2024 15:25:12.056"	8.4432e-011	-8.9945e-014	5.5922e-012	7.8160e-014	3.5675e-011	-2.2805e-014	8.1890e-006	
"01.07.2024 15:25:12.339"	8.5184e-011	-8.5698e-014	5.4339e-012	7.4283e-014	3.6404e-011	-1.8784e-014	8.1890e-006	
"01.07.2024 15:25:12.623"	8.3868e-011	-8.9782e-014	5.5136e-012	7.5062e-014	3.6254e-011	-1.6581e-014	8.1890e-006	
"01.07.2024 15:25:12.906"	8.4400e-011	-8.6472e-014	5.6046e-012	7.1473e-014	3.5576e-011	-1.8003e-014	8.1890e-006	
"01.07.2024 15:25:13.190"	8.5100e-011	-8.7685e-014	5.4201e-012	7.6977e-014	3.6312e-011	-2.4281e-014	8.1867e-006	
"01.07.2024 15:25:13.473"	8.4314e-011	-8.8320e-014	5.4988e-012	7.5180e-014	3.6451e-011	-1.7777e-014	8.1867e-006	
"01.07.2024 15:25:13.757"	8.4287e-011	-8.8182e-014	5.5871e-012	7.6093e-014	3.5626e-011	-1.7134e-014	8.1867e-006	
"01.07.2024 15:25:14.040"	8.5035e-011	-8.6181e-014	5.4038e-012	7.1774e-014	3.6247e-011	-1.9115e-014	8.1867e-006	
"01.07.2024 15:25:14.323"	8.4761e-011	-8.6277e-014	5.4927e-012	7.7428e-014	3.6658e-011	-1.9491e-014	8.1870e-006	
"01.07.2024 15:25:14.607"	8.4225e-011	-8.9362e-014	5.5994e-012	7.7277e-014	3.5573e-011	-1.9984e-014	8.1870e-006	
"01.07.2024 15:25:14.890"	8.5018e-011	-8.7526e-014	5.4129e-012	7.7844e-014	3.6235e-011	-2.1697e-014	8.1870e-006	
"01.07.2024 15:25:15.174"	8.4829e-011	-8.8211e-014	5.4763e-012	7.7530e-014	3.6743e-011	-2.0490e-014	8.1870e-006	
"01.07.2024 15:25:15.458"	8.4134e-011	-8.4700e-014	5.5631e-012	7.5741e-014	3.5565e-011	-1.4267e-014	8.1868e-006	
"01.07.2024 15:25:15.741"	8.4962e-011	-8.5938e-014	5.4104e-012	7.7636e-014	3.6191e-011	-2.0779e-014	8.1868e-006	
"01.07.2024 15:25:16.025"	8.5194e-011	-8.7852e-014	5.4773e-012	7.3171e-014	3.6839e-011	-2.6059e-014	8.1868e-006	
"01.07.2024 15:25:16.308"	8.4007e-011	-8.7874e-014	5.5708e-012	7.1909e-014	3.5515e-011	-1.9386e-014	8.1868e-006	
"01.07.2024 15:25:16.592"	8.4803e-011	-8.7301e-014	5.4191e-012	7.6278e-014	3.6103e-011	-2.4233e-014	8.1724e-006	
"01.07.2024 15:25:16.875"	8.5395e-011	-8.7625e-014	5.4666e-012	7.4788e-014	3.6805e-011	-2.3087e-014	8.1724e-006	
"01.07.2024 15:25:17.159"	8.3995e-011	-8.5904e-014	5.5473e-012	7.6388e-014	3.5576e-011	-1.6760e-014	8.1724e-006	
"01.07.2024 15:25:17.442"	8.4783e-011	-8.6915e-014	5.4467e-012	7.4902e-014	3.6027e-011	-2.1380e-014	8.1724e-006	
"01.07.2024 15:25:17.725"	8.5492e-011	-8.7805e-014	5.4604e-012	7.4668e-014	3.6789e-011	-2.6780e-014	8.1673e-006	
"01.07.2024 15:25:18.009"	8.3938e-011	-8.9361e-014	5.5693e-012	7.3651e-014	3.5594e-011	-1.5529e-014	8.1673e-006	
"01.07.2024 15:25:18.292"	8.4715e-011	-8.4231e-014	5.4905e-012	7.7432e-014	3.6053e-011	-2.2254e-014	8.1673e-006	
"01.07.2024 15:25:18.576"	8.5461e-011	-8.3675e-014	5.4564e-012	7.4546e-014	3.6754e-011	-2.9419e-014	8.1525e-006	
"01.07.2024 15:25:18.859"	8.3809e-011	-8.8200e-014	5.5325e-012	7.3335e-014	3.5638e-011	-2.0064e-014	8.1525e-006	
"01.07.2024 15:25:19.143"	8.4624e-011	-8.8702e-014	5.4936e-012	7.4572e-014	3.5957e-011	-1.9572e-014	8.1525e-006	
"01.07.2024 15:25:19.426"	8.5374e-011	-8.6158e-014	5.4528e-012	7.4470e-014	3.6677e-011	-2.5573e-014	8.1525e-006	
"01.07.2024 15:25:19.710"	8.3701e-011	-8.5174e-014	5.5428e-012	7.6480e-014	3.5727e-011	-1.8938e-014	8.1544e-006	
"01.07.2024 15:25:19.994"	8.4628e-011	-8.5081e-014	5.5100e-012	7.7978e-014	3.5988e-011	-1.8827e-014	8.1544e-006	
"01.07.2024 15:25:20.278"	8.5403e-011	-8.5574e-014	5.4349e-012	7.8220e-014	3.6661e-011	-2.3736e-014	8.1544e-006	
"01.07.2024 15:25:20.561"	8.3705e-011	-8.3345e-014	5.5218e-012	7.8600e-014	3.5710e-011	-1.8195e-014	8.1544e-006	
"01.07.2024 15:25:20.845"	8.4566e-011	-8.6726e-014	5.5626e-012	7.2056e-014	3.5916e-011	-2.0349e-014	8.1528e-006	
"01.07.2024 15:25:21.129"	8.5285e-011	-8.7234e-014	5.4410e-012	7.7294e-014	3.6584e-011	-2.2962e-014	8.1528e-006	
"01.07.2024 15:25:21.412"	8.3633e-011	-8.8985e-014	5.5253e-012	7.3571e-014	3.5880e-011	-1.7436e-014	8.1528e-006	
"01.07.2024 15:25:21.695"	8.4457e-011	-8.5182e-014	5.5851e-012	7.3746e-014	3.5888e-011	-1.6600e-014	8.1528e-006	
"01.07.2024 15:25:21.979"	8.5210e-011	-8.8245e-014	5.4145e-012	7.6485e-014	3.6521e-011	-2.1516e-014	8.1543e-006	
"01.07.2024 15:25:22.262"	8.3641e-011	-9.4904e-014	5.4998e-012	7.6469e-014	3.6048e-011	-1.3466e-014	8.1543e-006	
"01.07.2024 15:25:22.546"	8.4404e-011	-8.7802e-014	5.6035e-012	7.3759e-014	3.5812e-011	-1.8973e-014	8.1543e-006	
"01.07.2024 15:25:22.829"	8.5147e-011	-8.4697e-014	5.4227e-012	7.6139e-014	3.6498e-011	-2.4266e-014	8.1543e-006	
"01.07.2024 15:25:23.113"	8.3858e-011	-8.3439e-014	5.5008e-012	7.6187e-014	3.6294e-011	-2.2957e-014	8.1542e-006	
"01.07.2024 15:25:23.396"	8.4324e-011	-8.5174e-014	5.5943e-012	7.6469e-014	3.5747e-011	-2.2951e-014	8.1542e-006	
"01.07.2024 15:25:23.680"	8.5119e-011	-8.6431e-014	5.4032e-012	7.5226e-014	3.6415e-011	-2.4426e-014	8.1542e-006	
"01.07.2024 15:25:23.963"	8.4104e-011	-8.7391e-014	5.5059e-012	7.1637e-014	3.6383e-011	-1.9199e-014	8.1542e-006	
"01.07.2024 15:25:24.247"	8.4284e-011	-8.6549e-014	5.6045e-012	7.4362e-014	3.5615e-011	-1.7672e-014	8.1587e-006	
"01.07.2024 15:25:24.530"	8.4968e-011	-8.8599e-014	5.3864e-012	7.5913e-014	3.6407e-011	-2.3464e-014	8.1587e-006	
"01.07.2024 15:25:24.814"	8.4424e-011	-8.3988e-014	5.4763e-012	7.4921e-014	3.6716e-011	-1.9804e-014	8.1587e-006	
"01.07.2024 15:25:25.097"	8.4172e-011	-8.7189e-014	5.5775e-012	7.4366e-014	3.5687e-011	-1.8656e-014	8.1587e-006	
"01.07.2024 15:25:25.381"	8.5008e-011	-8.7144e-014	5.3905e-012	7.7238e-014	3.6306e-011	-1.9921e-014	8.1559e-006	
"01.07.2024 15:25:25.664"	8.4687e-011	-8.4094e-014	5.4881e-012	7.4753e-014	3.6761e-011	-1.6736e-014	8.1559e-006	
"01.07.2024 15:25:25.948"	8.4154e-011	-8.5199e-014	5.5820e-012	7.4842e-014	3.5635e-011	-1.9655e-014	8.1559e-006	
"01.07.2024 15:25:26.231"	8.4929e-011	-8.8098e-014	5.3986e-012	7.5006e-014	3.6300e-011	-1.7665e-014	8.1550e-006	
"01.07.2024 15:25:26.515"	8.4952e-011	-8.8404e-014	5.4738e-012	7.1541e-014	3.6903e-011	-2.3340e-014	8.1550e-006	
"01.07.2024 15:25:26.799"	8.4025e-011	-8.5286e-014	5.5631e-012	7.3415e-014	3.5675e-011	-1.4325e-014	8.1550e-006	
"01.07.2024 15:25:27.082"	8.4839e-011	-8.5744e-014	5.4078e-012	7.6973e-014	3.6210e-011	-1.7444e-014	8.1550e-006	
"01.07.2024 15:25:27.365"	8.5332e-011	-8.7808e-014	5.4722e-012	7.4818e-014	3.6901e-011	-2.3023e-014	8.1554e-006	
"01.07.2024 15:25:27.649"	8.4002e-011	-8.7353e-014	5.5729e-012	7.6126e-014	3.5642e-011	-1.6084e-014	8.1554e-006	
"01.07.2024 15:25:27.932"	8.4827e-011	-9.0784e-014	5.4329e-012	7.5292e-014	3.6233e-011	-2.3687e-014	8.1554e-006	
"01.07.2024 15:25:28.216"	8.5429e-011	-8.7906e-014	5.4589e-012	7.4055e-014	3.6913e-011	-2.4762e-014	8.1554e-006	
"01.07.2024 15:25:28.499"	8.3937e-011	-9.0024e-014	5.5427e-012	7.1751e-014	3.5654e-011	-1.5578e-014	8.1346e-006	
"01.07.2024 15:25:28.783"	8.4753e-011	-8.8283e-014	5.4461e-012	7.5889e-014	3.6149e-011	-2.3401e-014	8.1346e-006	
"01.07.2024 15:25:29.067"	8.5436e-011	-8.5679e-014	5.4661e-012	7.5740e-014	3.6822e-011	-2.6461e-014	8.1346e-006	
"01.07.2024 15:25:29.350"	8.3744e-011	-8.7087e-014	5.5412e-012	7.4594e-014	3.5685e-011	-1.4427e-014	8.1346e-006	
"01.07.2024 15:25:29.633"	8.4580e-011	-8.4615e-014	5.5177e-012	7.5781e-014	3.6027e-011	-1.6160e-014	8.1352e-006	
"01.07.2024 15:25:29.917"	8.5339e-011	-8.7815e-014	5.4339e-012	7.5431e-014	3.6801e-011	-2.2317e-014	8.1352e-006	
"01.07.2024 15:25:30.200"	8.3739e-011	-8.6322e-014	5.5325e-012	7.5055e-014	3.5816e-011	-1.7064e-014	8.1352e-006	
"01.07.2024 15:25:30.484"	8.4525e-011	-8.6640e-014	5.5350e-012	7.3534e-014	3.5990e-011	-2.0827e-014	8.1352e-006	
"01.07.2024 15:25:30.767"	8.5306e-011	-8.5847e-014	5.4415e-012	7.7933e-014	3.6772e-011	-2.8601e-014	8.1271e-006	
"01.07.2024 15:25:31.051"	8.3684e-011	-8.5996e-014	5.5355e-012	7.5855e-014	3.5853e-011	-1.6935e-014	8.1271e-006	
"01.07.2024 15:25:31.334"	8.4505e-011	-8.9121e-014	5.5743e-012	7.5098e-014	3.5902e-011	-2.3449e-014	8.1271e-006	
"01.07.2024 15:25:31.618"	8.5239e-011	-8.8253e-014	5.4288e-012	7.1452e-014	3.6681e-011	-2.5588e-014	8.1271e-006	
"01.07.2024 15:25:31.901"	8.3607e-011	-8.4758e-014	5.4993e-012	7.6164e-014	3.6096e-011	-1.6683e-014	8.1249e-006	
"01.07.2024 15:25:32.185"	8.4357e-011	-8.7628e-014	5.5821e-012	7.6272e-014	3.5887e-011	-1.9047e-014	8.1249e-006	
"01.07.2024 15:25:32.468"	8.5140e-011	-8.7258e-014	5.4058e-012	7.6321e-014	3.6583e-011	-2.2515e-014	8.1249e-006	
"01.07.2024 15:25:32.752"	8.3764e-011	-8.7651e-014	5.5100e-012	7.8513e-014	3.6314e-011	-1.9366e-014	8.1195e-006	
"01.07.2024 15:25:33.035"	8.4388e-011	-8.9869e-014	5.5953e-012	7.1658e-014	3.5841e-011	-1.7388e-014	8.1195e-006	
"01.07.2024 15:25:33.319"	8.5082e-011	-8.4849e-014	5.4257e-012	7.6647e-014	3.6517e-011	-2.2602e-014	8.1195e-006	
"01.07.2024 15:25:33.603"	8.4008e-011	-8.6342e-014	5.5105e-012	7.6741e-014	3.6521e-011	-1.3912e-014	8.1195e-006	
"01.07.2024 15:25:33.886"	8.4263e-011	-8.8456e-014	5.5831e-012	7.2165e-014	3.5797e-011	-1.8141e-014	8.1214e-006	
"01.07.2024 15:25:34.170"	8.5008e-011	-8.4639e-014	5.4160e-012	7.8026e-014	3.6498e-011	-2.0499e-014	8.1214e-006	
"01.07.2024 15:25:34.453"	8.4287e-011	-8.6767e-014	5.4855e-012	7.9245e-014	3.6664e-011	-2.0591e-014	8.1214e-006	
"01.07.2024 15:25:34.736"	8.4237e-011	-8.7964e-014	5.5713e-012	7.5263e-014	3.5776e-011	-1.7641e-014	8.1214e-006	
"01.07.2024 15:25:35.020"	8.4930e-011	-8.9954e-014	5.4063e-012	7.4236e-014	3.6444e-011	-2.3253e-014	8.1186e-006	
"01.07.2024 15:25:35.303"	8.4620e-011	-8.5594e-014	5.5115e-012	7.4196e-014	3.6845e-011	-1.8755e-014	8.1186e-006	
"01.07.2024 15:25:35.587"	8.4105e-011	-8.4964e-014	5.5877e-012	7.6357e-014	3.5722e-011	-1.5607e-014	8.1186e-006	
"01.07.2024 15:25:35.870"	8.4919e-011	-8.8807e-014	5.4120e-012	7.4990e-014	3.6351e-011	-2.6142e-014	8.1186e-006	
"01.07.2024 15:25:36.154"	8.4953e-011	-8.8358e-014	5.4850e-012	7.5792e-014	3.6963e-011	-2.3131e-014	8.1229e-006	
"01.07.2024 15:25:36.437"	8.4107e-011	-8.7839e-014	5.5734e-012	7.3598e-014	3.5751e-011	-1.7163e-014	8.1229e-006	
"01.07.2024 15:25:36.721"	8.4875e-011	-8.5684e-014	5.3945e-012	7.7485e-014	3.6330e-011	-2.1370e-014	8.1229e-006	
"01.07.2024 15:25:37.004"	8.5196e-011	-8.7734e-014	5.4706e-012	7.5346e-014	3.7000e-011	-2.0540e-014	8.1229e-006	
"01.07.2024 15:25:37.288"	8.3999e-011	-8.5219e-014	5.5596e-012	7.2026e-014	3.5692e-011	-1.8482e-014	8.1203e-006	
"01.07.2024 15:25:37.571"	8.4791e-011	-8.8831e-014	5.4073e-012	7.2962e-014	3.6271e-011	-2.1761e-014	8.1203e-006	
"01.07.2024 15:25:37.855"	8.5398e-011	-8.5547e-014	5.4605e-012	7.5434e-014	3.6940e-011	-3.3652e-014	8.1203e-006	
"01.07.2024 15:25:38.138"	8.3895e-011	-9.1770e-014	5.5499e-012	7.5930e-014	3.5709e-011	-1.6807e-014	8.1203e-006	
"01.07.2024 15:25:38.422"	8.4642e-011	-8.7542e-014	5.4702e-012	7.6842e-014	3.6190e-011	-1.9127e-014	8.1233e-006	
