"Spectra International Data File"
"[Scan Data (Pressures in mbar)]"
"Time"	"Mass 2"	"Mass 8"	"Mass 4"	"Mass 12"	"Mass 40"	"Mass 44"	"CirrusPressure"	
"01.07.2024 14:38:51.325"	1.1987e-010	-8.9060e-014	9.0334e-012	8.9045e-014	1.0974e-013	2.0607e-014	1.0487e-005	
"01.07.2024 14:38:51.609"	1.2071e-010	-8.8519e-014	9.1904e-012	8.8361e-014	1.0752e-013	2.0468e-014	1.0487e-005	
"01.07.2024 14:38:51.892"	1.2246e-010	-8.4094e-014	8.7529e-012	9.0230e-014	1.1322e-013	2.2389e-014	1.0487e-005	
"01.07.2024 14:38:52.176"	1.2077e-010	-8.8080e-014	8.9987e-012	8.9462e-014	1.0404e-013	2.1138e-014	1.0487e-005	
"01.07.2024 14:38:52.459"	1.2035e-010	-8.4578e-014	9.1257e-012	8.7303e-014	1.0639e-013	2.0533e-014	1.0487e-005	
"01.07.2024 14:38:52.742"	1.2215e-010	-8.8143e-014	8.6876e-012	9.0857e-014	1.0957e-013	2.2079e-014	1.0487e-005	
"01.07.2024 14:38:53.026"	1.2192e-010	-9.1174e-014	8.9834e-012	8.8388e-014	1.1070e-013	2.1336e-014	1.0487e-005	
"01.07.2024 14:38:53.309"	1.2019e-010	-8.5543e-014	9.1456e-012	8.7952e-014	1.0274e-013	2.0678e-014	1.0487e-005	
"01.07.2024 14:38:53.593"	1.2163e-010	-8.5514e-014	8.7146e-012	9.1337e-014	1.0588e-013	2.0967e-014	1.0487e-005	
"01.07.2024 14:38:53.876"	1.2271e-010	-8.3331e-014	9.0022e-012	8.9540e-014	1.1243e-013	2.1368e-014	1.0487e-005	
"01.07.2024 14:38:54.160"	1.2028e-010	-8.4919e-014	9.1894e-012	8.8282e-014	1.0621e-013	2.0634e-014	1.0487e-005	
"01.07.2024 14:38:54.444"	1.2163e-010	-8.5718e-014	8.7549e-012	9.0441e-014	1.0775e-013	2.1302e-014	1.0487e-005	
"01.07.2024 14:38:54.727"	1.2271e-010	-8.6718e-014	8.9594e-012	8.9833e-014	1.0959e-013	2.1381e-014	1.0487e-005	
"01.07.2024 14:38:55.011"	1.1972e-010	-8.4908e-014	9.1563e-012	8.8910e-014	1.0626e-013	2.0651e-014	1.0490e-005	
"01.07.2024 14:38:55.295"	1.2167e-010	-8.7629e-014	8.8492e-012	9.1955e-014	1.0901e-013	2.1315e-014	1.0490e-005	
"01.07.2024 14:38:55.578"	1.2279e-010	-8.7201e-014	8.9126e-012	9.0851e-014	1.1225e-013	2.0424e-014	1.0490e-005	
"01.07.2024 14:38:55.861"	1.1947e-010	-8.9869e-014	9.1114e-012	8.7800e-014	1.0645e-013	2.0722e-014	1.0490e-005	
"01.07.2024 14:38:56.145"	1.2150e-010	-8.6767e-014	8.9518e-012	9.2618e-014	1.0368e-013	2.1007e-014	1.0505e-005	
"01.07.2024 14:38:56.429"	1.2254e-010	-8.4131e-014	8.8799e-012	8.9058e-014	1.0799e-013	2.1199e-014	1.0505e-005	
"01.07.2024 14:38:56.712"	1.1884e-010	-8.6112e-014	9.0921e-012	8.9161e-014	1.0351e-013	2.0443e-014	1.0505e-005	
"01.07.2024 14:38:56.995"	1.2156e-010	-8.3346e-014	9.1124e-012	9.0406e-014	1.0952e-013	2.1494e-014	1.0505e-005	
"01.07.2024 14:38:57.279"	1.2260e-010	-8.4525e-014	8.8437e-012	8.9804e-014	1.0605e-013	2.0948e-014	1.0482e-005	
"01.07.2024 14:38:57.562"	1.1872e-010	-8.3950e-014	9.0721e-012	8.8262e-014	1.0614e-013	2.0207e-014	1.0482e-005	
"01.07.2024 14:38:57.846"	1.2134e-010	-8.6584e-014	9.1593e-012	9.0493e-014	1.0514e-013	2.1175e-014	1.0482e-005	
"01.07.2024 14:38:58.129"	1.2247e-010	-8.4559e-014	8.7631e-012	8.9658e-014	1.0978e-013	2.1161e-014	1.0482e-005	
"01.07.2024 14:38:58.412"	1.1889e-010	-8.7923e-014	9.0915e-012	8.8746e-014	1.0834e-013	2.0139e-014	1.0482e-005	
"01.07.2024 14:38:58.697"	1.2122e-010	-8.8532e-014	9.2215e-012	9.1186e-014	1.0723e-013	2.0676e-014	1.0482e-005	
"01.07.2024 14:38:58.980"	1.2236e-010	-8.8064e-014	8.7983e-012	9.0361e-014	1.0882e-013	2.1186e-014	1.0482e-005	
"01.07.2024 14:38:59.263"	1.1949e-010	-8.8047e-014	9.0721e-012	8.8153e-014	1.0521e-013	1.9832e-014	1.0483e-005	
"01.07.2024 14:38:59.547"	1.2086e-010	-8.5919e-014	9.2251e-012	8.9018e-014	1.0409e-013	2.0039e-014	1.0483e-005	
"01.07.2024 14:38:59.831"	1.2242e-010	-8.4993e-014	8.7825e-012	9.0241e-014	1.0390e-013	2.1010e-014	1.0483e-005	
"01.07.2024 14:39:00.115"	1.1978e-010	-8.6523e-014	9.0609e-012	8.8706e-014	1.0947e-013	2.0615e-014	1.0483e-005	
"01.07.2024 14:39:00.399"	1.2093e-010	-8.6173e-014	9.1751e-012	8.9076e-014	1.0175e-013	2.0683e-014	1.0495e-005	
"01.07.2024 14:39:00.682"	1.2209e-010	-8.6048e-014	8.7121e-012	9.0316e-014	1.0456e-013	2.0834e-014	1.0495e-005	
"01.07.2024 14:39:00.966"	1.2040e-010	-8.6956e-014	9.0686e-012	8.9711e-014	1.0831e-013	1.9839e-014	1.0495e-005	
"01.07.2024 14:39:01.250"	1.2092e-010	-8.7120e-014	9.2266e-012	8.8061e-014	1.0312e-013	2.0626e-014	1.0495e-005	
"01.07.2024 14:39:01.533"	1.2204e-010	-9.0207e-014	8.6963e-012	9.0944e-014	1.0678e-013	2.0797e-014	1.0486e-005	
"01.07.2024 14:39:01.817"	1.2137e-010	-8.7052e-014	8.9885e-012	8.9804e-014	1.0725e-013	2.0518e-014	1.0486e-005	
"01.07.2024 14:39:02.100"	1.2078e-010	-8.7847e-014	9.2389e-012	8.7786e-014	1.0207e-013	2.0856e-014	1.0486e-005	
"01.07.2024 14:39:02.384"	1.2219e-010	-8.8768e-014	8.6942e-012	8.9672e-014	1.0462e-013	2.0701e-014	1.0486e-005	
"01.07.2024 14:39:02.668"	1.2196e-010	-8.6465e-014	8.9727e-012	8.9090e-014	1.0530e-013	2.0352e-014	1.0491e-005	
"01.07.2024 14:39:02.951"	1.2029e-010	-8.7084e-014	9.1863e-012	8.8637e-014	1.0296e-013	2.0892e-014	1.0491e-005	
"01.07.2024 14:39:03.235"	1.2223e-010	-8.8618e-014	8.7268e-012	9.0350e-014	1.0858e-013	2.0988e-014	1.0491e-005	
"01.07.2024 14:39:03.519"	1.2193e-010	-8.7205e-014	9.0017e-012	9.0820e-014	1.0801e-013	2.0946e-014	1.0491e-005	
"01.07.2024 14:39:03.804"	1.2003e-010	-8.7576e-014	9.1374e-012	8.8320e-014	1.0111e-013	2.0150e-014	1.0496e-005	
"01.07.2024 14:39:04.088"	1.2206e-010	-8.2481e-014	8.7381e-012	9.2125e-014	1.0942e-013	2.1012e-014	1.0496e-005	
"01.07.2024 14:39:04.371"	1.2251e-010	-9.2205e-014	9.0007e-012	8.9977e-014	1.0674e-013	2.0535e-014	1.0496e-005	
"01.07.2024 14:39:04.656"	1.1980e-010	-8.8488e-014	9.1425e-012	8.8931e-014	9.9044e-014	2.0216e-014	1.0496e-005	
"01.07.2024 14:39:04.939"	1.2199e-010	-8.5046e-014	8.7559e-012	9.0633e-014	1.0486e-013	2.1281e-014	1.0486e-005	
"01.07.2024 14:39:05.223"	1.2299e-010	-8.7099e-014	8.9651e-012	8.9728e-014	1.0500e-013	2.0870e-014	1.0486e-005	
"01.07.2024 14:39:05.507"	1.1977e-010	-8.6086e-014	9.1017e-012	8.8085e-014	1.0091e-013	2.0478e-014	1.0486e-005	
"01.07.2024 14:39:05.790"	1.2195e-010	-8.4876e-014	8.8309e-012	9.1631e-014	1.0111e-013	2.1497e-014	1.0486e-005	
"01.07.2024 14:39:06.074"	1.2291e-010	-8.7383e-014	8.9380e-012	8.8936e-014	1.0637e-013	2.0930e-014	1.0502e-005	
"01.07.2024 14:39:06.357"	1.1921e-010	-8.6647e-014	9.1236e-012	8.7914e-014	1.0094e-013	1.9652e-014	1.0502e-005	
"01.07.2024 14:39:06.640"	1.2181e-010	-8.6614e-014	8.9497e-012	9.2286e-014	1.0590e-013	2.0676e-014	1.0502e-005	
"01.07.2024 14:39:06.924"	1.2304e-010	-9.0545e-014	8.8860e-012	8.9528e-014	1.0418e-013	2.1070e-014	1.0492e-005	
"01.07.2024 14:39:07.207"	1.1886e-010	-8.4869e-014	9.0921e-012	8.8822e-014	1.0423e-013	2.0352e-014	1.0492e-005	
"01.07.2024 14:39:07.491"	1.2147e-010	-8.6997e-014	9.0450e-012	9.1625e-014	1.0340e-013	2.0512e-014	1.0492e-005	
"01.07.2024 14:39:07.775"	1.2299e-010	-8.7228e-014	8.8997e-012	8.9385e-014	1.0435e-013	2.0728e-014	1.0492e-005	
"01.07.2024 14:39:08.058"	1.1882e-010	-8.9661e-014	9.0665e-012	8.9407e-014	1.0191e-013	1.9921e-014	1.0490e-005	
"01.07.2024 14:39:08.342"	1.2112e-010	-8.6719e-014	9.1471e-012	9.0920e-014	1.0132e-013	2.1529e-014	1.0490e-005	
"01.07.2024 14:39:08.625"	1.2271e-010	-8.8114e-014	8.8635e-012	8.9891e-014	1.0448e-013	2.1336e-014	1.0490e-005	
"01.07.2024 14:39:08.909"	1.1910e-010	-8.4976e-014	9.0961e-012	8.8338e-014	1.0310e-013	1.9741e-014	1.0490e-005	
"01.07.2024 14:39:09.192"	1.2098e-010	-8.5214e-014	9.2103e-012	9.0276e-014	1.0148e-013	2.1079e-014	1.0489e-005	
"01.07.2024 14:39:09.476"	1.2270e-010	-8.8733e-014	8.8131e-012	8.8900e-014	1.0562e-013	2.1010e-014	1.0489e-005	
"01.07.2024 14:39:09.759"	1.1926e-010	-8.7468e-014	9.0395e-012	8.8814e-014	1.0264e-013	2.0156e-014	1.0489e-005	
"01.07.2024 14:39:10.043"	1.2097e-010	-8.6560e-014	9.2001e-012	8.8482e-014	1.0182e-013	2.0551e-014	1.0489e-005	
"01.07.2024 14:39:10.327"	1.2264e-010	-8.8725e-014	8.7855e-012	8.9838e-014	1.0512e-013	2.0866e-014	1.0488e-005	
"01.07.2024 14:39:10.610"	1.2004e-010	-8.6930e-014	8.9869e-012	8.7854e-014	1.0070e-013	1.9891e-014	1.0488e-005	
"01.07.2024 14:39:10.894"	1.2073e-010	-8.6542e-014	9.1476e-012	8.8123e-014	9.9530e-014	2.0360e-014	1.0488e-005	
"01.07.2024 14:39:11.177"	1.2246e-010	-8.6154e-014	8.7738e-012	8.9925e-014	9.9028e-014	2.0496e-014	1.0488e-005	
"01.07.2024 14:39:11.460"	1.2089e-010	-8.8590e-014	9.0303e-012	8.7723e-014	1.0516e-013	2.0026e-014	1.0494e-005	
"01.07.2024 14:39:11.744"	1.2039e-010	-8.7116e-014	9.1803e-012	8.8361e-014	9.9592e-014	2.0458e-014	1.0494e-005	
"01.07.2024 14:39:12.027"	1.2222e-010	-8.5036e-014	8.7172e-012	9.0298e-014	1.0229e-013	2.1381e-014	1.0494e-005	
"01.07.2024 14:39:12.311"	1.2181e-010	-8.5986e-014	9.0028e-012	8.9946e-014	1.0721e-013	2.0865e-014	1.0494e-005	
"01.07.2024 14:39:12.594"	1.2028e-010	-8.3393e-014	9.1725e-012	8.8355e-014	9.6124e-014	2.0020e-014	1.0490e-005	
"01.07.2024 14:39:12.878"	1.2194e-010	-8.7099e-014	8.7019e-012	9.1716e-014	1.0164e-013	2.0905e-014	1.0490e-005	
"01.07.2024 14:39:13.162"	1.2271e-010	-9.1778e-014	9.0359e-012	8.9952e-014	1.0534e-013	2.0669e-014	1.0490e-005	
"01.07.2024 14:39:13.445"	1.2009e-010	-8.6966e-014	9.1313e-012	8.8454e-014	9.9708e-014	2.0025e-014	1.0485e-005	
"01.07.2024 14:39:13.728"	1.2164e-010	-8.5493e-014	8.7330e-012	9.1376e-014	1.0243e-013	2.0535e-014	1.0485e-005	
"01.07.2024 14:39:14.012"	1.2320e-010	-9.0198e-014	8.9793e-012	8.9826e-014	1.0398e-013	2.0729e-014	1.0485e-005	
"01.07.2024 14:39:14.295"	1.1994e-010	-8.6711e-014	9.1598e-012	8.7969e-014	1.0236e-013	1.9646e-014	1.0485e-005	
"01.07.2024 14:39:14.579"	1.2155e-010	-8.6172e-014	8.8518e-012	9.2100e-014	1.0382e-013	2.0410e-014	1.0491e-005	
"01.07.2024 14:39:14.863"	1.2283e-010	-8.6247e-014	8.9635e-012	8.8642e-014	1.0415e-013	2.0216e-014	1.0491e-005	
"01.07.2024 14:39:15.147"	1.1970e-010	-8.4742e-014	9.1420e-012	8.7617e-014	9.8111e-014	2.0175e-014	1.0491e-005	
"01.07.2024 14:39:15.431"	1.2171e-010	-8.8844e-014	8.9492e-012	9.1690e-014	1.0205e-013	2.0714e-014	1.0491e-005	
"01.07.2024 14:39:15.714"	1.2281e-010	-8.6418e-014	8.9059e-012	8.9565e-014	1.0297e-013	2.0576e-014	1.0494e-005	
"01.07.2024 14:39:15.998"	1.1939e-010	-8.6574e-014	9.1532e-012	8.7885e-014	9.8377e-014	2.0146e-014	1.0494e-005	
"01.07.2024 14:39:16.282"	1.2173e-010	-9.0643e-014	9.0334e-012	9.0579e-014	1.0212e-013	2.0468e-014	1.0494e-005	
"01.07.2024 14:39:16.565"	1.2275e-010	-8.8597e-014	8.8753e-012	8.9395e-014	1.0340e-013	2.0518e-014	1.0494e-005	
"01.07.2024 14:39:16.849"	1.1890e-010	-8.5968e-014	9.0885e-012	8.8547e-014	9.9036e-014	2.0181e-014	1.0493e-005	
"01.07.2024 14:39:17.133"	1.2174e-010	-8.7769e-014	9.1246e-012	9.2532e-014	1.0101e-013	2.1031e-014	1.0493e-005	
"01.07.2024 14:39:17.416"	1.2290e-010	-8.5740e-014	8.9182e-012	8.9441e-014	1.0247e-013	2.1157e-014	1.0493e-005	
"01.07.2024 14:39:17.700"	1.1877e-010	-8.7380e-014	9.0278e-012	8.8818e-014	1.0098e-013	1.9972e-014	1.0493e-005	
"01.07.2024 14:39:17.984"	1.2134e-010	-8.9026e-014	9.1950e-012	9.1089e-014	1.0101e-013	1.9901e-014	1.0498e-005	
"01.07.2024 14:39:18.267"	1.2296e-010	-8.7332e-014	8.8911e-012	8.9574e-014	9.9975e-014	2.1037e-014	1.0498e-005	
"01.07.2024 14:39:18.551"	1.1891e-010	-8.5383e-014	9.0324e-012	8.9275e-014	9.8493e-014	1.9777e-014	1.0498e-005	
"01.07.2024 14:39:18.836"	1.2124e-010	-8.5715e-014	9.2480e-012	9.0574e-014	9.9215e-014	2.0655e-014	1.0498e-005	
"01.07.2024 14:39:19.120"	1.2288e-010	-8.8768e-014	8.8742e-012	8.9235e-014	1.0295e-013	2.1299e-014	1.0500e-005	
"01.07.2024 14:39:19.403"	1.1906e-010	-8.4491e-014	9.0609e-012	8.7790e-014	1.0193e-013	1.9994e-014	1.0500e-005	
"01.07.2024 14:39:19.687"	1.2098e-010	-8.9716e-014	9.2481e-012	8.8218e-014	9.9000e-014	2.0504e-014	1.0500e-005	
"01.07.2024 14:39:19.971"	1.2277e-010	-8.8050e-014	8.8013e-012	9.0605e-014	1.0380e-013	2.0801e-014	1.0512e-005	
"01.07.2024 14:39:20.254"	1.1964e-010	-8.6686e-014	9.0471e-012	8.9064e-014	1.0182e-013	2.0093e-014	1.0512e-005	
"01.07.2024 14:39:20.539"	1.2078e-010	-8.2923e-014	9.2593e-012	8.7810e-014	9.7630e-014	2.0093e-014	1.0512e-005	
"01.07.2024 14:39:20.822"	1.2238e-010	-8.6555e-014	8.7835e-012	9.0611e-014	1.0272e-013	2.0875e-014	1.0512e-005	
"01.07.2024 14:39:21.105"	1.2043e-010	-8.4618e-014	9.0639e-012	8.9580e-014	1.0185e-013	2.0243e-014	1.0524e-005	
"01.07.2024 14:39:21.389"	1.2080e-010	-9.0678e-014	9.2017e-012	8.7947e-014	9.4013e-014	2.0447e-014	1.0524e-005	
"01.07.2024 14:39:21.673"	1.2204e-010	-8.7133e-014	8.7191e-012	9.0615e-014	9.7844e-014	2.0315e-014	1.0524e-005	
"01.07.2024 14:39:21.956"	1.2145e-010	-8.7991e-014	9.0492e-012	8.9477e-014	1.0259e-013	1.9767e-014	1.0524e-005	
"01.07.2024 14:39:22.240"	1.2083e-010	-8.5599e-014	9.2348e-012	8.7126e-014	9.4185e-014	1.9881e-014	1.0504e-005	
"01.07.2024 14:39:22.523"	1.2193e-010	-8.3477e-014	8.6830e-012	9.1452e-014	9.9885e-014	2.0279e-014	1.0504e-005	
"01.07.2024 14:39:22.807"	1.2240e-010	-8.4804e-014	8.9921e-012	8.9766e-014	1.0207e-013	2.0329e-014	1.0504e-005	
"01.07.2024 14:39:23.090"	1.2066e-010	-8.3897e-014	9.2287e-012	8.8479e-014	9.6748e-014	1.9919e-014	1.0504e-005	
"01.07.2024 14:39:23.373"	1.2208e-010	-8.9138e-014	8.7146e-012	9.2711e-014	9.5439e-014	2.0187e-014	1.0495e-005	
"01.07.2024 14:39:23.657"	1.2289e-010	-8.5092e-014	8.9717e-012	8.9722e-014	9.9131e-014	2.0080e-014	1.0495e-005	
"01.07.2024 14:39:23.940"	1.1998e-010	-8.8479e-014	9.2118e-012	8.7359e-014	9.5299e-014	1.9603e-014	1.0495e-005	
"01.07.2024 14:39:24.224"	1.2201e-010	-8.7084e-014	8.8472e-012	9.0851e-014	1.0172e-013	2.0731e-014	1.0495e-005	
"01.07.2024 14:39:24.507"	1.2308e-010	-8.9524e-014	8.9441e-012	8.9136e-014	1.0013e-013	2.0923e-014	1.0506e-005	
"01.07.2024 14:39:24.791"	1.1990e-010	-8.8036e-014	9.1777e-012	8.7804e-014	9.6826e-014	2.0367e-014	1.0506e-005	
"01.07.2024 14:39:25.075"	1.2180e-010	-8.4662e-014	8.8946e-012	9.1762e-014	1.0098e-013	2.0276e-014	1.0506e-005	
"01.07.2024 14:39:25.358"	1.2290e-010	-8.6802e-014	8.9589e-012	8.8559e-014	9.9543e-014	2.0237e-014	1.0506e-005	
"01.07.2024 14:39:25.642"	1.1957e-010	-8.6637e-014	9.1919e-012	8.8126e-014	9.6931e-014	1.9597e-014	1.0512e-005	
"01.07.2024 14:39:25.926"	1.2168e-010	-8.4677e-014	8.9747e-012	9.0896e-014	1.0012e-013	2.0368e-014	1.0512e-005	
"01.07.2024 14:39:26.209"	1.2272e-010	-9.0502e-014	8.9355e-012	8.8791e-014	9.8308e-014	2.0813e-014	1.0512e-005	
"01.07.2024 14:39:26.493"	1.1913e-010	-8.4967e-014	9.1395e-012	8.7597e-014	9.6671e-014	1.9373e-014	1.0512e-005	
"01.07.2024 14:39:26.776"	1.2177e-010	-8.9385e-014	9.0997e-012	9.0546e-014	9.5641e-014	2.0552e-014	1.0507e-005	
"01.07.2024 14:39:27.059"	1.2276e-010	-8.7803e-014	8.8804e-012	9.0151e-014	9.7612e-014	1.9885e-014	1.0507e-005	
"01.07.2024 14:39:27.343"	1.1877e-010	-8.4899e-014	9.0762e-012	8.9285e-014	9.6015e-014	1.9256e-014	1.0507e-005	
"01.07.2024 14:39:27.626"	1.2164e-010	-8.9149e-014	9.1920e-012	9.0981e-014	9.9442e-014	2.0748e-014	1.0506e-005	
"01.07.2024 14:39:27.910"	1.2299e-010	-8.8466e-014	8.8737e-012	9.1354e-014	1.0109e-013	2.0425e-014	1.0506e-005	
"01.07.2024 14:39:28.193"	1.1891e-010	-9.0585e-014	9.0731e-012	8.9307e-014	8.7876e-014	1.9385e-014	1.0506e-005	
"01.07.2024 14:39:28.477"	1.2116e-010	-8.8584e-014	9.1955e-012	8.9399e-014	9.6949e-014	2.0622e-014	1.0506e-005	
"01.07.2024 14:39:28.760"	1.2286e-010	-8.4998e-014	8.8121e-012	9.0352e-014	9.9144e-014	2.0536e-014	1.0507e-005	
"01.07.2024 14:39:29.044"	1.1957e-010	-8.8246e-014	9.0844e-012	8.8588e-014	9.6814e-014	1.9389e-014	1.0507e-005	
"01.07.2024 14:39:29.327"	1.2092e-010	-8.4951e-014	9.2068e-012	8.8288e-014	9.5178e-014	1.9884e-014	1.0507e-005	
"01.07.2024 14:39:29.610"	1.2246e-010	-8.4938e-014	8.7636e-012	8.8730e-014	1.0048e-013	2.0503e-014	1.0507e-005	
"01.07.2024 14:39:29.895"	1.2015e-010	-8.7343e-014	9.0920e-012	8.8594e-014	9.9627e-014	1.9195e-014	1.0518e-005	
"01.07.2024 14:39:30.179"	1.2101e-010	-8.4580e-014	9.2383e-012	8.8287e-014	9.5965e-014	1.9863e-014	1.0518e-005	
"01.07.2024 14:39:30.463"	1.2221e-010	-8.6277e-014	8.7238e-012	9.1116e-014	1.0057e-013	2.0447e-014	1.0518e-005	
"01.07.2024 14:39:30.746"	1.2099e-010	-8.5313e-014	9.0528e-012	8.8528e-014	1.0236e-013	1.9325e-014	1.0518e-005	
"01.07.2024 14:39:31.030"	1.2112e-010	-8.6492e-014	9.2236e-012	8.8892e-014	9.5460e-014	1.9856e-014	1.0519e-005	
"01.07.2024 14:39:31.313"	1.2219e-010	-8.4727e-014	8.6958e-012	9.1042e-014	1.0072e-013	2.0295e-014	1.0519e-005	
"01.07.2024 14:39:31.597"	1.2183e-010	-8.6029e-014	9.0415e-012	8.9209e-014	9.6709e-014	1.9899e-014	1.0519e-005	
"01.07.2024 14:39:31.880"	1.2088e-010	-8.7658e-014	9.2332e-012	8.8354e-014	9.4038e-014	1.9889e-014	1.0519e-005	
"01.07.2024 14:39:32.163"	1.2222e-010	-8.8083e-014	8.7131e-012	9.0374e-014	9.4793e-014	2.0635e-014	1.0524e-005	
"01.07.2024 14:39:32.447"	1.2233e-010	-8.7109e-014	8.9952e-012	9.0875e-014	9.7679e-014	2.0021e-014	1.0524e-005	
"01.07.2024 14:39:32.731"	1.2073e-010	-8.3455e-014	9.2364e-012	8.8211e-014	9.4001e-014	1.9344e-014	1.0524e-005	
"01.07.2024 14:39:33.015"	1.2211e-010	-8.7763e-014	8.7453e-012	9.0851e-014	9.8473e-014	2.0300e-014	1.0524e-005	
"01.07.2024 14:39:33.298"	1.2277e-010	-8.5966e-014	8.9696e-012	8.9534e-014	9.8509e-014	1.9531e-014	1.0524e-005	
"01.07.2024 14:39:33.582"	1.2036e-010	-8.6172e-014	9.2160e-012	8.8423e-014	9.6042e-014	1.9983e-014	1.0524e-005	
"01.07.2024 14:39:33.867"	1.2232e-010	-8.9538e-014	8.7809e-012	9.1093e-014	9.8055e-014	2.0133e-014	1.0524e-005	
"01.07.2024 14:39:34.151"	1.2302e-010	-8.8661e-014	8.9564e-012	8.9264e-014	9.5061e-014	2.0015e-014	1.0529e-005	
"01.07.2024 14:39:34.434"	1.1982e-010	-8.4243e-014	9.1716e-012	8.8294e-014	9.5915e-014	1.9519e-014	1.0529e-005	
"01.07.2024 14:39:34.719"	1.2219e-010	-8.7823e-014	8.8294e-012	9.0331e-014	9.5314e-014	2.0501e-014	1.0529e-005	
"01.07.2024 14:39:35.003"	1.2331e-010	-8.6557e-014	8.9778e-012	8.8915e-014	9.6303e-014	1.9586e-014	1.0529e-005	
"01.07.2024 14:39:35.286"	1.1956e-010	-8.6525e-014	9.1114e-012	8.8817e-014	9.2500e-014	1.9907e-014	1.0510e-005	
"01.07.2024 14:39:35.569"	1.2198e-010	-8.6754e-014	8.9262e-012	9.1974e-014	9.4656e-014	2.0530e-014	1.0510e-005	
"01.07.2024 14:39:35.853"	1.2325e-010	-8.4936e-014	8.9839e-012	8.8637e-014	9.8657e-014	2.0009e-014	1.0510e-005	
"01.07.2024 14:39:36.136"	1.1926e-010	-8.3368e-014	9.1247e-012	8.8772e-014	9.3475e-014	1.9870e-014	1.0510e-005	
"01.07.2024 14:39:36.420"	1.2190e-010	-8.4912e-014	9.0078e-012	9.1312e-014	9.6659e-014	1.9879e-014	1.0513e-005	
"01.07.2024 14:39:36.703"	1.2296e-010	-8.7770e-014	8.9355e-012	8.8001e-014	9.7207e-014	2.0204e-014	1.0513e-005	
"01.07.2024 14:39:36.987"	1.1905e-010	-8.3984e-014	9.1262e-012	8.8436e-014	9.6010e-014	1.9804e-014	1.0513e-005	
"01.07.2024 14:39:37.270"	1.2187e-010	-8.5812e-014	9.1093e-012	9.0396e-014	9.6004e-014	1.9878e-014	1.0513e-005	
"01.07.2024 14:39:37.553"	1.2300e-010	-8.4429e-014	8.8732e-012	8.9651e-014	1.0029e-013	2.0394e-014	1.0518e-005	
"01.07.2024 14:39:37.837"	1.1886e-010	-8.7202e-014	9.1017e-012	8.9163e-014	9.2485e-014	1.9583e-014	1.0518e-005	
"01.07.2024 14:39:38.120"	1.2166e-010	-8.7568e-014	9.2006e-012	9.1150e-014	9.7182e-014	1.9599e-014	1.0518e-005	
"01.07.2024 14:39:38.404"	1.2282e-010	-8.7709e-014	8.8667e-012	8.9798e-014	9.4663e-014	2.0737e-014	1.0518e-005	
"01.07.2024 14:39:38.687"	1.1900e-010	-8.4018e-014	9.1017e-012	8.8289e-014	9.4262e-014	1.9106e-014	1.0514e-005	
"01.07.2024 14:39:38.971"	1.2149e-010	-8.5399e-014	9.2686e-012	8.9719e-014	9.3590e-014	1.9617e-014	1.0514e-005	
"01.07.2024 14:39:39.254"	1.2278e-010	-8.5665e-014	8.8457e-012	8.9734e-014	9.6703e-014	2.0515e-014	1.0514e-005	
"01.07.2024 14:39:39.538"	1.1965e-010	-8.8298e-014	9.0263e-012	8.9137e-014	9.5428e-014	1.9300e-014	1.0514e-005	
"01.07.2024 14:39:39.821"	1.2119e-010	-8.6678e-014	9.2664e-012	8.8412e-014	9.3288e-014	1.9599e-014	1.0515e-005	
"01.07.2024 14:39:40.105"	1.2284e-010	-8.8281e-014	8.8172e-012	9.0288e-014	9.6060e-014	2.0552e-014	1.0515e-005	
"01.07.2024 14:39:40.389"	1.2044e-010	-8.3434e-014	9.0420e-012	8.8919e-014	9.6137e-014	1.9368e-014	1.0515e-005	
"01.07.2024 14:39:40.672"	1.2078e-010	-8.5050e-014	9.2262e-012	8.8681e-014	9.2581e-014	1.9683e-014	1.0523e-005	
"01.07.2024 14:39:40.955"	1.2256e-010	-8.5101e-014	8.7600e-012	8.9783e-014	9.2527e-014	2.0872e-014	1.0523e-005	
"01.07.2024 14:39:41.239"	1.2143e-010	-8.4635e-014	9.0334e-012	8.9229e-014	9.6912e-014	1.9641e-014	1.0523e-005	
"01.07.2024 14:39:41.522"	1.2067e-010	-8.7669e-014	9.1680e-012	8.9083e-014	9.2860e-014	1.8765e-014	1.0523e-005	
"01.07.2024 14:39:41.806"	1.2209e-010	-8.6301e-014	8.7009e-012	9.1547e-014	9.3528e-014	2.0142e-014	1.0519e-005	
"01.07.2024 14:39:42.089"	1.2243e-010	-8.8299e-014	9.0706e-012	8.9684e-014	9.2760e-014	1.9425e-014	1.0519e-005	
"01.07.2024 14:39:42.373"	1.2055e-010	-8.6438e-014	9.1955e-012	8.7628e-014	9.1750e-014	1.9503e-014	1.0519e-005	
"01.07.2024 14:39:42.656"	1.2191e-010	-8.6926e-014	8.7503e-012	9.1021e-014	9.9318e-014	1.9957e-014	1.0519e-005	
"01.07.2024 14:39:42.939"	1.2305e-010	-8.4406e-014	9.0323e-012	8.8228e-014	9.7551e-014	1.9684e-014	1.0523e-005	
"01.07.2024 14:39:43.223"	1.2028e-010	-8.4939e-014	9.2078e-012	8.7270e-014	9.3793e-014	1.9353e-014	1.0523e-005	
"01.07.2024 14:39:43.506"	1.2190e-010	-8.4869e-014	8.8268e-012	9.1644e-014	9.7660e-014	2.0020e-014	1.0523e-005	
"01.07.2024 14:39:43.790"	1.2312e-010	-8.6736e-014	8.9538e-012	9.0089e-014	9.5552e-014	1.9964e-014	1.0523e-005	
"01.07.2024 14:39:44.073"	1.1989e-010	-9.0070e-014	9.2088e-012	8.8358e-014	9.2489e-014	1.9560e-014	1.0521e-005	
"01.07.2024 14:39:44.357"	1.2182e-010	-8.7940e-014	8.9314e-012	9.0799e-014	9.3323e-014	2.0070e-014	1.0521e-005	
"01.07.2024 14:39:44.640"	1.2314e-010	-8.9463e-014	8.9554e-012	8.9195e-014	9.7043e-014	2.0355e-014	1.0521e-005	
"01.07.2024 14:39:44.924"	1.1965e-010	-8.9651e-014	9.1685e-012	8.7518e-014	9.1517e-014	1.9504e-014	1.0521e-005	
"01.07.2024 14:39:45.207"	1.2155e-010	-8.5017e-014	9.0288e-012	9.1782e-014	9.5912e-014	1.9964e-014	1.0529e-005	
"01.07.2024 14:39:45.491"	1.2291e-010	-8.6419e-014	8.9079e-012	9.0489e-014	9.2319e-014	2.0174e-014	1.0529e-005	
"01.07.2024 14:39:45.774"	1.1930e-010	-8.6757e-014	9.1761e-012	8.8706e-014	9.2310e-014	1.9641e-014	1.0529e-005	
"01.07.2024 14:39:46.058"	1.2155e-010	-8.2938e-014	9.1302e-012	9.1030e-014	9.2137e-014	2.0453e-014	1.0529e-005	
"01.07.2024 14:39:46.341"	1.2268e-010	-8.4159e-014	8.8589e-012	9.0206e-014	9.5097e-014	2.0509e-014	1.0519e-005	
"01.07.2024 14:39:46.625"	1.1904e-010	-9.0062e-014	9.1568e-012	8.8678e-014	9.3071e-014	1.9342e-014	1.0519e-005	
"01.07.2024 14:39:46.908"	1.2157e-010	-8.3010e-014	9.2338e-012	9.0598e-014	9.1956e-014	1.9544e-014	1.0519e-005	
"01.07.2024 14:39:47.192"	1.2259e-010	-8.5136e-014	8.7972e-012	8.9670e-014	9.6087e-014	2.0541e-014	1.0521e-005	
"01.07.2024 14:39:47.475"	1.1930e-010	-8.9569e-014	9.0981e-012	8.8526e-014	9.3176e-014	1.9409e-014	1.0521e-005	
"01.07.2024 14:39:47.759"	1.2155e-010	-8.5939e-014	9.2583e-012	8.9469e-014	9.1917e-014	2.0040e-014	1.0521e-005	
"01.07.2024 14:39:48.042"	1.2257e-010	-8.8522e-014	8.7784e-012	9.0061e-014	9.1880e-014	2.0111e-014	1.0521e-005	
"01.07.2024 14:39:48.326"	1.1959e-010	-8.7830e-014	9.1058e-012	8.8445e-014	9.4390e-014	1.9133e-014	1.0518e-005	
"01.07.2024 14:39:48.610"	1.2154e-010	-8.6960e-014	9.2996e-012	8.8963e-014	9.1626e-014	1.9794e-014	1.0518e-005	
"01.07.2024 14:39:48.895"	1.2272e-010	-8.7809e-014	8.8192e-012	9.0313e-014	9.4464e-014	1.9803e-014	1.0518e-005	
"01.07.2024 14:39:49.178"	1.2013e-010	-8.5395e-014	9.0303e-012	8.9728e-014	9.2846e-014	1.9401e-014	1.0518e-005	
"01.07.2024 14:39:49.461"	1.2089e-010	-8.5941e-014	9.1884e-012	8.8000e-014	9.3322e-014	1.9280e-014	1.0515e-005	
"01.07.2024 14:39:49.745"	1.2259e-010	-8.3747e-014	8.7687e-012	9.0188e-014	9.2414e-014	2.0452e-014	1.0515e-005	
"01.07.2024 14:39:50.028"	1.2130e-010	-8.5764e-014	9.0405e-012	8.8703e-014	9.2024e-014	1.8905e-014	1.0515e-005	
"01.07.2024 14:39:50.312"	1.2059e-010	-9.0104e-014	9.1777e-012	8.8863e-014	9.0343e-014	1.9095e-014	1.0515e-005	
"01.07.2024 14:39:50.595"	1.2229e-010	-8.8090e-014	8.7544e-012	9.0387e-014	9.3166e-014	2.0043e-014	1.0523e-005	
"01.07.2024 14:39:50.879"	1.2218e-010	-8.8421e-014	9.0640e-012	9.0020e-014	9.4988e-014	1.8594e-014	1.0523e-005	
"01.07.2024 14:39:51.162"	1.2059e-010	-8.5120e-014	9.1802e-012	8.8020e-014	9.0374e-014	1.8958e-014	1.0523e-005	
"01.07.2024 14:39:51.446"	1.2199e-010	-8.4799e-014	8.7625e-012	9.1753e-014	9.2318e-014	1.9906e-014	1.0523e-005	
"01.07.2024 14:39:51.729"	1.2284e-010	-8.4547e-014	9.0568e-012	8.9187e-014	9.6332e-014	2.0177e-014	1.0520e-005	
"01.07.2024 14:39:52.013"	1.2038e-010	-8.8782e-014	9.1869e-012	8.7817e-014	9.0133e-014	1.8970e-014	1.0520e-005	
"01.07.2024 14:39:52.296"	1.2175e-010	-9.0055e-014	8.7926e-012	9.1247e-014	9.1330e-014	1.9882e-014	1.0520e-005	
"01.07.2024 14:39:52.580"	1.2317e-010	-8.6267e-014	9.0074e-012	9.0272e-014	9.4586e-014	2.0210e-014	1.0520e-005	
"01.07.2024 14:39:52.863"	1.2022e-010	-8.5021e-014	9.2374e-012	8.7690e-014	9.0869e-014	1.8864e-014	1.0522e-005	
"01.07.2024 14:39:53.147"	1.2199e-010	-8.5408e-014	8.8411e-012	9.1652e-014	9.4122e-014	1.9375e-014	1.0522e-005	
"01.07.2024 14:39:53.430"	1.2301e-010	-8.6992e-014	8.8931e-012	8.9776e-014	9.2468e-014	1.9652e-014	1.0522e-005	
"01.07.2024 14:39:53.714"	1.1943e-010	-8.7546e-014	9.1823e-012	8.8110e-014	8.9180e-014	1.8998e-014	1.0522e-005	
"01.07.2024 14:39:53.997"	1.2197e-010	-8.7731e-014	9.0145e-012	9.1519e-014	9.2009e-014	2.0285e-014	1.0517e-005	
"01.07.2024 14:39:54.281"	1.2299e-010	-8.6132e-014	8.9272e-012	8.9260e-014	9.3040e-014	1.9899e-014	1.0517e-005	
"01.07.2024 14:39:54.564"	1.1901e-010	-8.9649e-014	9.1057e-012	8.9389e-014	9.0832e-014	1.8621e-014	1.0517e-005	
"01.07.2024 14:39:54.847"	1.2188e-010	-8.4995e-014	9.1226e-012	9.0993e-014	9.0363e-014	1.9370e-014	1.0517e-005	
"01.07.2024 14:39:55.131"	1.2302e-010	-9.1214e-014	8.8982e-012	8.9345e-014	9.3272e-014	1.9491e-014	1.0517e-005	
"01.07.2024 14:39:55.414"	1.1897e-010	-8.8052e-014	9.1114e-012	8.8698e-014	9.1770e-014	1.9430e-014	1.0517e-005	
"01.07.2024 14:39:55.698"	1.2182e-010	-8.6463e-014	9.1955e-012	9.1000e-014	9.0520e-014	1.9748e-014	1.0517e-005	
"01.07.2024 14:39:55.981"	1.2287e-010	-8.6512e-014	8.8503e-012	8.9394e-014	9.2937e-014	2.0040e-014	1.0533e-005	
"01.07.2024 14:39:56.265"	1.1895e-010	-8.4931e-014	9.0757e-012	8.8838e-014	9.2135e-014	1.9457e-014	1.0533e-005	
"01.07.2024 14:39:56.548"	1.2148e-010	-8.5396e-014	9.2567e-012	8.9930e-014	9.0279e-014	1.9894e-014	1.0533e-005	
"01.07.2024 14:39:56.832"	1.2290e-010	-9.1618e-014	8.8579e-012	9.0027e-014	9.3205e-014	1.9430e-014	1.0533e-005	
"01.07.2024 14:39:57.115"	1.1964e-010	-8.6301e-014	9.0502e-012	8.8908e-014	9.1972e-014	1.8908e-014	1.0521e-005	
"01.07.2024 14:39:57.399"	1.2136e-010	-8.5490e-014	9.2822e-012	8.8897e-014	8.8622e-014	1.8839e-014	1.0521e-005	
"01.07.2024 14:39:57.682"	1.2280e-010	-8.9109e-014	8.7921e-012	8.9029e-014	9.2497e-014	2.0120e-014	1.0521e-005	
"01.07.2024 14:39:57.966"	1.2024e-010	-8.8751e-014	9.0328e-012	8.9149e-014	9.3279e-014	1.9084e-014	1.0521e-005	
"01.07.2024 14:39:58.249"	1.2104e-010	-8.6283e-014	9.2205e-012	8.7384e-014	8.9578e-014	1.9183e-014	1.0524e-005	
"01.07.2024 14:39:58.533"	1.2275e-010	-8.8624e-014	8.7636e-012	9.1056e-014	9.1069e-014	1.9490e-014	1.0524e-005	
"01.07.2024 14:39:58.816"	1.2109e-010	-8.6314e-014	9.0273e-012	9.0110e-014	9.4319e-014	1.8668e-014	1.0524e-005	
"01.07.2024 14:39:59.100"	1.2067e-010	-8.7752e-014	9.1737e-012	8.8160e-014	8.7333e-014	1.9269e-014	1.0524e-005	
"01.07.2024 14:39:59.383"	1.2242e-010	-8.5118e-014	8.7687e-012	8.9518e-014	9.1273e-014	1.9876e-014	1.0528e-005	
"01.07.2024 14:39:59.666"	1.2205e-010	-8.8073e-014	9.0415e-012	8.6710e-014	9.1974e-014	1.9517e-014	1.0528e-005	
"01.07.2024 14:39:59.950"	1.2043e-010	-8.9043e-014	9.1593e-012	8.7860e-014	8.8264e-014	1.9165e-014	1.0528e-005	
"01.07.2024 14:40:00.234"	1.2247e-010	-8.3551e-014	8.7631e-012	9.0771e-014	9.2127e-014	1.9428e-014	1.0528e-005	
"01.07.2024 14:40:00.517"	1.2246e-010	-8.8054e-014	9.0094e-012	9.0007e-014	9.2221e-014	1.9131e-014	1.0523e-005	
"01.07.2024 14:40:00.801"	1.1994e-010	-8.5012e-014	9.1516e-012	8.9300e-014	8.8274e-014	1.8562e-014	1.0523e-005	
"01.07.2024 14:40:01.084"	1.2218e-010	-8.9325e-014	8.8100e-012	9.0928e-014	9.3619e-014	1.9833e-014	1.0523e-005	
"01.07.2024 14:40:01.367"	1.2332e-010	-8.8005e-014	8.9854e-012	8.9560e-014	9.2104e-014	1.9096e-014	1.0504e-005	
"01.07.2024 14:40:01.651"	1.1980e-010	-9.0576e-014	9.1216e-012	8.8841e-014	8.7805e-014	1.8532e-014	1.0504e-005	
"01.07.2024 14:40:01.934"	1.2182e-010	-8.4806e-014	8.8808e-012	9.1174e-014	9.1207e-014	1.9716e-014	1.0504e-005	
"01.07.2024 14:40:02.218"	1.2351e-010	-8.5340e-014	9.0094e-012	8.9947e-014	9.2317e-014	1.9084e-014	1.0504e-005	
"01.07.2024 14:40:02.502"	1.1959e-010	-8.5423e-014	9.1246e-012	8.8872e-014	8.6902e-014	1.8461e-014	1.0514e-005	
"01.07.2024 14:40:02.785"	1.2155e-010	-8.6566e-014	8.9783e-012	9.2941e-014	8.8834e-014	1.9927e-014	1.0514e-005	
"01.07.2024 14:40:03.069"	1.2317e-010	-8.5049e-014	9.0079e-012	8.8784e-014	9.2466e-014	1.9622e-014	1.0514e-005	
"01.07.2024 14:40:03.352"	1.1964e-010	-8.5170e-014	9.1777e-012	8.8613e-014	8.7606e-014	1.8755e-014	1.0514e-005	
"01.07.2024 14:40:03.636"	1.2153e-010	-8.5295e-014	9.0405e-012	9.0750e-014	8.8480e-014	1.9385e-014	1.0519e-005	
"01.07.2024 14:40:03.920"	1.2294e-010	-9.0417e-014	8.8926e-012	8.9046e-014	9.2447e-014	2.0340e-014	1.0519e-005	
"01.07.2024 14:40:04.203"	1.1941e-010	-8.3352e-014	9.1762e-012	8.6915e-014	8.8128e-014	1.8922e-014	1.0519e-005	
"01.07.2024 14:40:04.487"	1.2168e-010	-8.7079e-014	9.1241e-012	9.1219e-014	8.7457e-014	1.9615e-014	1.0519e-005	
"01.07.2024 14:40:04.770"	1.2268e-010	-8.5153e-014	8.8723e-012	8.9082e-014	9.0472e-014	1.9581e-014	1.0518e-005	
"01.07.2024 14:40:05.054"	1.1901e-010	-8.5395e-014	9.1379e-012	8.7833e-014	8.9871e-014	1.8648e-014	1.0518e-005	
"01.07.2024 14:40:05.337"	1.2166e-010	-9.2718e-014	9.2562e-012	9.0340e-014	8.9970e-014	1.9424e-014	1.0518e-005	
"01.07.2024 14:40:05.621"	1.2272e-010	-8.5715e-014	8.8319e-012	8.8846e-014	8.9544e-014	1.9372e-014	1.0518e-005	
"01.07.2024 14:40:05.904"	1.1930e-010	-8.8028e-014	9.0604e-012	8.8021e-014	8.8958e-014	1.8092e-014	1.0521e-005	
"01.07.2024 14:40:06.188"	1.2157e-010	-8.6324e-014	9.3067e-012	8.8993e-014	8.8345e-014	1.9498e-014	1.0521e-005	
"01.07.2024 14:40:06.471"	1.2265e-010	-8.7322e-014	8.8013e-012	8.9505e-014	9.0733e-014	1.9884e-014	1.0521e-005	
"01.07.2024 14:40:06.755"	1.2010e-010	-8.3833e-014	9.0569e-012	8.9791e-014	9.2707e-014	1.9089e-014	1.0521e-005	
"01.07.2024 14:40:07.038"	1.2144e-010	-8.4476e-014	9.2843e-012	8.8463e-014	8.7541e-014	1.9209e-014	1.0520e-005	
"01.07.2024 14:40:07.322"	1.2279e-010	-8.6703e-014	8.7733e-012	9.0254e-014	8.8733e-014	1.9772e-014	1.0520e-005	
"01.07.2024 14:40:07.605"	1.2090e-010	-8.5082e-014	9.0486e-012	9.0391e-014	9.0726e-014	1.8735e-014	1.0520e-005	
"01.07.2024 14:40:07.889"	1.2102e-010	-8.6462e-014	9.2389e-012	8.7729e-014	8.7580e-014	1.9150e-014	1.0520e-005	
"01.07.2024 14:40:08.172"	1.2274e-010	-8.7495e-014	8.7963e-012	9.0861e-014	9.1423e-014	2.0357e-014	1.0525e-005	
"01.07.2024 14:40:08.456"	1.2174e-010	-8.8413e-014	8.9992e-012	8.8584e-014	9.2218e-014	1.9187e-014	1.0525e-005	
"01.07.2024 14:40:08.739"	1.2055e-010	-8.9648e-014	9.2262e-012	8.8644e-014	8.7568e-014	1.8724e-014	1.0525e-005	
"01.07.2024 14:40:09.023"	1.2251e-010	-9.2226e-014	8.7683e-012	8.9577e-014	9.1335e-014	1.9826e-014	1.0534e-005	
"01.07.2024 14:40:09.306"	1.2246e-010	-8.6541e-014	9.0492e-012	8.8654e-014	9.2049e-014	1.8734e-014	1.0534e-005	
"01.07.2024 14:40:09.589"	1.2024e-010	-8.6519e-014	9.1614e-012	8.7636e-014	8.6863e-014	1.9237e-014	1.0534e-005	
"01.07.2024 14:40:09.873"	1.2206e-010	-8.5543e-014	8.7896e-012	9.1924e-014	8.9562e-014	1.9473e-014	1.0534e-005	
"01.07.2024 14:40:10.156"	1.2341e-010	-8.4643e-014	9.0813e-012	8.9022e-014	9.0486e-014	1.9378e-014	1.0528e-005	
"01.07.2024 14:40:10.440"	1.2005e-010	-8.5501e-014	9.1675e-012	8.9349e-014	8.6117e-014	1.9717e-014	1.0528e-005	
"01.07.2024 14:40:10.723"	1.2175e-010	-8.9239e-014	8.8829e-012	9.1639e-014	8.7402e-014	1.8730e-014	1.0528e-005	
"01.07.2024 14:40:11.007"	1.2333e-010	-8.7084e-014	8.9901e-012	8.9513e-014	9.1330e-014	1.9511e-014	1.0528e-005	
"01.07.2024 14:40:11.291"	1.1992e-010	-8.5925e-014	9.2246e-012	8.8135e-014	8.5344e-014	1.8556e-014	1.0536e-005	
"01.07.2024 14:40:11.574"	1.2172e-010	-8.5594e-014	9.0139e-012	9.1510e-014	8.6672e-014	1.9270e-014	1.0536e-005	
"01.07.2024 14:40:11.857"	1.2298e-010	-8.5153e-014	8.9488e-012	8.9964e-014	8.9959e-014	1.8976e-014	1.0536e-005	
"01.07.2024 14:40:12.141"	1.1959e-010	-8.7183e-014	9.1746e-012	8.8972e-014	8.7110e-014	1.8795e-014	1.0536e-005	
"01.07.2024 14:40:12.424"	1.2187e-010	-8.9119e-014	9.0726e-012	9.0429e-014	8.7401e-014	1.9376e-014	1.0531e-005	
"01.07.2024 14:40:12.708"	1.2292e-010	-8.6523e-014	8.8855e-012	9.0425e-014	8.8771e-014	1.9393e-014	1.0531e-005	
"01.07.2024 14:40:12.991"	1.1913e-010	-8.6565e-014	9.1130e-012	8.8385e-014	8.7469e-014	1.8803e-014	1.0531e-005	
"01.07.2024 14:40:13.275"	1.2188e-010	-8.5129e-014	9.2715e-012	8.9806e-014	8.7389e-014	1.8963e-014	1.0531e-005	
"01.07.2024 14:40:13.558"	1.2287e-010	-8.4211e-014	8.8686e-012	8.9878e-014	8.9440e-014	1.9631e-014	1.0534e-005	
"01.07.2024 14:40:13.842"	1.1906e-010	-8.6399e-014	9.0966e-012	8.8759e-014	8.8472e-014	1.7847e-014	1.0534e-005	
"01.07.2024 14:40:14.125"	1.2163e-010	-8.7126e-014	9.2817e-012	8.8692e-014	8.7446e-014	1.8326e-014	1.0534e-005	
"01.07.2024 14:40:14.408"	1.2305e-010	-8.7098e-014	8.8625e-012	8.9612e-014	8.8897e-014	1.9484e-014	1.0534e-005	
"01.07.2024 14:40:14.692"	1.1964e-010	-8.6668e-014	9.0869e-012	8.9209e-014	8.8804e-014	1.8673e-014	1.0530e-005	
"01.07.2024 14:40:14.976"	1.2111e-010	-8.6057e-014	9.2425e-012	8.7364e-014	9.3818e-014	1.9888e-014	1.0530e-005	
"01.07.2024 14:40:15.259"	1.2287e-010	-8.5567e-014	8.8227e-012	9.0229e-014	9.0688e-014	2.0251e-014	1.0530e-005	
"01.07.2024 14:40:15.542"	1.2051e-010	-9.1457e-014	9.0727e-012	8.8327e-014	9.2061e-014	1.8655e-014	1.0531e-005	
"01.07.2024 14:40:15.827"	1.2086e-010	-8.7215e-014	9.2404e-012	8.6974e-014	8.7809e-014	1.8926e-014	1.0531e-005	
"01.07.2024 14:40:16.110"	1.2221e-010	-8.5586e-014	8.8421e-012	8.9584e-014	3.2196e-012	9.1977e-014	1.0531e-005	
"01.07.2024 14:40:16.394"	1.0834e-010	-8.7771e-014	9.1379e-012	8.9581e-014	2.9929e-011	1.4774e-014	1.0531e-005	
"01.07.2024 14:40:16.677"	1.0020e-010	-8.6971e-014	7.2576e-012	7.3392e-014	4.0465e-011	-4.6650e-014	1.0394e-005	
"01.07.2024 14:40:16.960"	9.7317e-011	-8.6518e-014	6.5911e-012	7.5538e-014	4.2274e-011	-5.2815e-014	1.0394e-005	
"01.07.2024 14:40:17.244"	9.4212e-011	-8.6690e-014	6.3543e-012	7.0955e-014	4.0764e-011	-4.9811e-014	1.0394e-005	
"01.07.2024 14:40:17.527"	8.9914e-011	-8.3913e-014	6.1899e-012	7.2877e-014	3.6399e-011	-2.1435e-014	1.0394e-005	
"01.07.2024 14:40:17.811"	8.9302e-011	-8.8120e-014	5.8702e-012	7.4078e-014	3.5793e-011	-2.5102e-014	9.5834e-006	
"01.07.2024 14:40:18.094"	8.8847e-011	-8.7803e-014	5.7052e-012	7.3914e-014	3.6405e-011	-2.9361e-014	9.5834e-006	
"01.07.2024 14:40:18.378"	8.6363e-011	-8.6561e-014	5.7455e-012	7.5173e-014	3.5157e-011	-1.6415e-014	9.5834e-006	
"01.07.2024 14:40:18.662"	8.6792e-011	-8.6703e-014	5.6736e-012	7.5000e-014	3.5498e-011	-1.6573e-014	9.5834e-006	
"01.07.2024 14:40:18.945"	8.7348e-011	-8.7171e-014	5.5729e-012	7.5562e-014	3.6243e-011	-2.4881e-014	8.7257e-006	
"01.07.2024 14:40:19.229"	8.5521e-011	-9.6089e-014	5.6689e-012	7.2581e-014	3.5363e-011	-1.3698e-014	8.7257e-006	
"01.07.2024 14:40:19.512"	8.6363e-011	-8.5266e-014	5.7006e-012	7.6939e-014	3.5548e-011	-2.1247e-014	8.7257e-006	
"01.07.2024 14:40:19.796"	8.7061e-011	-8.8218e-014	5.5632e-012	7.6546e-014	3.6285e-011	-2.5361e-014	8.7257e-006	
"01.07.2024 14:40:20.079"	8.5380e-011	-8.7744e-014	5.6383e-012	7.4284e-014	3.5531e-011	-1.7876e-014	8.5386e-006	
"01.07.2024 14:40:20.364"	8.6176e-011	-8.5226e-014	5.7037e-012	7.4886e-014	3.5624e-011	-2.4157e-014	8.5386e-006	
"01.07.2024 14:40:20.647"	8.6886e-011	-8.5821e-014	5.5371e-012	7.6314e-014	3.6362e-011	-2.5813e-014	8.5386e-006	
"01.07.2024 14:40:20.930"	8.5268e-011	-8.8315e-014	5.6301e-012	7.6421e-014	3.5928e-011	-1.7684e-014	8.5386e-006	
"01.07.2024 14:40:21.214"	8.5990e-011	-8.7390e-014	5.7098e-012	7.5372e-014	3.5592e-011	-1.9592e-014	8.4681e-006	
"01.07.2024 14:40:21.497"	8.6770e-011	-8.8543e-014	5.5275e-012	7.4504e-014	3.6332e-011	-1.9971e-014	8.4681e-006	
"01.07.2024 14:40:21.781"	8.5456e-011	-8.3790e-014	5.6403e-012	7.7048e-014	3.6225e-011	-2.0638e-014	8.4681e-006	
"01.07.2024 14:40:22.064"	8.5874e-011	-8.7411e-014	5.7287e-012	7.4171e-014	3.5614e-011	-2.3116e-014	8.4681e-006	
"01.07.2024 14:40:22.348"	8.6606e-011	-8.8950e-014	5.5259e-012	7.2394e-014	3.6314e-011	-2.5051e-014	8.4091e-006	
"01.07.2024 14:40:22.631"	8.5686e-011	-8.6307e-014	5.6368e-012	7.5902e-014	3.6472e-011	-1.9882e-014	8.4091e-006	
"01.07.2024 14:40:22.914"	8.5632e-011	-8.5623e-014	5.7149e-012	7.5706e-014	3.5634e-011	-1.7426e-014	8.4091e-006	
"01.07.2024 14:40:23.198"	8.6470e-011	-8.4216e-014	5.5157e-012	7.5911e-014	3.6393e-011	-2.4508e-014	8.3690e-006	
"01.07.2024 14:40:23.481"	8.6158e-011	-8.7533e-014	5.5882e-012	7.8309e-014	3.6806e-011	-2.1678e-014	8.3690e-006	
"01.07.2024 14:40:23.765"	8.5569e-011	-8.7876e-014	5.7062e-012	7.6313e-014	3.5680e-011	-1.4107e-014	8.3690e-006	
"01.07.2024 14:40:24.048"	8.6340e-011	-8.7138e-014	5.5106e-012	7.4832e-014	3.6346e-011	-2.6583e-014	8.3690e-006	
"01.07.2024 14:40:24.332"	8.6365e-011	-9.0327e-014	5.5883e-012	7.5582e-014	3.6869e-011	-2.9349e-014	8.3477e-006	
"01.07.2024 14:40:24.615"	8.5427e-011	-8.7098e-014	5.6817e-012	7.6701e-014	3.5698e-011	-1.8175e-014	8.3477e-006	
"01.07.2024 14:40:24.899"	8.6238e-011	-8.7214e-014	5.5173e-012	7.4569e-014	3.6287e-011	-2.9045e-014	8.3477e-006	
"01.07.2024 14:40:25.182"	8.6626e-011	-8.8686e-014	5.5872e-012	7.8101e-014	3.6972e-011	-2.6083e-014	8.3477e-006	
"01.07.2024 14:40:25.466"	8.5380e-011	-8.4625e-014	5.6602e-012	7.7122e-014	3.5710e-011	-1.8060e-014	8.3263e-006	
"01.07.2024 14:40:25.749"	8.6140e-011	-8.7824e-014	5.5203e-012	7.5728e-014	3.6225e-011	-2.2249e-014	8.3263e-006	
"01.07.2024 14:40:26.033"	8.6801e-011	-8.8805e-014	5.5826e-012	7.2757e-014	3.6937e-011	-3.0559e-014	8.3263e-006	
"01.07.2024 14:40:26.316"	8.5220e-011	-8.9210e-014	5.6491e-012	7.4292e-014	3.5734e-011	-2.0026e-014	8.3263e-006	
"01.07.2024 14:40:26.600"	8.6043e-011	-8.4831e-014	5.5749e-012	7.5317e-014	3.6189e-011	-2.3036e-014	8.2987e-006	
"01.07.2024 14:40:26.883"	8.6787e-011	-8.6336e-014	5.5601e-012	7.5790e-014	3.6969e-011	-3.1192e-014	8.2987e-006	
"01.07.2024 14:40:27.166"	8.5131e-011	-8.4324e-014	5.6618e-012	7.2894e-014	3.5841e-011	-2.5597e-014	8.2987e-006	
"01.07.2024 14:40:27.450"	8.5961e-011	-8.4006e-014	5.5913e-012	7.7057e-014	3.6160e-011	-2.0805e-014	8.2987e-006	
"01.07.2024 14:40:27.733"	8.6713e-011	-8.6396e-014	5.5662e-012	7.5555e-014	3.6830e-011	-2.8488e-014	8.2824e-006	
"01.07.2024 14:40:28.017"	8.4995e-011	-8.8792e-014	5.6495e-012	7.5012e-014	3.5885e-011	-2.0825e-014	8.2824e-006	
"01.07.2024 14:40:28.300"	8.5864e-011	-8.8319e-014	5.6250e-012	7.4035e-014	3.6104e-011	-2.4163e-014	8.2824e-006	
"01.07.2024 14:40:28.584"	8.6572e-011	-8.4582e-014	5.5581e-012	7.5615e-014	3.6818e-011	-3.2345e-014	8.2824e-006	
"01.07.2024 14:40:28.867"	8.4924e-011	-8.6380e-014	5.6235e-012	7.6659e-014	3.6001e-011	-2.0897e-014	8.2663e-006	
"01.07.2024 14:40:29.151"	8.5764e-011	-8.7778e-014	5.6495e-012	7.3266e-014	3.6085e-011	-2.0733e-014	8.2663e-006	
"01.07.2024 14:40:29.435"	8.6516e-011	-8.3578e-014	5.5234e-012	7.5505e-014	3.6795e-011	-2.9906e-014	8.2663e-006	
"01.07.2024 14:40:29.718"	8.4894e-011	-8.6242e-014	5.6133e-012	7.5966e-014	3.6178e-011	-2.0019e-014	8.2493e-006	
"01.07.2024 14:40:30.002"	8.5693e-011	-8.6448e-014	5.6786e-012	7.5279e-014	3.6070e-011	-2.2656e-014	8.2493e-006	
"01.07.2024 14:40:30.285"	8.6441e-011	-9.2846e-014	5.5275e-012	7.4510e-014	3.6800e-011	-2.9053e-014	8.2493e-006	
"01.07.2024 14:40:30.569"	8.4911e-011	-8.8027e-014	5.5999e-012	7.3906e-014	3.6393e-011	-2.0166e-014	8.2493e-006	
"01.07.2024 14:40:30.852"	8.5565e-011	-8.4424e-014	5.6945e-012	7.4779e-014	3.6015e-011	-2.0593e-014	8.2455e-006	
"01.07.2024 14:40:31.136"	8.6316e-011	-8.6921e-014	5.5004e-012	7.4288e-014	3.6654e-011	-2.4631e-014	8.2455e-006	
"01.07.2024 14:40:31.419"	8.5055e-011	-9.1789e-014	5.5939e-012	7.8032e-014	3.6555e-011	-1.8568e-014	8.2455e-006	
"01.07.2024 14:40:31.702"	8.5493e-011	-8.7183e-014	5.6869e-012	7.5564e-014	3.5948e-011	-1.9089e-014	8.2455e-006	
"01.07.2024 14:40:31.986"	8.6304e-011	-8.7740e-014	5.5034e-012	7.4738e-014	3.6651e-011	-2.1714e-014	8.2232e-006	
"01.07.2024 14:40:32.269"	8.5511e-011	-8.7239e-014	5.5714e-012	7.7424e-014	3.6813e-011	-1.9492e-014	8.2232e-006	
"01.07.2024 14:40:32.553"	8.5451e-011	-8.5235e-014	5.6996e-012	7.6144e-014	3.5934e-011	-1.8593e-014	8.2232e-006	
"01.07.2024 14:40:32.836"	8.6216e-011	-8.9164e-014	5.5009e-012	7.4957e-014	3.6613e-011	-2.5909e-014	8.2232e-006	
"01.07.2024 14:40:33.120"	8.5817e-011	-8.8804e-014	5.5877e-012	7.3621e-014	3.6966e-011	-2.6451e-014	8.2161e-006	
"01.07.2024 14:40:33.403"	8.5394e-011	-8.3844e-014	5.6873e-012	7.0382e-014	3.5917e-011	-2.0743e-014	8.2161e-006	
"01.07.2024 14:40:33.688"	8.6187e-011	-8.8121e-014	5.4881e-012	7.5109e-014	3.6540e-011	-2.4294e-014	8.2161e-006	
"01.07.2024 14:40:33.972"	8.6080e-011	-8.7265e-014	5.5949e-012	7.6247e-014	3.7103e-011	-2.1362e-014	8.2161e-006	
"01.07.2024 14:40:34.255"	8.5264e-011	-8.6801e-014	5.6761e-012	7.1539e-014	3.5886e-011	-1.9717e-014	8.2191e-006	
"01.07.2024 14:40:34.539"	8.6072e-011	-8.8232e-014	5.4795e-012	7.3683e-014	3.6528e-011	-2.2011e-014	8.2191e-006	
"01.07.2024 14:40:34.822"	8.6299e-011	-8.9687e-014	5.5581e-012	7.5626e-014	3.7119e-011	-2.1000e-014	8.2191e-006	
"01.07.2024 14:40:35.105"	8.5240e-011	-8.9373e-014	5.6541e-012	7.3976e-014	3.5875e-011	-2.0342e-014	8.2191e-006	
"01.07.2024 14:40:35.389"	8.6012e-011	-8.6757e-014	5.5029e-012	7.5527e-014	3.6450e-011	-2.1641e-014	8.2202e-006	
"01.07.2024 14:40:35.673"	8.6609e-011	-8.5082e-014	5.5576e-012	7.4882e-014	3.7202e-011	-2.9668e-014	8.2202e-006	
"01.07.2024 14:40:35.956"	8.5144e-011	-9.3649e-014	5.6510e-012	7.5413e-014	3.5951e-011	-1.9944e-014	8.2202e-006	
"01.07.2024 14:40:36.239"	8.5924e-011	-8.5892e-014	5.5249e-012	7.4803e-014	3.6367e-011	-2.3414e-014	8.2145e-006	
"01.07.2024 14:40:36.523"	8.6659e-011	-8.8309e-014	5.5356e-012	7.7876e-014	3.7063e-011	-2.6455e-014	8.2145e-006	
"01.07.2024 14:40:36.806"	8.4995e-011	-8.3116e-014	5.6557e-012	7.4512e-014	3.5909e-011	-2.0413e-014	8.2145e-006	
"01.07.2024 14:40:37.090"	8.5886e-011	-8.8457e-014	5.5617e-012	7.1547e-014	3.6345e-011	-1.9882e-014	8.2145e-006	
"01.07.2024 14:40:37.373"	8.6610e-011	-8.8426e-014	5.5561e-012	7.4695e-014	3.7077e-011	-3.1603e-014	8.2197e-006	
"01.07.2024 14:40:37.656"	8.4917e-011	-8.7017e-014	5.6291e-012	7.5925e-014	3.5985e-011	-1.6393e-014	8.2197e-006	
"01.07.2024 14:40:37.940"	8.5745e-011	-8.6664e-014	5.6015e-012	7.0466e-014	3.6299e-011	-2.1879e-014	8.2197e-006	
"01.07.2024 14:40:38.223"	8.6511e-011	-8.8302e-014	5.5382e-012	7.5660e-014	3.6970e-011	-3.1237e-014	8.2197e-006	
"01.07.2024 14:40:38.507"	8.4823e-011	-8.6205e-014	5.6168e-012	7.5156e-014	3.6043e-011	-1.9292e-014	8.2113e-006	
"01.07.2024 14:40:38.791"	8.5741e-011	-8.6618e-014	5.6414e-012	7.3156e-014	3.6238e-011	-2.2271e-014	8.2113e-006	
"01.07.2024 14:40:39.074"	8.6487e-011	-8.8240e-014	5.5234e-012	7.5509e-014	3.6950e-011	-2.8654e-014	8.2113e-006	
"01.07.2024 14:40:39.357"	8.4786e-011	-8.4177e-014	5.6004e-012	7.6151e-014	3.6236e-011	-1.9829e-014	8.2113e-006	
"01.07.2024 14:40:39.641"	8.5586e-011	-8.5100e-014	5.6868e-012	7.3085e-014	3.6148e-011	-2.0948e-014	8.1899e-006	
"01.07.2024 14:40:39.924"	8.6332e-011	-8.5198e-014	5.5213e-012	7.3536e-014	3.6866e-011	-2.8818e-014	8.1899e-006	
"01.07.2024 14:40:40.208"	8.4767e-011	-8.8749e-014	5.6158e-012	7.6619e-014	3.6295e-011	-2.5500e-014	8.1899e-006	
"01.07.2024 14:40:40.491"	8.5542e-011	-8.7115e-014	5.6837e-012	7.4111e-014	3.6117e-011	-2.0626e-014	8.1899e-006	
"01.07.2024 14:40:40.775"	8.6314e-011	-8.7819e-014	5.5039e-012	7.5140e-014	3.6885e-011	-2.1956e-014	8.1855e-006	
"01.07.2024 14:40:41.058"	8.4907e-011	-8.4807e-014	5.6214e-012	7.4864e-014	3.6555e-011	-2.2067e-014	8.1855e-006	
"01.07.2024 14:40:41.342"	8.5467e-011	-8.6221e-014	5.6894e-012	7.3836e-014	3.6098e-011	-2.9996e-014	8.1855e-006	
"01.07.2024 14:40:41.625"	8.6294e-011	-8.9159e-014	5.5045e-012	7.3365e-014	3.6824e-011	-2.6360e-014	8.1855e-006	
"01.07.2024 14:40:41.908"	8.5268e-011	-8.5548e-014	5.5775e-012	7.4879e-014	3.6828e-011	-2.3867e-014	8.1862e-006	
"01.07.2024 14:40:42.192"	8.5429e-011	-8.4095e-014	5.6812e-012	7.6006e-014	3.6058e-011	-2.3135e-014	8.1862e-006	
"01.07.2024 14:40:42.475"	8.6165e-011	-8.7545e-014	5.4907e-012	6.9973e-014	3.6720e-011	-3.3164e-014	8.1862e-006	
"01.07.2024 14:40:42.759"	8.5490e-011	-8.6636e-014	5.5837e-012	7.2571e-014	3.6970e-011	-2.2384e-014	8.1862e-006	
"01.07.2024 14:40:43.043"	8.5347e-011	-8.5758e-014	5.6837e-012	7.3385e-014	3.6037e-011	-1.8133e-014	8.1839e-006	
"01.07.2024 14:40:43.326"	8.6085e-011	-8.3785e-014	5.4907e-012	7.5447e-014	3.6694e-011	-2.8471e-014	8.1839e-006	
"01.07.2024 14:40:43.610"	8.5768e-011	-9.0808e-014	5.5724e-012	7.3295e-014	3.7197e-011	-2.2335e-014	8.1839e-006	
"01.07.2024 14:40:43.893"	8.5241e-011	-8.7303e-014	5.6699e-012	7.6787e-014	3.6008e-011	-2.1566e-014	8.1749e-006	
"01.07.2024 14:40:44.176"	8.6048e-011	-8.7759e-014	5.4855e-012	7.4720e-014	3.6625e-011	-2.5281e-014	8.1749e-006	
"01.07.2024 14:40:44.460"	8.6217e-011	-8.6336e-014	5.5765e-012	7.6805e-014	3.7199e-011	-2.6844e-014	8.1749e-006	
"01.07.2024 14:40:44.743"	8.5245e-011	-8.5057e-014	5.6633e-012	7.6463e-014	3.6013e-011	-2.3396e-014	8.1749e-006	
"01.07.2024 14:40:45.027"	8.6025e-011	-8.6425e-014	5.5014e-012	7.4429e-014	3.6583e-011	-2.3681e-014	8.1841e-006	
"01.07.2024 14:40:45.310"	8.6375e-011	-8.7647e-014	5.5709e-012	7.3209e-014	3.7310e-011	-2.5538e-014	8.1841e-006	
"01.07.2024 14:40:45.594"	8.5052e-011	-9.0193e-014	5.6572e-012	7.4574e-014	3.5967e-011	-2.0559e-014	8.1841e-006	
"01.07.2024 14:40:45.877"	8.5895e-011	-8.7211e-014	5.5193e-012	7.2729e-014	3.6499e-011	-2.5380e-014	8.1841e-006	
"01.07.2024 14:40:46.161"	8.6541e-011	-8.7184e-014	5.5622e-012	7.6551e-014	3.7297e-011	-2.4210e-014	8.1764e-006	
"01.07.2024 14:40:46.444"	8.4998e-011	-8.7713e-014	5.6470e-012	7.5446e-014	3.5988e-011	-2.3517e-014	8.1764e-006	
"01.07.2024 14:40:46.728"	8.5831e-011	-8.6254e-014	5.5336e-012	7.3268e-014	3.6461e-011	-1.9995e-014	8.1764e-006	
"01.07.2024 14:40:47.011"	8.6498e-011	-8.8265e-014	5.5285e-012	7.3454e-014	3.7231e-011	-2.6096e-014	8.1764e-006	
"01.07.2024 14:40:47.294"	8.4923e-011	-8.7120e-014	5.6408e-012	7.2132e-014	3.6043e-011	-2.0866e-014	8.1607e-006	
"01.07.2024 14:40:47.579"	8.5749e-011	-8.6511e-014	5.5882e-012	7.5042e-014	3.6426e-011	-1.9997e-014	8.1607e-006	
"01.07.2024 14:40:47.862"	8.6476e-011	-8.8945e-014	5.5408e-012	7.4178e-014	3.7170e-011	-3.0030e-014	8.1607e-006	
"01.07.2024 14:40:48.145"	8.4836e-011	-8.2694e-014	5.6286e-012	7.6379e-014	3.6063e-011	-1.6897e-014	8.1607e-006	
"01.07.2024 14:40:48.429"	8.5707e-011	-8.6293e-014	5.5949e-012	7.1555e-014	3.6377e-011	-2.7765e-014	8.1495e-006	
"01.07.2024 14:40:48.713"	8.6475e-011	-8.7576e-014	5.5229e-012	7.7681e-014	3.7104e-011	-3.0277e-014	8.1495e-006	
"01.07.2024 14:40:48.996"	8.4735e-011	-8.6847e-014	5.6220e-012	7.5643e-014	3.6229e-011	-1.8195e-014	8.1495e-006	
"01.07.2024 14:40:49.280"	8.5648e-011	-8.6506e-014	5.6368e-012	7.5778e-014	3.6371e-011	-2.1606e-014	8.1495e-006	
"01.07.2024 14:40:49.563"	8.6404e-011	-8.6730e-014	5.5202e-012	7.6585e-014	3.7092e-011	-2.7274e-014	8.1509e-006	
"01.07.2024 14:40:49.847"	8.4763e-011	-8.5244e-014	5.6311e-012	7.5845e-014	3.6231e-011	-1.8613e-014	8.1509e-006	
"01.07.2024 14:40:50.130"	8.5625e-011	-8.9040e-014	5.6567e-012	7.7268e-014	3.6224e-011	-2.3259e-014	8.1509e-006	
"01.07.2024 14:40:50.413"	8.6341e-011	-8.7089e-014	5.5126e-012	7.6732e-014	3.7055e-011	-2.5891e-014	8.1531e-006	
"01.07.2024 14:40:50.697"	8.4714e-011	-8.8689e-014	5.6158e-012	7.4410e-014	3.6553e-011	-1.7729e-014	8.1531e-006	
"01.07.2024 14:40:50.980"	8.5473e-011	-8.6729e-014	5.6915e-012	7.2561e-014	3.6221e-011	-2.2874e-014	8.1531e-006	
"01.07.2024 14:40:51.264"	8.6263e-011	-8.5766e-014	5.5024e-012	7.8076e-014	3.6956e-011	-2.6742e-014	8.1531e-006	
"01.07.2024 14:40:51.547"	8.4928e-011	-8.5209e-014	5.6067e-012	7.3135e-014	3.6695e-011	-1.7573e-014	8.1513e-006	
"01.07.2024 14:40:51.831"	8.5435e-011	-8.4138e-014	5.6838e-012	7.4888e-014	3.6156e-011	-1.8442e-014	8.1513e-006	
"01.07.2024 14:40:52.115"	8.6212e-011	-8.4751e-014	5.4943e-012	7.6165e-014	3.6869e-011	-2.4299e-014	8.1513e-006	
"01.07.2024 14:40:52.398"	8.5211e-011	-8.4711e-014	5.5877e-012	7.7810e-014	3.6886e-011	-2.2931e-014	8.1513e-006	
"01.07.2024 14:40:52.681"	8.5401e-011	-8.8276e-014	5.6802e-012	7.4821e-014	3.6124e-011	-2.0509e-014	8.1501e-006	
"01.07.2024 14:40:52.965"	8.6197e-011	-8.5155e-014	5.4825e-012	7.7027e-014	3.6861e-011	-2.4283e-014	8.1501e-006	
"01.07.2024 14:40:53.248"	8.5513e-011	-8.7709e-014	5.5862e-012	7.4950e-014	3.7069e-011	-2.0976e-014	8.1501e-006	
"01.07.2024 14:40:53.532"	8.5308e-011	-8.7053e-014	5.6786e-012	7.5192e-014	3.6110e-011	-2.0167e-014	8.1501e-006	
"01.07.2024 14:40:53.815"	8.6056e-011	-9.3110e-014	5.4881e-012	7.5067e-014	3.6808e-011	-2.7585e-014	8.1517e-006	
"01.07.2024 14:40:54.099"	8.5776e-011	-8.9403e-014	5.5775e-012	7.6554e-014	3.7256e-011	-2.2470e-014	8.1517e-006	
"01.07.2024 14:40:54.382"	8.5218e-011	-8.8295e-014	5.6766e-012	7.8107e-014	3.6098e-011	-2.3046e-014	8.1517e-006	
"01.07.2024 14:40:54.665"	8.5974e-011	-8.8392e-014	5.5121e-012	7.7142e-014	3.6716e-011	-2.4237e-014	8.1517e-006	
"01.07.2024 14:40:54.949"	8.6220e-011	-8.6816e-014	5.5703e-012	7.2939e-014	3.7302e-011	-2.4850e-014	8.1518e-006	
"01.07.2024 14:40:55.233"	8.5162e-011	-8.8851e-014	5.6674e-012	7.4864e-014	3.6017e-011	-2.4725e-014	8.1518e-006	
"01.07.2024 14:40:55.516"	8.5969e-011	-8.2297e-014	5.4907e-012	7.3944e-014	3.6682e-011	-2.6984e-014	8.1518e-006	
"01.07.2024 14:40:55.799"	8.6337e-011	-8.6741e-014	5.5515e-012	7.2180e-014	3.7347e-011	-2.4968e-014	8.1518e-006	
"01.07.2024 14:40:56.083"	8.5054e-011	-8.8079e-014	5.6551e-012	7.5182e-014	3.6055e-011	-1.9420e-014	8.1526e-006	
"01.07.2024 14:40:56.366"	8.5850e-011	-8.4432e-014	5.5014e-012	7.5549e-014	3.6608e-011	-2.4574e-014	8.1526e-006	
"01.07.2024 14:40:56.650"	8.6541e-011	-8.7492e-014	5.5382e-012	7.5850e-014	3.7356e-011	-2.8168e-014	8.1526e-006	
"01.07.2024 14:40:56.934"	8.4951e-011	-8.5765e-014	5.6372e-012	7.4565e-014	3.6054e-011	-2.3115e-014	8.1526e-006	
"01.07.2024 14:40:57.217"	8.5759e-011	-8.7651e-014	5.5597e-012	7.5575e-014	3.6540e-011	-2.6239e-014	8.1554e-006	
"01.07.2024 14:40:57.501"	8.6513e-011	-9.0946e-014	5.5336e-012	7.3715e-014	3.7302e-011	-3.1225e-014	8.1554e-006	
"01.07.2024 14:40:57.784"	8.4870e-011	-8.4202e-014	5.6357e-012	7.7620e-014	3.6127e-011	-2.0835e-014	8.1554e-006	
"01.07.2024 14:40:58.067"	8.5691e-011	-8.5238e-014	5.5954e-012	7.9698e-014	3.6466e-011	-2.1200e-014	8.1466e-006	
"01.07.2024 14:40:58.351"	8.6503e-011	-9.1778e-014	5.5280e-012	7.6183e-014	3.7211e-011	-2.8869e-014	8.1466e-006	
"01.07.2024 14:40:58.634"	8.4775e-011	-8.6901e-014	5.6189e-012	7.5388e-014	3.6148e-011	-1.8044e-014	8.1466e-006	
"01.07.2024 14:40:58.918"	8.5629e-011	-8.5256e-014	5.6194e-012	7.5944e-014	3.6408e-011	-2.0084e-014	8.1466e-006	
"01.07.2024 14:40:59.201"	8.6384e-011	-8.5166e-014	5.5356e-012	7.3190e-014	3.7101e-011	-2.4294e-014	8.1493e-006	
"01.07.2024 14:40:59.484"	8.4772e-011	-8.5163e-014	5.6087e-012	7.6187e-014	3.6248e-011	-1.8898e-014	8.1493e-006	
"01.07.2024 14:40:59.768"	8.5582e-011	-8.5700e-014	5.6306e-012	7.8381e-014	3.6391e-011	-2.8073e-014	8.1493e-006	
"01.07.2024 14:41:00.051"	8.6248e-011	-8.4590e-014	5.5285e-012	7.5448e-014	3.7120e-011	-2.9378e-014	8.1493e-006	
"01.07.2024 14:41:00.335"	8.4708e-011	-8.9745e-014	5.5898e-012	7.5202e-014	3.6411e-011	-2.3055e-014	8.1473e-006	
"01.07.2024 14:41:00.618"	8.5471e-011	-8.7137e-014	5.6771e-012	7.5918e-014	3.6286e-011	-1.9134e-014	8.1473e-006	
"01.07.2024 14:41:00.902"	8.6270e-011	-8.7732e-014	5.5101e-012	7.7530e-014	3.7030e-011	-3.0038e-014	8.1473e-006	
"01.07.2024 14:41:01.186"	8.4747e-011	-8.6733e-014	5.6169e-012	7.3637e-014	3.6548e-011	-2.3488e-014	8.1473e-006	
"01.07.2024 14:41:01.469"	8.5401e-011	-8.5265e-014	5.6817e-012	7.3617e-014	3.6293e-011	-2.2241e-014	8.1516e-006	
