"Spectra International Data File"
"[Scan Data (Pressures in mbar)]"
"Time"	"Mass 2"	"Mass 8"	"Mass 4"	"Mass 12"	"Mass 40"	"Mass 43"	"CirrusPressure"	
"20.10.2023 15:30:59.707"	1.0813e-011	7.5817e-014	2.7652e-013	3.4347e-014	1.9648e-012	7.4453e-014	1.1151e-005	
"20.10.2023 15:30:59.990"	1.0505e-011	7.7122e-014	2.6598e-013	3.2025e-014	1.8300e-012	6.9711e-014	1.1151e-005	
"20.10.2023 15:31:00.273"	1.0767e-011	7.5126e-014	2.6181e-013	3.0487e-014	1.8507e-012	7.3787e-014	1.1225e-005	
"20.10.2023 15:31:00.557"	1.0621e-011	7.8193e-014	2.6427e-013	3.1185e-014	1.8759e-012	7.4868e-014	1.1225e-005	
"20.10.2023 15:31:00.840"	1.0484e-011	7.7596e-014	2.6745e-013	3.1666e-014	1.8259e-012	7.4830e-014	1.1225e-005	
"20.10.2023 15:31:01.124"	1.0947e-011	7.3951e-014	2.7000e-013	3.1467e-014	1.8920e-012	7.1729e-014	1.1225e-005	
"20.10.2023 15:31:01.407"	1.0603e-011	7.6794e-014	2.6275e-013	3.0984e-014	1.8775e-012	7.4479e-014	1.1164e-005	
"20.10.2023 15:31:01.691"	1.0354e-011	7.8352e-014	2.6652e-013	3.0977e-014	1.8409e-012	7.4509e-014	1.1164e-005	
"20.10.2023 15:31:01.974"	1.0424e-011	7.7362e-014	2.6662e-013	3.1625e-014	1.8848e-012	7.3300e-014	1.1164e-005	
"20.10.2023 15:31:02.258"	1.0708e-011	7.5721e-014	2.7262e-013	3.2131e-014	1.9343e-012	7.6200e-014	1.1164e-005	
"20.10.2023 15:31:02.541"	1.0506e-011	7.7057e-014	2.6879e-013	3.2244e-014	1.8419e-012	7.3454e-014	1.1137e-005	
"20.10.2023 15:31:02.824"	1.0533e-011	7.6594e-014	2.6996e-013	3.2145e-014	1.9684e-012	7.6617e-014	1.1137e-005	
"20.10.2023 15:31:03.108"	1.0691e-011	7.5175e-014	2.6587e-013	3.1233e-014	1.8930e-012	7.3973e-014	1.1137e-005	
"20.10.2023 15:31:03.391"	1.0799e-011	7.3934e-014	2.8512e-013	3.4819e-014	1.9162e-012	7.6075e-014	1.1137e-005	
"20.10.2023 15:31:03.675"	1.0554e-011	7.5990e-014	2.7227e-013	3.1278e-014	1.8408e-012	7.4414e-014	1.1220e-005	
"20.10.2023 15:31:03.958"	1.0924e-011	7.4466e-014	2.5840e-013	3.0426e-014	1.4195e-012	7.4173e-014	1.1220e-005	
"20.10.2023 15:31:04.241"	1.1029e-011	7.3573e-014	2.8707e-013	3.6370e-014	9.3863e-013	7.1007e-014	1.1220e-005	
"20.10.2023 15:31:04.525"	1.1054e-011	7.3824e-014	2.9318e-013	3.7009e-014	6.5887e-013	6.8014e-014	1.1220e-005	
"20.10.2023 15:31:04.808"	1.1338e-011	7.1528e-014	3.0067e-013	3.9773e-014	5.6572e-013	9.2866e-014	1.1202e-005	
"20.10.2023 15:31:05.092"	1.1034e-011	7.4795e-014	2.9655e-013	3.8616e-014	4.3631e-013	7.6278e-014	1.1202e-005	
"20.10.2023 15:31:05.375"	1.1082e-011	7.2427e-014	3.0869e-013	4.1027e-014	3.9921e-013	6.7163e-014	1.1202e-005	
"20.10.2023 15:31:05.659"	1.1326e-011	7.1982e-014	3.1390e-013	4.3386e-014	3.4214e-013	5.0973e-014	1.1202e-005	
"20.10.2023 15:31:05.942"	1.1137e-011	7.3479e-014	3.2482e-013	4.5357e-014	3.0926e-013	4.1509e-014	1.1287e-005	
"20.10.2023 15:31:06.226"	1.1281e-011	7.2506e-014	3.3778e-013	4.9720e-014	2.7529e-013	3.3562e-014	1.1287e-005	
"20.10.2023 15:31:06.509"	1.1182e-011	7.2624e-014	3.2846e-013	4.5802e-014	2.4903e-013	2.7874e-014	1.1287e-005	
"20.10.2023 15:31:06.793"	1.1273e-011	7.3115e-014	3.3780e-013	4.8678e-014	2.3453e-013	2.4970e-014	1.1287e-005	
"20.10.2023 15:31:07.076"	1.1070e-011	7.3809e-014	3.3125e-013	4.7820e-014	2.0203e-013	2.0415e-014	1.1257e-005	
"20.10.2023 15:31:07.360"	1.1693e-011	6.9226e-014	3.2882e-013	4.6733e-014	1.9205e-013	1.8824e-014	1.1257e-005	
"20.10.2023 15:31:07.643"	1.1351e-011	7.2682e-014	3.2687e-013	4.5945e-014	1.7134e-013	1.6614e-014	1.1257e-005	
"20.10.2023 15:31:07.927"	1.1211e-011	7.2903e-014	3.3428e-013	4.7777e-014	1.5492e-013	1.4299e-014	1.1252e-005	
"20.10.2023 15:31:08.210"	1.1343e-011	7.2761e-014	3.3084e-013	4.6538e-014	1.4509e-013	1.3433e-014	1.1252e-005	
"20.10.2023 15:31:08.493"	1.1593e-011	7.0620e-014	3.2753e-013	4.6547e-014	1.3205e-013	1.2237e-014	1.1252e-005	
"20.10.2023 15:31:08.777"	1.1113e-011	7.1717e-014	3.2657e-013	4.6126e-014	1.2186e-013	1.0629e-014	1.1252e-005	
"20.10.2023 15:31:09.060"	1.1475e-011	7.0024e-014	3.3056e-013	4.6282e-014	1.0815e-013	9.8765e-015	1.1314e-005	
"20.10.2023 15:31:09.345"	1.1368e-011	7.1434e-014	3.2305e-013	4.4859e-014	9.9236e-014	8.8776e-015	1.1314e-005	
"20.10.2023 15:31:09.629"	1.1185e-011	7.3030e-014	3.2788e-013	4.5328e-014	9.0124e-014	7.7582e-015	1.1314e-005	
"20.10.2023 15:31:09.913"	1.1400e-011	7.0212e-014	3.3539e-013	4.8342e-014	8.9029e-014	7.8667e-015	1.1314e-005	
"20.10.2023 15:31:10.197"	1.1606e-011	7.1062e-014	3.2519e-013	4.5617e-014	7.7290e-014	6.6495e-015	1.1315e-005	
"20.10.2023 15:31:10.482"	1.1063e-011	7.3543e-014	3.2412e-013	4.5213e-014	6.9026e-014	6.0714e-015	1.1315e-005	
"20.10.2023 15:31:10.766"	1.1481e-011	7.0656e-014	3.3514e-013	4.7484e-014	6.4913e-014	5.5576e-015	1.1315e-005	
"20.10.2023 15:31:11.049"	1.1421e-011	7.2378e-014	3.2278e-013	4.4472e-014	5.8962e-014	5.2524e-015	1.1315e-005	
"20.10.2023 15:31:11.332"	1.1319e-011	7.0744e-014	3.3137e-013	4.7291e-014	5.4946e-014	4.6361e-015	1.1318e-005	
"20.10.2023 15:31:11.616"	1.1272e-011	7.2137e-014	3.2832e-013	4.6212e-014	4.9135e-014	4.3190e-015	1.1318e-005	
"20.10.2023 15:31:11.899"	1.1921e-011	6.7830e-014	3.2808e-013	4.6214e-014	4.7088e-014	4.1068e-015	1.1318e-005	
"20.10.2023 15:31:12.183"	1.1194e-011	7.2480e-014	3.2539e-013	4.5712e-014	4.1771e-014	3.6085e-015	1.1318e-005	
"20.10.2023 15:31:12.466"	1.1815e-011	6.9238e-014	3.4390e-013	4.9157e-014	3.8892e-014	3.3236e-015	1.1361e-005	
"20.10.2023 15:31:12.750"	1.1425e-011	7.0917e-014	3.2053e-013	4.3904e-014	3.5027e-014	3.2461e-015	1.1361e-005	
"20.10.2023 15:31:13.033"	1.1457e-011	7.2096e-014	3.3561e-013	4.8536e-014	3.3711e-014	2.9338e-015	1.1361e-005	
"20.10.2023 15:31:13.316"	1.1280e-011	7.2140e-014	3.2877e-013	4.6004e-014	2.9825e-014	2.7132e-015	1.1361e-005	
"20.10.2023 15:31:13.600"	1.2055e-011	6.6107e-014	3.3030e-013	4.7214e-014	2.9503e-014	2.5189e-015	1.1352e-005	
"20.10.2023 15:31:13.883"	1.1392e-011	7.2590e-014	3.2118e-013	4.4472e-014	2.6263e-014	2.2102e-015	1.1352e-005	
"20.10.2023 15:31:14.167"	1.1267e-011	7.2744e-014	3.2654e-013	4.5896e-014	2.4325e-014	2.0909e-015	1.1352e-005	
"20.10.2023 15:31:14.450"	1.1555e-011	7.0126e-014	3.2309e-013	4.4677e-014	2.2771e-014	1.9240e-015	1.1410e-005	
"20.10.2023 15:31:14.734"	1.1462e-011	7.1122e-014	3.2262e-013	4.5134e-014	2.0850e-014	1.8215e-015	1.1410e-005	
"20.10.2023 15:31:15.017"	1.1342e-011	7.1192e-014	3.2784e-013	4.6922e-014	1.8789e-014	1.6177e-015	1.1410e-005	
"20.10.2023 15:31:15.301"	1.1465e-011	7.1954e-014	3.2616e-013	4.5517e-014	1.8205e-014	1.5533e-015	1.1410e-005	
"20.10.2023 15:31:15.584"	1.1931e-011	6.7021e-014	3.4626e-013	5.1580e-014	1.8234e-014	1.5760e-015	1.1390e-005	
"20.10.2023 15:31:15.868"	1.1384e-011	7.1847e-014	3.3294e-013	4.7384e-014	1.5475e-014	1.3340e-015	1.1390e-005	
"20.10.2023 15:31:16.151"	1.1255e-011	7.2188e-014	3.2319e-013	4.4487e-014	1.4516e-014	1.2958e-015	1.1390e-005	
"20.10.2023 15:31:16.434"	1.1484e-011	7.0188e-014	3.1988e-013	4.3799e-014	1.3667e-014	1.1981e-015	1.1390e-005	
"20.10.2023 15:31:16.718"	1.1719e-011	6.8220e-014	3.5049e-013	5.1973e-014	1.2554e-014	1.3554e-015	1.1429e-005	
"20.10.2023 15:31:17.001"	1.1439e-011	7.1301e-014	3.2948e-013	4.5650e-014	1.1878e-014	1.2291e-015	1.1429e-005	
"20.10.2023 15:31:17.285"	1.1365e-011	7.2614e-014	3.2217e-013	4.4689e-014	1.1467e-014	9.4057e-016	1.1429e-005	
"20.10.2023 15:31:17.568"	1.1325e-011	7.2037e-014	3.3007e-013	4.6298e-014	1.0924e-014	8.0228e-016	1.1429e-005	
"20.10.2023 15:31:17.852"	1.1359e-011	7.1571e-014	3.2657e-013	4.6591e-014	1.0390e-014	9.6798e-016	1.1414e-005	
"20.10.2023 15:31:18.135"	1.1663e-011	6.9341e-014	3.2677e-013	4.5610e-014	9.6024e-015	8.1659e-016	1.1414e-005	
"20.10.2023 15:31:18.418"	1.1221e-011	7.2795e-014	3.2492e-013	4.4623e-014	9.0778e-015	6.1035e-016	1.1414e-005	
"20.10.2023 15:31:18.702"	1.1353e-011	7.1797e-014	3.3146e-013	4.6963e-014	8.6117e-015	7.7367e-016	1.1414e-005	
"20.10.2023 15:31:18.985"	1.1501e-011	7.0846e-014	3.3117e-013	4.8175e-014	8.9336e-015	9.4653e-016	1.1380e-005	
"20.10.2023 15:31:19.269"	1.1357e-011	7.1683e-014	3.2633e-013	4.5533e-014	8.1671e-015	6.5923e-016	1.1380e-005	
"20.10.2023 15:31:19.552"	1.1357e-011	7.1545e-014	3.3056e-013	4.6973e-014	7.9012e-015	8.1420e-016	1.1380e-005	
"20.10.2023 15:31:19.836"	1.1496e-011	6.9568e-014	3.1633e-013	4.4102e-014	7.4673e-015	8.2255e-016	1.1380e-005	
"20.10.2023 15:31:20.119"	1.1516e-011	7.2035e-014	3.3351e-013	4.7116e-014	7.4792e-015	6.7592e-016	1.1391e-005	
"20.10.2023 15:31:20.403"	1.1360e-011	7.1566e-014	3.2679e-013	4.6710e-014	6.9511e-015	6.1155e-016	1.1391e-005	
"20.10.2023 15:31:20.686"	1.1921e-011	6.7151e-014	3.2857e-013	4.6146e-014	6.7854e-015	6.1631e-016	1.1391e-005	
"20.10.2023 15:31:20.970"	1.1441e-011	7.2289e-014	3.2099e-013	4.4571e-014	6.4111e-015	5.3764e-016	1.1391e-005	
"20.10.2023 15:31:21.253"	1.1774e-011	6.7326e-014	3.4478e-013	5.1410e-014	6.3801e-015	5.6148e-016	1.1406e-005	
"20.10.2023 15:31:21.537"	1.1469e-011	7.0687e-014	3.2333e-013	4.4421e-014	5.7519e-015	3.1352e-016	1.1406e-005	
"20.10.2023 15:31:21.820"	1.1531e-011	7.0432e-014	3.3384e-013	4.7542e-014	6.0129e-015	6.1751e-016	1.1406e-005	
"20.10.2023 15:31:22.103"	1.1241e-011	7.1516e-014	3.2706e-013	4.5804e-014	5.5254e-015	6.3896e-016	1.1385e-005	
"20.10.2023 15:31:22.387"	1.1829e-011	6.8665e-014	3.4018e-013	4.8684e-014	5.7531e-015	4.2558e-016	1.1385e-005	
"20.10.2023 15:31:22.670"	1.1641e-011	6.8895e-014	3.2232e-013	4.4639e-014	5.4848e-015	5.3048e-016	1.1385e-005	
"20.10.2023 15:31:22.954"	1.1351e-011	7.1453e-014	3.3186e-013	4.7084e-014	5.7376e-015	5.6148e-016	1.1385e-005	
"20.10.2023 15:31:23.237"	1.1576e-011	7.0004e-014	3.3102e-013	4.5946e-014	5.3573e-015	5.3168e-016	1.1473e-005	
"20.10.2023 15:31:23.520"	1.1401e-011	7.0733e-014	3.2016e-013	4.4025e-014	4.8268e-015	5.1499e-016	1.1473e-005	
"20.10.2023 15:31:23.804"	1.1690e-011	6.8686e-014	3.4383e-013	5.0996e-014	5.2655e-015	6.3658e-016	1.1473e-005	
"20.10.2023 15:31:24.087"	1.1368e-011	7.1625e-014	3.2684e-013	4.5166e-014	4.7338e-015	4.9591e-016	1.1473e-005	
"20.10.2023 15:31:24.372"	1.1642e-011	6.9775e-014	3.3052e-013	4.6672e-014	5.0771e-015	7.0691e-016	1.1404e-005	
"20.10.2023 15:31:24.656"	1.1546e-011	7.0234e-014	3.3585e-013	4.7819e-014	4.8077e-015	5.3048e-016	1.1404e-005	
"20.10.2023 15:31:24.940"	1.1391e-011	7.0759e-014	3.3236e-013	4.6748e-014	4.7004e-015	2.3484e-016	1.1404e-005	
"20.10.2023 15:31:25.223"	1.1544e-011	7.0604e-014	3.3643e-013	4.9500e-014	4.7875e-015	5.9963e-016	1.1404e-005	
"20.10.2023 15:31:25.508"	1.1307e-011	7.1231e-014	3.3035e-013	4.6710e-014	4.5610e-015	4.7565e-016	1.1474e-005	
"20.10.2023 15:31:25.792"	1.1316e-011	7.2369e-014	3.2642e-013	4.5942e-014	4.7064e-015	4.3631e-016	1.1474e-005	
"20.10.2023 15:31:26.075"	1.1656e-011	6.9694e-014	3.2341e-013	4.5532e-014	4.6718e-015	3.8147e-016	1.1474e-005	
"20.10.2023 15:31:26.359"	1.1300e-011	7.2406e-014	3.2280e-013	4.5345e-014	4.5562e-015	4.0651e-016	1.1474e-005	
"20.10.2023 15:31:26.642"	1.1559e-011	6.9856e-014	3.3909e-013	4.8602e-014	4.2236e-015	5.1260e-016	1.1422e-005	
"20.10.2023 15:31:26.926"	1.1414e-011	7.1348e-014	3.1934e-013	4.3934e-014	4.2999e-015	3.7313e-016	1.1422e-005	
"20.10.2023 15:31:27.209"	1.1663e-011	7.0306e-014	3.3534e-013	4.8584e-014	4.6969e-015	4.9591e-016	1.1422e-005	
"20.10.2023 15:31:27.492"	1.1518e-011	6.9839e-014	3.3512e-013	4.8173e-014	4.6170e-015	3.4928e-016	1.1422e-005	
"20.10.2023 15:31:27.776"	1.1354e-011	7.0913e-014	3.2012e-013	4.3881e-014	4.1485e-015	4.3512e-016	1.1504e-005	
"20.10.2023 15:31:28.059"	1.1418e-011	7.2630e-014	3.2315e-013	4.4826e-014	4.2868e-015	3.4690e-016	1.1504e-005	
"20.10.2023 15:31:28.343"	1.1948e-011	6.7045e-014	3.5033e-013	5.2606e-014	4.5467e-015	5.5790e-016	1.1504e-005	
"20.10.2023 15:31:28.626"	1.1530e-011	6.9580e-014	3.2253e-013	4.4372e-014	4.1628e-015	5.2214e-016	1.1434e-005	
"20.10.2023 15:31:28.910"	1.1428e-011	7.1329e-014	3.2364e-013	4.5283e-014	4.3786e-015	3.9339e-016	1.1434e-005	
"20.10.2023 15:31:29.193"	1.1455e-011	7.0912e-014	3.3461e-013	4.7844e-014	4.1247e-015	4.4227e-016	1.1434e-005	
"20.10.2023 15:31:29.477"	1.1389e-011	7.0842e-014	3.2646e-013	4.5231e-014	4.3214e-015	5.5909e-016	1.1434e-005	
"20.10.2023 15:31:29.760"	1.1860e-011	6.8304e-014	3.4407e-013	5.0923e-014	4.6814e-015	4.8399e-016	1.1405e-005	
"20.10.2023 15:31:30.044"	1.1291e-011	7.1959e-014	3.2690e-013	4.6116e-014	4.2224e-015	4.8280e-016	1.1405e-005	
"20.10.2023 15:31:30.327"	1.1296e-011	7.1512e-014	3.2770e-013	4.5729e-014	4.2403e-015	3.1352e-016	1.1405e-005	
"20.10.2023 15:31:30.610"	1.1377e-011	7.0781e-014	3.2253e-013	4.4942e-014	4.0496e-015	4.0889e-016	1.1405e-005	
"20.10.2023 15:31:30.894"	1.1275e-011	7.2511e-014	3.2554e-013	4.6381e-014	4.0925e-015	3.6478e-016	1.1419e-005	
"20.10.2023 15:31:31.177"	1.1366e-011	7.1322e-014	3.3277e-013	4.7238e-014	4.3822e-015	4.5419e-016	1.1419e-005	
"20.10.2023 15:31:31.461"	1.1616e-011	7.0453e-014	3.2215e-013	4.5248e-014	4.1604e-015	4.8638e-016	1.1419e-005	
"20.10.2023 15:31:31.744"	1.1224e-011	7.2660e-014	3.2611e-013	4.5493e-014	3.9768e-015	5.8174e-016	1.1419e-005	
"20.10.2023 15:31:32.028"	1.1489e-011	7.0432e-014	3.3306e-013	4.8290e-014	3.9613e-015	3.6478e-016	1.1390e-005	
"20.10.2023 15:31:32.311"	1.1747e-011	6.7749e-014	3.3063e-013	4.6954e-014	4.0376e-015	3.0518e-016	1.1390e-005	
"20.10.2023 15:31:32.594"	1.1351e-011	7.1116e-014	3.2935e-013	4.5897e-014	4.1509e-015	3.1471e-016	1.1390e-005	
"20.10.2023 15:31:32.878"	1.1370e-011	7.2848e-014	3.2787e-013	4.6791e-014	4.1413e-015	3.7432e-016	1.1390e-005	
"20.10.2023 15:31:33.161"	1.1688e-011	6.9259e-014	3.2448e-013	4.5023e-014	4.1330e-015	3.3736e-016	1.1483e-005	
"20.10.2023 15:31:33.445"	1.1293e-011	7.2259e-014	3.2186e-013	4.4778e-014	3.9506e-015	3.6121e-016	1.1483e-005	
"20.10.2023 15:31:33.729"	1.1536e-011	6.9962e-014	3.3488e-013	4.8579e-014	3.8576e-015	3.9697e-016	1.1483e-005	
"20.10.2023 15:31:34.012"	1.1487e-011	7.0448e-014	3.2312e-013	4.4327e-014	4.0770e-015	3.2544e-016	1.1483e-005	
"20.10.2023 15:31:34.295"	1.1516e-011	7.1971e-014	3.2911e-013	4.6551e-014	4.0484e-015	3.0518e-016	1.1463e-005	
"20.10.2023 15:31:34.579"	1.1313e-011	7.0626e-014	3.2910e-013	4.6479e-014	3.9363e-015	3.1829e-016	1.1463e-005	
"20.10.2023 15:31:34.862"	1.1969e-011	6.6917e-014	3.2912e-013	4.6327e-014	4.1068e-015	4.7684e-016	1.1463e-005	
"20.10.2023 15:31:35.146"	1.1493e-011	7.2509e-014	3.2556e-013	4.5190e-014	4.0031e-015	4.0651e-016	1.1455e-005	
"20.10.2023 15:31:35.429"	1.1885e-011	6.8679e-014	3.4795e-013	5.1966e-014	4.1449e-015	4.9949e-016	1.1455e-005	
"20.10.2023 15:31:35.713"	1.1502e-011	7.0280e-014	3.2117e-013	4.4327e-014	3.9458e-015	4.6253e-016	1.1455e-005	
"20.10.2023 15:31:35.996"	1.1473e-011	7.0486e-014	3.2941e-013	4.6394e-014	3.8529e-015	4.1366e-016	1.1455e-005	
"20.10.2023 15:31:36.279"	1.1336e-011	7.1416e-014	3.2809e-013	4.6545e-014	3.9339e-015	3.8505e-016	1.1463e-005	
"20.10.2023 15:31:36.563"	1.1471e-011	6.9850e-014	3.3426e-013	4.7183e-014	4.1080e-015	4.4346e-016	1.1463e-005	
"20.10.2023 15:31:36.846"	1.1699e-011	6.9971e-014	3.2742e-013	4.5818e-014	3.8922e-015	3.6955e-016	1.1463e-005	
"20.10.2023 15:31:37.130"	1.1245e-011	7.2526e-014	3.2824e-013	4.5692e-014	3.8529e-015	4.6373e-016	1.1463e-005	
"20.10.2023 15:31:37.413"	1.1601e-011	6.9901e-014	3.3535e-013	4.8062e-014	4.0126e-015	3.6121e-016	1.1438e-005	
"20.10.2023 15:31:37.697"	1.2092e-011	6.6572e-014	3.4798e-013	5.1836e-014	4.1366e-015	5.4121e-016	1.1438e-005	
"20.10.2023 15:31:37.981"	1.1477e-011	7.1266e-014	3.3241e-013	4.7986e-014	3.9697e-015	3.4809e-016	1.1438e-005	
"20.10.2023 15:31:38.264"	1.1291e-011	7.0882e-014	3.2570e-013	4.5512e-014	3.7813e-015	4.9234e-016	1.1438e-005	
"20.10.2023 15:31:38.547"	1.1507e-011	6.9616e-014	3.1703e-013	4.4186e-014	3.9935e-015	5.3287e-016	1.1609e-005	
"20.10.2023 15:31:38.831"	1.1688e-011	6.8029e-014	3.4919e-013	5.1897e-014	4.0436e-015	4.6492e-016	1.1609e-005	
"20.10.2023 15:31:39.114"	1.1478e-011	7.0170e-014	3.3221e-013	4.7002e-014	3.7980e-015	3.5167e-016	1.1609e-005	
"20.10.2023 15:31:39.399"	1.1394e-011	7.1351e-014	3.2044e-013	4.4692e-014	3.7313e-015	4.4823e-016	1.1609e-005	
"20.10.2023 15:31:39.682"	1.1466e-011	7.0138e-014	3.3093e-013	4.7262e-014	3.9411e-015	3.9697e-016	1.1459e-005	
"20.10.2023 15:31:39.967"	1.1352e-011	7.2018e-014	3.3108e-013	4.6590e-014	3.9673e-015	3.8862e-016	1.1459e-005	
"20.10.2023 15:31:40.251"	1.1772e-011	6.8213e-014	3.3636e-013	4.8685e-014	4.1354e-015	5.4002e-016	1.1459e-005	
"20.10.2023 15:31:40.535"	1.1815e-011	6.8611e-014	3.4402e-013	5.1095e-014	4.0758e-015	3.8982e-016	1.1459e-005	
"20.10.2023 15:31:40.818"	1.1381e-011	7.1512e-014	3.2882e-013	4.7026e-014	3.7468e-015	5.2691e-016	1.1597e-005	
"20.10.2023 15:31:41.102"	1.1472e-011	7.1200e-014	3.3305e-013	4.8310e-014	4.0245e-015	3.2783e-016	1.1597e-005	
"20.10.2023 15:31:41.385"	1.1486e-011	7.0921e-014	3.2828e-013	4.6325e-014	3.9005e-015	4.7565e-016	1.1597e-005	
"20.10.2023 15:31:41.669"	1.1330e-011	7.1267e-014	3.3125e-013	4.6584e-014	3.7968e-015	5.4479e-016	1.1486e-005	
"20.10.2023 15:31:41.952"	1.1715e-011	6.9517e-014	3.2896e-013	4.5988e-014	3.9923e-015	4.5896e-016	1.1486e-005	
"20.10.2023 15:31:42.236"	1.1387e-011	7.2598e-014	3.2282e-013	4.5011e-014	4.0209e-015	3.5525e-016	1.1486e-005	
"20.10.2023 15:31:42.520"	1.1671e-011	6.9855e-014	3.4337e-013	5.0034e-014	3.9089e-015	3.9816e-016	1.1486e-005	
"20.10.2023 15:31:42.803"	1.1460e-011	7.0134e-014	3.2432e-013	4.4387e-014	3.8064e-015	3.4571e-016	1.1478e-005	
"20.10.2023 15:31:43.086"	1.1746e-011	6.9505e-014	3.3898e-013	4.9230e-014	4.0949e-015	4.5181e-016	1.1478e-005	
"20.10.2023 15:31:43.370"	1.1513e-011	7.0182e-014	3.3570e-013	4.8263e-014	3.7432e-015	4.3273e-016	1.1478e-005	
"20.10.2023 15:31:43.653"	1.1354e-011	7.1311e-014	3.2535e-013	4.4410e-014	3.7325e-015	3.9578e-016	1.1478e-005	
"20.10.2023 15:31:43.937"	1.1785e-011	7.1256e-014	3.2470e-013	4.6330e-014	3.8576e-015	4.2558e-016	1.1482e-005	
"20.10.2023 15:31:44.220"	1.1274e-011	7.1351e-014	3.2569e-013	4.5630e-014	3.8064e-015	4.6253e-016	1.1482e-005	
"20.10.2023 15:31:44.503"	1.1678e-011	7.0101e-014	3.3093e-013	4.6271e-014	4.0257e-015	3.0518e-016	1.1482e-005	
"20.10.2023 15:31:44.787"	1.1501e-011	7.1186e-014	3.2136e-013	4.4372e-014	3.8696e-015	3.7909e-016	1.1482e-005	
"20.10.2023 15:31:45.070"	1.1700e-011	6.7772e-014	3.4555e-013	5.1176e-014	3.9578e-015	4.3988e-016	1.1456e-005	
"20.10.2023 15:31:45.354"	1.1468e-011	7.0451e-014	3.2884e-013	4.5833e-014	3.6657e-015	3.0875e-016	1.1456e-005	
"20.10.2023 15:31:45.637"	1.1528e-011	7.0314e-014	3.3591e-013	4.8100e-014	3.9804e-015	5.0545e-016	1.1456e-005	
"20.10.2023 15:31:45.920"	1.1220e-011	7.3337e-014	3.2423e-013	4.6022e-014	3.7980e-015	4.8638e-016	1.1456e-005	
"20.10.2023 15:31:46.204"	1.2011e-011	6.8064e-014	3.4478e-013	4.9525e-014	4.0949e-015	2.8372e-016	1.1451e-005	
"20.10.2023 15:31:46.487"	1.1548e-011	7.0598e-014	3.2172e-013	4.4331e-014	3.7682e-015	5.1737e-016	1.1451e-005	
"20.10.2023 15:31:46.771"	1.1549e-011	6.9783e-014	3.4085e-013	5.0357e-014	3.8290e-015	3.0637e-016	1.1451e-005	
"20.10.2023 15:31:47.054"	1.1454e-011	7.1518e-014	3.2945e-013	4.7461e-014	3.6383e-015	3.9578e-016	1.1451e-005	
"20.10.2023 15:31:47.338"	1.1460e-011	7.0474e-014	3.2513e-013	4.5665e-014	3.6550e-015	3.3617e-016	1.1500e-005	
"20.10.2023 15:31:47.621"	1.1487e-011	7.0312e-014	3.3098e-013	4.7136e-014	3.8278e-015	5.1856e-016	1.1500e-005	
"20.10.2023 15:31:47.905"	1.1302e-011	7.2124e-014	3.3015e-013	4.6450e-014	3.6097e-015	3.3498e-016	1.1500e-005	
"20.10.2023 15:31:48.188"	1.1721e-011	6.9032e-014	3.2815e-013	4.6450e-014	3.6538e-015	4.0412e-016	1.1500e-005	
"20.10.2023 15:31:48.471"	1.1360e-011	7.2795e-014	3.2200e-013	4.4877e-014	3.6729e-015	4.8161e-016	1.1483e-005	
"20.10.2023 15:31:48.755"	1.1792e-011	6.8555e-014	3.4613e-013	5.0872e-014	3.8171e-015	3.5882e-016	1.1483e-005	
"20.10.2023 15:31:49.038"	1.1452e-011	7.1364e-014	3.1988e-013	4.4556e-014	3.8195e-015	4.6730e-016	1.1483e-005	
"20.10.2023 15:31:49.322"	1.1443e-011	7.1282e-014	3.2225e-013	4.5328e-014	3.7873e-015	3.4213e-016	1.1445e-005	
"20.10.2023 15:31:49.605"	1.1483e-011	7.0840e-014	3.3763e-013	4.7997e-014	3.5310e-015	3.8386e-016	1.1445e-005	
"20.10.2023 15:31:49.889"	1.2132e-011	6.5431e-014	3.5106e-013	5.1739e-014	4.2999e-015	3.3975e-016	1.1445e-005	
"20.10.2023 15:31:50.172"	1.1777e-011	7.1593e-014	3.3160e-013	4.7037e-014	3.8922e-015	3.8624e-016	1.1445e-005	
"20.10.2023 15:31:50.455"	1.1214e-011	7.2934e-014	3.2401e-013	4.5824e-014	3.7849e-015	3.8505e-016	1.1606e-005	
"20.10.2023 15:31:50.739"	1.1613e-011	6.9704e-014	3.3165e-013	4.6617e-014	3.9268e-015	4.3392e-016	1.1606e-005	
"20.10.2023 15:31:51.022"	1.1573e-011	7.0039e-014	3.2297e-013	4.5209e-014	3.7897e-015	4.3035e-016	1.1606e-005	
"20.10.2023 15:31:51.306"	1.1383e-011	7.1044e-014	3.3021e-013	4.7211e-014	3.6502e-015	2.0623e-016	1.1606e-005	
"20.10.2023 15:31:51.589"	1.1453e-011	7.1557e-014	3.3164e-013	4.6510e-014	3.9578e-015	3.9816e-016	1.1458e-005	
"20.10.2023 15:31:51.873"	1.1565e-011	6.9740e-014	3.2242e-013	4.5284e-014	3.7480e-015	2.5272e-016	1.1458e-005	
"20.10.2023 15:31:52.156"	1.1554e-011	6.9461e-014	3.3829e-013	4.9227e-014	3.5763e-015	3.0637e-016	1.1458e-005	
"20.10.2023 15:31:52.440"	1.1355e-011	7.0811e-014	3.2686e-013	4.5855e-014	3.6311e-015	3.8028e-016	1.1458e-005	
"20.10.2023 15:31:52.723"	1.1728e-011	6.9783e-014	3.2776e-013	4.5982e-014	3.7909e-015	4.3392e-016	1.1431e-005	
"20.10.2023 15:31:53.007"	1.1200e-011	7.2291e-014	3.2197e-013	4.5099e-014	3.5227e-015	4.2081e-016	1.1431e-005	
"20.10.2023 15:31:53.290"	1.1446e-011	7.0280e-014	3.3077e-013	4.7212e-014	3.7146e-015	1.9193e-016	1.1431e-005	
