"Spectra International Data File"
"[Scan Data (Pressures in mbar)]"
"Time"	"Mass 2"	"Mass 8"	"Mass 4"	"Mass 12"	"Mass 40"	"Mass 43"	"CirrusPressure"	
"20.10.2023 14:17:48.925"	8.1804e-012	9.0557e-014	4.4648e-013	8.1510e-014	2.9257e-012	7.1922e-014	9.2899e-006	
"20.10.2023 14:17:49.209"	8.1958e-012	9.0155e-014	4.5452e-013	8.2039e-014	2.8846e-012	7.5490e-014	9.2899e-006	
"20.10.2023 14:17:49.492"	8.2585e-012	9.0119e-014	4.4640e-013	8.0637e-014	2.9180e-012	7.1316e-014	9.2899e-006	
"20.10.2023 14:17:49.776"	8.2345e-012	9.1134e-014	4.4868e-013	8.1300e-014	2.9380e-012	7.3962e-014	9.2899e-006	
"20.10.2023 14:17:50.059"	8.1927e-012	8.9964e-014	4.5391e-013	8.1953e-014	2.8883e-012	7.5586e-014	9.2877e-006	
"20.10.2023 14:17:50.343"	8.2431e-012	8.9927e-014	4.4421e-013	8.0183e-014	2.9179e-012	7.4361e-014	9.2877e-006	
"20.10.2023 14:17:50.626"	8.2707e-012	9.0778e-014	4.4882e-013	8.1092e-014	2.9385e-012	7.2287e-014	9.2877e-006	
"20.10.2023 14:17:50.910"	8.1799e-012	8.9331e-014	4.5557e-013	8.2077e-014	2.8846e-012	7.2858e-014	9.2877e-006	
"20.10.2023 14:17:51.193"	8.2279e-012	8.9745e-014	4.4492e-013	8.0054e-014	2.9118e-012	7.2270e-014	9.2874e-006	
"20.10.2023 14:17:51.477"	8.2952e-012	9.0025e-014	4.5176e-013	8.0980e-014	2.9477e-012	7.4078e-014	9.2874e-006	
"20.10.2023 14:17:51.760"	8.1626e-012	9.0678e-014	4.5445e-013	8.1753e-014	2.8830e-012	7.4543e-014	9.2874e-006	
"20.10.2023 14:17:52.044"	8.2264e-012	9.0179e-014	4.4502e-013	8.0082e-014	2.9114e-012	7.3405e-014	9.2874e-006	
"20.10.2023 14:17:52.329"	8.2830e-012	8.9840e-014	4.5046e-013	7.9455e-014	2.9400e-012	7.4811e-014	9.2871e-006	
"20.10.2023 14:17:52.613"	8.1524e-012	9.0048e-014	4.5410e-013	8.1836e-014	2.8887e-012	7.4342e-014	9.2871e-006	
"20.10.2023 14:17:52.898"	8.2295e-012	8.9831e-014	4.4880e-013	8.0569e-014	2.9139e-012	7.4337e-014	9.2871e-006	
"20.10.2023 14:17:53.181"	8.2805e-012	8.8793e-014	4.4541e-013	8.1208e-014	2.9391e-012	7.3828e-014	9.2871e-006	
"20.10.2023 14:17:53.464"	8.1503e-012	9.0381e-014	4.5172e-013	8.1534e-014	2.8836e-012	7.1976e-014	9.2873e-006	
"20.10.2023 14:17:53.748"	8.2223e-012	9.0021e-014	4.5066e-013	8.1002e-014	2.9041e-012	7.4487e-014	9.2873e-006	
"20.10.2023 14:17:54.031"	8.2845e-012	8.9579e-014	4.4534e-013	8.0638e-014	2.9416e-012	7.7091e-014	9.2873e-006	
"20.10.2023 14:17:54.315"	8.1330e-012	9.0555e-014	4.5002e-013	8.1585e-014	2.8918e-012	7.5579e-014	9.2873e-006	
"20.10.2023 14:17:54.598"	8.2100e-012	9.0267e-014	4.4900e-013	8.1122e-014	2.8954e-012	7.2841e-014	9.2871e-006	
"20.10.2023 14:17:54.882"	8.2922e-012	8.9566e-014	4.4811e-013	8.0898e-014	2.9360e-012	7.4406e-014	9.2871e-006	
"20.10.2023 14:17:55.165"	8.1299e-012	9.0232e-014	4.5203e-013	8.1226e-014	2.9030e-012	7.1333e-014	9.2871e-006	
"20.10.2023 14:17:55.449"	8.1952e-012	9.0233e-014	4.5574e-013	8.1640e-014	2.8969e-012	7.4914e-014	9.2860e-006	
"20.10.2023 14:17:55.732"	8.2605e-012	9.0397e-014	4.4705e-013	8.0082e-014	2.9334e-012	6.9886e-014	9.2860e-006	
"20.10.2023 14:17:56.016"	8.1443e-012	9.0890e-014	4.4807e-013	8.1340e-014	2.9103e-012	7.3182e-014	9.2860e-006	
"20.10.2023 14:17:56.299"	8.1927e-012	8.9777e-014	4.5391e-013	8.1723e-014	2.8964e-012	7.3976e-014	9.2860e-006	
"20.10.2023 14:17:56.582"	8.2590e-012	8.9224e-014	4.4284e-013	8.0600e-014	2.9226e-012	7.2351e-014	9.2893e-006	
"20.10.2023 14:17:56.866"	8.1871e-012	9.1117e-014	4.4878e-013	8.1089e-014	2.9282e-012	7.2019e-014	9.2893e-006	
"20.10.2023 14:17:57.149"	8.1718e-012	9.0412e-014	4.5320e-013	8.1852e-014	2.8842e-012	7.5891e-014	9.2893e-006	
"20.10.2023 14:17:57.433"	8.2366e-012	8.9868e-014	4.4348e-013	7.9878e-014	2.9201e-012	7.4988e-014	9.2893e-006	
"20.10.2023 14:17:57.716"	8.2305e-012	9.0926e-014	4.4971e-013	8.1035e-014	2.9340e-012	7.3696e-014	9.2876e-006	
"20.10.2023 14:17:58.000"	8.1707e-012	8.9748e-014	4.5442e-013	8.2038e-014	2.8887e-012	7.4781e-014	9.2876e-006	
"20.10.2023 14:17:58.283"	8.2376e-012	9.0329e-014	4.4470e-013	8.0177e-014	2.9200e-012	7.4445e-014	9.2876e-006	
"20.10.2023 14:17:58.566"	8.3018e-012	9.0466e-014	4.5362e-013	8.1967e-014	2.7460e-012	7.2410e-014	9.2876e-006	
"20.10.2023 14:17:58.850"	8.4299e-012	8.9050e-014	4.7242e-013	8.4811e-014	2.0024e-012	7.3631e-014	9.2851e-006	
"20.10.2023 14:17:59.133"	8.7549e-012	8.7392e-014	4.8279e-013	8.5440e-014	1.4507e-012	7.1441e-014	9.2851e-006	
"20.10.2023 14:17:59.417"	8.9802e-012	8.6688e-014	4.9886e-013	8.7406e-014	1.1413e-012	7.2596e-014	9.2851e-006	
"20.10.2023 14:17:59.701"	8.8757e-012	8.6047e-014	5.1734e-013	8.8970e-014	9.0344e-013	7.1258e-014	9.2851e-006	
"20.10.2023 14:17:59.984"	9.0338e-012	8.5650e-014	5.2090e-013	8.8547e-014	7.7407e-013	7.0427e-014	9.3539e-006	
"20.10.2023 14:18:00.267"	9.1537e-012	8.5061e-014	5.2833e-013	8.9294e-014	6.8641e-013	7.0694e-014	9.3539e-006	
"20.10.2023 14:18:00.551"	8.9925e-012	8.6159e-014	5.3745e-013	9.0467e-014	5.9499e-013	6.9759e-014	9.3539e-006	
"20.10.2023 14:18:00.834"	9.1093e-012	8.5047e-014	5.4151e-013	9.0042e-014	5.3727e-013	9.0288e-014	9.3539e-006	
"20.10.2023 14:18:01.118"	9.1985e-012	8.4478e-014	5.3984e-013	9.0651e-014	4.8692e-013	8.5543e-014	9.3979e-006	
"20.10.2023 14:18:01.401"	9.0303e-012	8.5463e-014	5.5191e-013	9.1359e-014	4.3655e-013	7.5753e-014	9.3979e-006	
"20.10.2023 14:18:01.684"	9.1251e-012	8.5334e-014	5.6495e-013	9.1423e-014	3.9301e-013	6.5718e-014	9.3979e-006	
"20.10.2023 14:18:01.968"	9.2276e-012	8.4559e-014	5.6063e-013	9.2029e-014	3.6469e-013	5.7214e-014	9.3979e-006	
"20.10.2023 14:18:02.251"	9.0446e-012	8.5543e-014	5.7569e-013	9.2656e-014	3.2988e-013	4.6239e-014	9.3971e-006	
"20.10.2023 14:18:02.535"	9.1333e-012	8.5187e-014	5.8201e-013	9.2862e-014	2.9881e-013	3.8624e-014	9.3971e-006	
"20.10.2023 14:18:02.818"	9.2333e-012	8.3908e-014	5.7596e-013	9.2782e-014	2.7400e-013	3.3547e-014	9.3971e-006	
"20.10.2023 14:18:03.101"	9.1078e-012	8.5124e-014	5.8719e-013	9.3186e-014	2.5124e-013	2.8265e-014	9.3978e-006	
"20.10.2023 14:18:03.385"	9.1573e-012	8.4272e-014	5.9206e-013	6.7209e-014	2.2518e-013	2.3882e-014	9.3978e-006	
"20.10.2023 14:18:03.668"	9.2455e-012	8.3810e-014	5.7779e-013	9.2659e-014	2.0758e-013	2.1179e-014	9.3978e-006	
"20.10.2023 14:18:03.952"	9.1746e-012	8.5546e-014	5.8481e-013	9.3074e-014	1.9017e-013	1.8607e-014	9.3978e-006	
"20.10.2023 14:18:04.236"	9.1848e-012	8.4392e-014	5.9024e-013	9.3314e-014	1.7243e-013	1.6400e-014	9.3987e-006	
"20.10.2023 14:18:04.519"	9.2802e-012	8.4107e-014	5.7670e-013	9.2174e-014	1.5773e-013	1.4839e-014	9.3987e-006	
"20.10.2023 14:18:04.802"	9.2603e-012	8.5212e-014	5.7770e-013	9.2746e-014	1.4622e-013	1.3497e-014	9.3987e-006	
"20.10.2023 14:18:05.086"	9.2021e-012	8.4186e-014	5.8552e-013	9.3221e-014	1.3284e-013	1.2118e-014	9.3987e-006	
"20.10.2023 14:18:05.369"	9.2939e-012	8.4483e-014	5.6652e-013	9.2313e-014	1.2409e-013	1.0990e-014	9.4371e-006	
"20.10.2023 14:18:05.653"	9.3378e-012	8.4998e-014	5.8115e-013	9.2617e-014	1.1131e-013	1.0159e-014	9.4371e-006	
"20.10.2023 14:18:05.936"	9.2047e-012	8.2446e-014	5.8165e-013	9.3276e-014	1.0005e-013	8.9944e-015	9.4371e-006	
"20.10.2023 14:18:06.220"	9.2960e-012	8.3822e-014	5.6863e-013	9.2435e-014	9.4160e-014	8.4675e-015	9.4371e-006	
"20.10.2023 14:18:06.503"	9.3898e-012	8.3514e-014	5.7417e-013	9.2543e-014	8.8996e-014	7.8965e-015	9.4403e-006	
"20.10.2023 14:18:06.787"	9.2230e-012	8.4507e-014	5.7887e-013	9.2997e-014	7.9409e-014	7.0465e-015	9.4403e-006	
"20.10.2023 14:18:07.070"	9.3225e-012	8.3483e-014	5.7123e-013	9.2047e-014	7.4176e-014	6.3706e-015	9.4403e-006	
"20.10.2023 14:18:07.355"	9.4097e-012	8.3418e-014	5.7355e-013	9.2278e-014	6.9655e-014	5.9772e-015	9.4403e-006	
"20.10.2023 14:18:07.639"	9.2379e-012	8.4159e-014	5.8200e-013	9.3171e-014	6.3219e-014	5.5063e-015	9.4702e-006	
"20.10.2023 14:18:07.923"	9.3225e-012	8.4023e-014	5.7240e-013	9.2009e-014	5.9114e-014	5.1868e-015	9.4702e-006	
"20.10.2023 14:18:08.207"	9.4168e-012	8.3487e-014	5.7268e-013	9.2392e-014	5.5298e-014	4.7815e-015	9.4702e-006	
"20.10.2023 14:18:08.491"	9.2322e-012	8.4323e-014	5.7695e-013	9.2755e-014	5.0614e-014	4.4036e-015	9.4702e-006	
"20.10.2023 14:18:08.774"	9.3194e-012	8.3924e-014	5.7573e-013	9.1732e-014	4.7292e-014	3.9494e-015	9.4751e-006	
"20.10.2023 14:18:09.057"	9.4061e-012	8.3404e-014	5.7106e-013	9.2335e-014	4.4785e-014	3.8159e-015	9.4751e-006	
"20.10.2023 14:18:09.341"	9.2169e-012	8.4577e-014	5.7976e-013	9.2591e-014	4.0884e-014	3.6550e-015	9.4751e-006	
"20.10.2023 14:18:09.624"	9.3098e-012	8.4497e-014	5.7834e-013	9.2243e-014	3.8649e-014	3.3677e-015	9.4742e-006	
"20.10.2023 14:18:09.908"	9.3975e-012	8.3391e-014	5.7050e-013	9.2018e-014	3.6427e-014	3.3951e-015	9.4742e-006	
"20.10.2023 14:18:10.191"	9.2073e-012	8.4724e-014	5.7426e-013	9.2208e-014	3.3760e-014	2.7824e-015	9.4742e-006	
"20.10.2023 14:18:10.474"	9.3082e-012	8.3994e-014	5.8171e-013	9.2339e-014	3.1729e-014	2.8300e-015	9.4742e-006	
"20.10.2023 14:18:10.758"	9.4077e-012	8.3899e-014	5.6846e-013	9.2063e-014	3.0388e-014	2.8336e-015	9.4731e-006	
"20.10.2023 14:18:11.041"	9.2476e-012	8.4240e-014	5.7563e-013	9.2466e-014	2.8618e-014	2.5106e-015	9.4731e-006	
"20.10.2023 14:18:11.325"	9.3057e-012	8.3664e-014	5.8187e-013	9.2817e-014	2.6758e-014	2.1660e-015	9.4731e-006	
"20.10.2023 14:18:11.608"	9.3919e-012	8.3833e-014	5.6813e-013	9.2020e-014	2.6387e-014	2.3067e-015	9.4731e-006	
"20.10.2023 14:18:11.891"	9.2945e-012	8.4590e-014	5.7277e-013	9.2503e-014	2.4742e-014	2.2519e-015	9.4714e-006	
"20.10.2023 14:18:12.175"	9.2965e-012	8.4135e-014	5.8291e-013	9.3141e-014	2.3325e-014	1.8978e-015	9.4714e-006	
"20.10.2023 14:18:12.458"	9.3781e-012	8.4002e-014	5.6512e-013	9.1702e-014	2.2518e-014	2.1792e-015	9.4714e-006	
"20.10.2023 14:18:12.742"	9.3546e-012	8.4671e-014	5.7132e-013	9.2494e-014	2.1741e-014	1.9038e-015	9.4714e-006	
"20.10.2023 14:18:13.026"	9.2848e-012	8.4052e-014	5.8005e-013	9.2680e-014	2.0158e-014	1.7762e-015	9.4744e-006	
"20.10.2023 14:18:13.309"	9.3669e-012	8.2870e-014	5.6626e-013	9.1777e-014	1.9786e-014	1.8323e-015	9.4744e-006	
"20.10.2023 14:18:13.593"	9.4015e-012	8.5351e-014	5.7029e-013	9.2174e-014	1.9350e-014	1.6916e-015	9.4744e-006	
"20.10.2023 14:18:13.876"	9.2787e-012	8.3820e-014	5.7860e-013	9.2813e-014	1.8088e-014	1.5426e-015	9.4744e-006	
"20.10.2023 14:18:14.159"	9.3582e-012	8.3789e-014	5.6683e-013	9.1702e-014	1.7831e-014	1.6379e-015	9.4928e-006	
"20.10.2023 14:18:14.443"	9.4352e-012	8.3964e-014	5.7021e-013	9.2262e-014	1.7487e-014	1.5092e-015	9.4928e-006	
"20.10.2023 14:18:14.726"	9.2684e-012	8.3940e-014	5.7484e-013	9.2669e-014	1.6466e-014	1.3173e-015	9.4928e-006	
"20.10.2023 14:18:15.010"	9.3440e-012	8.3869e-014	5.7153e-013	9.1831e-014	1.6276e-014	1.4043e-015	9.4928e-006	
"20.10.2023 14:18:15.293"	9.4454e-012	8.3017e-014	5.6951e-013	9.1929e-014	1.5596e-014	1.3793e-015	9.5098e-006	
"20.10.2023 14:18:15.577"	9.2480e-012	8.4159e-014	5.7937e-013	9.2779e-014	1.5265e-014	1.3673e-015	9.5098e-006	
"20.10.2023 14:18:15.860"	9.3485e-012	8.3542e-014	5.7334e-013	9.2107e-014	1.4918e-014	1.4246e-015	9.5098e-006	
"20.10.2023 14:18:16.143"	9.4286e-012	8.2734e-014	5.6630e-013	9.2172e-014	1.4750e-014	1.3387e-015	9.5098e-006	
"20.10.2023 14:18:16.427"	9.2261e-012	8.4471e-014	5.7890e-013	9.2521e-014	1.4393e-014	1.2982e-015	9.5098e-006	
"20.10.2023 14:18:16.710"	9.3358e-012	8.3777e-014	5.8047e-013	9.2144e-014	1.4231e-014	1.3399e-015	9.5098e-006	
"20.10.2023 14:18:16.994"	9.4387e-012	8.3548e-014	5.6919e-013	9.1715e-014	1.3783e-014	1.2922e-015	9.5098e-006	
"20.10.2023 14:18:17.277"	9.2159e-012	8.4355e-014	5.7309e-013	9.2488e-014	1.3654e-014	1.2887e-015	9.5129e-006	
"20.10.2023 14:18:17.561"	9.3250e-012	8.3657e-014	5.7763e-013	9.2123e-014	1.3342e-014	1.2159e-015	9.5129e-006	
"20.10.2023 14:18:17.844"	9.4255e-012	8.3242e-014	5.6578e-013	9.2171e-014	1.3356e-014	1.2767e-015	9.5129e-006	
"20.10.2023 14:18:18.128"	9.2286e-012	8.4272e-014	5.7128e-013	9.2514e-014	1.3056e-014	1.0991e-015	9.5129e-006	
"20.10.2023 14:18:18.411"	9.3006e-012	8.3913e-014	5.8147e-013	9.2670e-014	1.2724e-014	1.2112e-015	9.5061e-006	
"20.10.2023 14:18:18.695"	9.4087e-012	8.3220e-014	5.6708e-013	9.1618e-014	1.2989e-014	1.2255e-015	9.5061e-006	
"20.10.2023 14:18:18.978"	9.2776e-012	8.4125e-014	5.7145e-013	9.2254e-014	1.2362e-014	1.1373e-015	9.5061e-006	
"20.10.2023 14:18:19.261"	9.3011e-012	8.4101e-014	5.7914e-013	9.2709e-014	1.2307e-014	1.1110e-015	9.5061e-006	
"20.10.2023 14:18:19.545"	9.3945e-012	8.3626e-014	5.6239e-013	9.1951e-014	1.2150e-014	1.0777e-015	9.5092e-006	
"20.10.2023 14:18:19.828"	9.3368e-012	8.4268e-014	5.6913e-013	9.2268e-014	1.2217e-014	1.0705e-015	9.5092e-006	
"20.10.2023 14:18:20.112"	9.2889e-012	8.4064e-014	5.8022e-013	9.2905e-014	1.1823e-014	1.0431e-015	9.5092e-006	
"20.10.2023 14:18:20.395"	9.3867e-012	8.3855e-014	5.6427e-013	9.1844e-014	1.2165e-014	1.2255e-015	9.5092e-006	
"20.10.2023 14:18:20.678"	9.3765e-012	8.3908e-014	5.7278e-013	9.2527e-014	1.1911e-014	1.1003e-015	9.5106e-006	
"20.10.2023 14:18:20.962"	9.2822e-012	8.4179e-014	5.7742e-013	9.2794e-014	1.1667e-014	9.6441e-016	9.5106e-006	
"20.10.2023 14:18:21.246"	9.3715e-012	8.3696e-014	5.6344e-013	9.2080e-014	1.1466e-014	1.1587e-015	9.5106e-006	
"20.10.2023 14:18:21.530"	9.4143e-012	8.4492e-014	5.7017e-013	9.2383e-014	1.1933e-014	1.0490e-015	9.5106e-006	
"20.10.2023 14:18:21.813"	9.2817e-012	8.4627e-014	5.8186e-013	9.2825e-014	1.1721e-014	9.1076e-016	9.5072e-006	
"20.10.2023 14:18:22.097"	9.3766e-012	8.3673e-014	5.6780e-013	9.1627e-014	1.1485e-014	1.0455e-015	9.5072e-006	
"20.10.2023 14:18:22.382"	9.4240e-012	8.2970e-014	5.6637e-013	9.2234e-014	1.1517e-014	9.5606e-016	9.5072e-006	
"20.10.2023 14:18:22.666"	9.2751e-012	8.4188e-014	5.7628e-013	9.2869e-014	1.1073e-014	1.0943e-015	9.5072e-006	
"20.10.2023 14:18:22.949"	9.3552e-012	8.3473e-014	5.6827e-013	9.1500e-014	1.1345e-014	1.0681e-015	9.5089e-006	
"20.10.2023 14:18:23.233"	9.4540e-012	8.3689e-014	5.6616e-013	9.2280e-014	1.1391e-014	1.1957e-015	9.5089e-006	
"20.10.2023 14:18:23.516"	9.2639e-012	8.4407e-014	5.7788e-013	9.3042e-014	1.1178e-014	1.1575e-015	9.5089e-006	
"20.10.2023 14:18:23.800"	9.3460e-012	8.3868e-014	5.7070e-013	9.1644e-014	1.1033e-014	9.7990e-016	9.5099e-006	
"20.10.2023 14:18:24.083"	9.4383e-012	8.4271e-014	5.6998e-013	9.2428e-014	1.1270e-014	1.0026e-015	9.5099e-006	
"20.10.2023 14:18:24.367"	9.2598e-012	8.4427e-014	5.7749e-013	9.2792e-014	1.0846e-014	1.1122e-015	9.5099e-006	
"20.10.2023 14:18:24.650"	9.3419e-012	8.3508e-014	5.7728e-013	9.1768e-014	1.1301e-014	1.0860e-015	9.5099e-006	
"20.10.2023 14:18:24.933"	9.4295e-012	8.3384e-014	5.6817e-013	9.2012e-014	1.1179e-014	1.0026e-015	9.5103e-006	
"20.10.2023 14:18:25.217"	9.2404e-012	8.4274e-014	5.7393e-013	9.2385e-014	1.0923e-014	8.6904e-016	9.5103e-006	
"20.10.2023 14:18:25.500"	9.3220e-012	8.4502e-014	5.8035e-013	9.1898e-014	1.1181e-014	1.2350e-015	9.5103e-006	
"20.10.2023 14:18:25.784"	9.4235e-012	8.3895e-014	5.7028e-013	9.2149e-014	1.0941e-014	9.1792e-016	9.5103e-006	
"20.10.2023 14:18:26.067"	9.2246e-012	8.4894e-014	5.7735e-013	9.2427e-014	1.0970e-014	9.3461e-016	9.5073e-006	
"20.10.2023 14:18:26.351"	9.3250e-012	8.4231e-014	5.8162e-013	9.2363e-014	1.0846e-014	1.0657e-015	9.5073e-006	
"20.10.2023 14:18:26.634"	9.4148e-012	8.3304e-014	5.6672e-013	9.1992e-014	1.0940e-014	9.7514e-016	9.5073e-006	
"20.10.2023 14:18:26.918"	9.2389e-012	8.4464e-014	5.7534e-013	9.2403e-014	1.0725e-014	1.0598e-015	9.5073e-006	
"20.10.2023 14:18:27.201"	9.3128e-012	8.3577e-014	5.7888e-013	9.2709e-014	1.0688e-014	1.0395e-015	9.5113e-006	
"20.10.2023 14:18:27.485"	9.3990e-012	8.3226e-014	5.7058e-013	9.2241e-014	1.1053e-014	1.1897e-015	9.5113e-006	
"20.10.2023 14:18:27.768"	9.2878e-012	8.4533e-014	5.7442e-013	9.2254e-014	1.0712e-014	9.6202e-016	9.5113e-006	
"20.10.2023 14:18:28.051"	9.3067e-012	8.4135e-014	5.8100e-013	9.2574e-014	1.0837e-014	9.6560e-016	9.5113e-006	
"20.10.2023 14:18:28.335"	9.4016e-012	8.3441e-014	5.6996e-013	9.2029e-014	1.0606e-014	8.9407e-016	9.5089e-006	
"20.10.2023 14:18:28.618"	9.3306e-012	8.4945e-014	5.7223e-013	9.2318e-014	1.0769e-014	9.3461e-016	9.5089e-006	
"20.10.2023 14:18:28.902"	9.2898e-012	8.4274e-014	5.7613e-013	9.2887e-014	1.0724e-014	1.0204e-015	9.5089e-006	
"20.10.2023 14:18:29.185"	9.3847e-012	8.3769e-014	5.6672e-013	9.1967e-014	1.0561e-014	1.1456e-015	9.5089e-006	
"20.10.2023 14:18:29.469"	9.3888e-012	8.5496e-014	5.7389e-013	9.2229e-014	1.0684e-014	9.5129e-016	9.5150e-006	
"20.10.2023 14:18:29.752"	9.2710e-012	8.4098e-014	5.7720e-013	9.2639e-014	1.0746e-014	9.8110e-016	9.5150e-006	
"20.10.2023 14:18:30.036"	9.3761e-012	8.3019e-014	5.6329e-013	9.2075e-014	1.0707e-014	1.0455e-015	9.5150e-006	
"20.10.2023 14:18:30.319"	9.4342e-012	8.4780e-014	5.7044e-013	9.2115e-014	1.0662e-014	1.0991e-015	9.5146e-006	
"20.10.2023 14:18:30.602"	9.2654e-012	8.3783e-014	5.7779e-013	9.2997e-014	1.0438e-014	1.1122e-015	9.5146e-006	
"20.10.2023 14:18:30.886"	9.3745e-012	8.3490e-014	5.6699e-013	9.1855e-014	1.0444e-014	1.1969e-015	9.5146e-006	
"20.10.2023 14:18:31.170"	9.4485e-012	8.2734e-014	5.7128e-013	9.2363e-014	1.0610e-014	9.8825e-016	9.5146e-006	
"20.10.2023 14:18:31.453"	9.2649e-012	8.3933e-014	5.7870e-013	9.2884e-014	1.0421e-014	1.0431e-015	9.5164e-006	
"20.10.2023 14:18:31.737"	9.3571e-012	8.4562e-014	5.7110e-013	9.1833e-014	1.0507e-014	1.0431e-015	9.5164e-006	
"20.10.2023 14:18:32.020"	9.4464e-012	8.2503e-014	5.7086e-013	9.2295e-014	1.0889e-014	1.0777e-015	9.5164e-006	
"20.10.2023 14:18:32.303"	9.2598e-012	8.4608e-014	5.7791e-013	9.2668e-014	1.0483e-014	9.2864e-016	9.5164e-006	
"20.10.2023 14:18:32.587"	9.3485e-012	8.3726e-014	5.6954e-013	9.1875e-014	1.0445e-014	8.9169e-016	9.5353e-006	
"20.10.2023 14:18:32.870"	9.4470e-012	8.3875e-014	5.6829e-013	9.2290e-014	1.0579e-014	9.7752e-016	9.5353e-006	
"20.10.2023 14:18:33.153"	9.2491e-012	8.3988e-014	5.7738e-013	9.2452e-014	1.0359e-014	1.0026e-015	9.5353e-006	
"20.10.2023 14:18:33.437"	9.3353e-012	8.3689e-014	5.7985e-013	9.2307e-014	1.0498e-014	1.0431e-015	9.5353e-006	
"20.10.2023 14:18:33.720"	9.4281e-012	8.2839e-014	5.6805e-013	9.2231e-014	1.0781e-014	1.0514e-015	9.5368e-006	
"20.10.2023 14:18:34.004"	9.2246e-012	8.4242e-014	5.7477e-013	9.2699e-014	1.0539e-014	1.0896e-015	9.5368e-006	
"20.10.2023 14:18:34.287"	9.3307e-012	8.3129e-014	5.8240e-013	9.2378e-014	1.0402e-014	1.0300e-015	9.5368e-006	
"20.10.2023 14:18:34.571"	9.4240e-012	8.3282e-014	5.7018e-013	9.2092e-014	1.0154e-014	1.0479e-015	9.5368e-006	
"20.10.2023 14:18:34.854"	9.2547e-012	8.4031e-014	5.7336e-013	9.2590e-014	1.0443e-014	9.4057e-016	9.5170e-006	
"20.10.2023 14:18:35.138"	9.3138e-012	8.3312e-014	5.8234e-013	9.2806e-014	1.0345e-014	9.2268e-016	9.5170e-006	
"20.10.2023 14:18:35.421"	9.4062e-012	8.3537e-014	5.6633e-013	9.1834e-014	1.0675e-014	1.0800e-015	9.5170e-006	
"20.10.2023 14:18:35.705"	9.2975e-012	8.4821e-014	5.7584e-013	9.2518e-014	1.0304e-014	1.0157e-015	9.5170e-006	
"20.10.2023 14:18:35.988"	9.3164e-012	8.4258e-014	5.8315e-013	9.2880e-014	1.0334e-014	8.7619e-016	9.5122e-006	
"20.10.2023 14:18:36.273"	9.4041e-012	8.3415e-014	5.6545e-013	9.2018e-014	1.0197e-014	9.4414e-016	9.5122e-006	
"20.10.2023 14:18:36.557"	9.3230e-012	8.4699e-014	5.7244e-013	9.2586e-014	1.0002e-014	9.3103e-016	9.5122e-006	
"20.10.2023 14:18:36.841"	9.3077e-012	8.3698e-014	5.7619e-013	9.2570e-014	1.0072e-014	1.0252e-015	9.5122e-006	
"20.10.2023 14:18:37.124"	9.3995e-012	8.2939e-014	5.6800e-013	9.1936e-014	1.0251e-014	7.3791e-016	9.5379e-006	
"20.10.2023 14:18:37.410"	9.3317e-012	8.4670e-014	5.7244e-013	9.2540e-014	1.0448e-014	1.0121e-015	9.5379e-006	
"20.10.2023 14:18:37.693"	9.3041e-012	8.3934e-014	5.8140e-013	9.2875e-014	1.0370e-014	9.9898e-016	9.5379e-006	
"20.10.2023 14:18:37.977"	9.3822e-012	8.3579e-014	5.6494e-013	9.2013e-014	1.0421e-014	1.0514e-015	9.5406e-006	
"20.10.2023 14:18:38.260"	9.3796e-012	8.4302e-014	5.7441e-013	9.2512e-014	1.0250e-014	7.8202e-016	9.5406e-006	
"20.10.2023 14:18:38.544"	9.2731e-012	8.3710e-014	5.7889e-013	9.2836e-014	1.0105e-014	9.9779e-016	9.5406e-006	
"20.10.2023 14:18:38.827"	9.3796e-012	8.3065e-014	5.6817e-013	9.1993e-014	1.0281e-014	1.0872e-015	9.5406e-006	
"20.10.2023 14:18:39.110"	9.4382e-012	8.4474e-014	5.7016e-013	9.2098e-014	1.0400e-014	1.0383e-015	9.5445e-006	
"20.10.2023 14:18:39.394"	9.2772e-012	8.4888e-014	5.7761e-013	9.2835e-014	1.0139e-014	1.0824e-015	9.5445e-006	
"20.10.2023 14:18:39.677"	9.3715e-012	8.3170e-014	5.6692e-013	9.1763e-014	1.0204e-014	8.1540e-016	9.5445e-006	
"20.10.2023 14:18:39.961"	9.4526e-012	8.3126e-014	5.6923e-013	9.2130e-014	1.0494e-014	9.9540e-016	9.5445e-006	
"20.10.2023 14:18:40.245"	9.2690e-012	8.4474e-014	5.7738e-013	9.2092e-014	1.0097e-014	8.6546e-016	9.5393e-006	
"20.10.2023 14:18:40.528"	9.3562e-012	8.3039e-014	5.7068e-013	9.1774e-014	1.0328e-014	9.5368e-016	9.5393e-006	
"20.10.2023 14:18:40.811"	9.4454e-012	8.2636e-014	5.6915e-013	9.2143e-014	1.0274e-014	9.5606e-016	9.5393e-006	
"20.10.2023 14:18:41.095"	9.2450e-012	8.4138e-014	5.7776e-013	9.2845e-014	1.0074e-014	9.2864e-016	9.5393e-006	
"20.10.2023 14:18:41.378"	9.3465e-012	8.3673e-014	5.7404e-013	9.1852e-014	1.0314e-014	1.0991e-015	9.5459e-006	
"20.10.2023 14:18:41.662"	9.4362e-012	8.2807e-014	5.6602e-013	9.1893e-014	1.0073e-014	8.4162e-016	9.5459e-006	
"20.10.2023 14:18:41.945"	9.2302e-012	8.3958e-014	5.7384e-013	9.2602e-014	1.0046e-014	1.0979e-015	9.5459e-006	
"20.10.2023 14:18:42.229"	9.3342e-012	8.4054e-014	5.7966e-013	9.1824e-014	9.8706e-015	1.0204e-015	9.5459e-006	
"20.10.2023 14:18:42.512"	9.4362e-012	8.3212e-014	5.6882e-013	9.1992e-014	1.0072e-014	1.0800e-015	9.5482e-006	
"20.10.2023 14:18:42.796"	9.2262e-012	8.3914e-014	5.7623e-013	9.2619e-014	1.0105e-014	9.0838e-016	9.5482e-006	
"20.10.2023 14:18:43.079"	9.3480e-012	8.3757e-014	5.8530e-013	9.2041e-014	1.0164e-014	1.2112e-015	9.5482e-006	
"20.10.2023 14:18:43.362"	9.4184e-012	8.3343e-014	5.6913e-013	9.1922e-014	1.0223e-014	8.4043e-016	9.5482e-006	
"20.10.2023 14:18:43.646"	9.2710e-012	8.4175e-014	5.7376e-013	9.2507e-014	1.0304e-014	9.8348e-016	9.5507e-006	
"20.10.2023 14:18:43.929"	9.3128e-012	8.3954e-014	5.8246e-013	9.2855e-014	1.0052e-014	9.3103e-016	9.5507e-006	
"20.10.2023 14:18:44.213"	9.4057e-012	8.4074e-014	5.6748e-013	9.1985e-014	9.9397e-015	9.6560e-016	9.5507e-006	
"20.10.2023 14:18:44.496"	9.3291e-012	8.4492e-014	5.7443e-013	9.2508e-014	1.0083e-014	9.4533e-016	9.5492e-006	
"20.10.2023 14:18:44.780"	9.3022e-012	8.3895e-014	5.7816e-013	9.2824e-014	9.8622e-015	9.9659e-016	9.5492e-006	
"20.10.2023 14:18:45.063"	9.3934e-012	8.4299e-014	5.6581e-013	9.1955e-014	9.9290e-015	7.8440e-016	9.5492e-006	
"20.10.2023 14:18:45.347"	9.3720e-012	8.4476e-014	5.7081e-013	9.2465e-014	1.0161e-014	9.0123e-016	9.5492e-006	
"20.10.2023 14:18:45.630"	9.3088e-012	8.3930e-014	5.7791e-013	9.2832e-014	9.5773e-015	9.7514e-016	9.5501e-006	
"20.10.2023 14:18:45.914"	9.3995e-012	8.3582e-014	5.6453e-013	9.2224e-014	9.6107e-015	8.1063e-016	9.5501e-006	
"20.10.2023 14:18:46.197"	9.4255e-012	8.3850e-014	5.7133e-013	9.2349e-014	9.9111e-015	8.6785e-016	9.5501e-006	
"20.10.2023 14:18:46.480"	9.2848e-012	8.4960e-014	5.8085e-013	9.2637e-014	9.7239e-015	9.4533e-016	9.5501e-006	
"20.10.2023 14:18:46.764"	9.3756e-012	8.3244e-014	5.7066e-013	9.1663e-014	9.8610e-015	9.4414e-016	9.5387e-006	
"20.10.2023 14:18:47.047"	9.4658e-012	8.3390e-014	5.7161e-013	9.2236e-014	9.9457e-015	8.2493e-016	9.5387e-006	
