"Spectra International Data File"
"[Scan Data (Pressures in mbar)]"
"Time"	"Mass 2"	"Mass 8"	"Mass 4"	"Mass 12"	"Mass 40"	"Mass 43"	"CirrusPressure"	
"20.10.2023 11:33:15.775"	1.0725e-011	7.5842e-014	6.4127e-013	7.0053e-014	3.3116e-015	3.9339e-016	9.5822e-006	
"20.10.2023 11:33:16.060"	1.0783e-011	7.7973e-014	6.4643e-013	6.9814e-014	3.4022e-015	3.5286e-016	9.5822e-006	
"20.10.2023 11:33:16.344"	1.0640e-011	7.6897e-014	6.5550e-013	7.0431e-014	3.1364e-015	4.5777e-016	9.5822e-006	
"20.10.2023 11:33:16.627"	1.0714e-011	7.6125e-014	6.4359e-013	6.8554e-014	3.0661e-015	2.5511e-016	9.5847e-006	
"20.10.2023 11:33:16.912"	1.0803e-011	7.6743e-014	6.4811e-013	7.0194e-014	3.3367e-015	4.4942e-016	9.5847e-006	
"20.10.2023 11:33:17.195"	1.0646e-011	7.6486e-014	6.5288e-013	6.8779e-014	3.2258e-015	2.6703e-016	9.5847e-006	
"20.10.2023 11:33:17.479"	1.0711e-011	7.6752e-014	6.4085e-013	7.1311e-014	3.0625e-015	3.2663e-016	9.5847e-006	
"20.10.2023 11:33:17.762"	1.0794e-011	7.7197e-014	6.4583e-013	7.0619e-014	3.3999e-015	2.4080e-016	9.5853e-006	
"20.10.2023 11:33:18.046"	1.0614e-011	7.7778e-014	6.5089e-013	6.8637e-014	3.1006e-015	2.3961e-016	9.5853e-006	
"20.10.2023 11:33:18.329"	1.0707e-011	7.6300e-014	6.4961e-013	6.9155e-014	3.1901e-015	3.2663e-016	9.5853e-006	
"20.10.2023 11:33:18.612"	1.0776e-011	7.5971e-014	6.4061e-013	6.8480e-014	3.2270e-015	3.3736e-016	9.5853e-006	
"20.10.2023 11:33:18.896"	1.0605e-011	7.7234e-014	6.5044e-013	6.8308e-014	3.2604e-015	4.4108e-016	9.5853e-006	
"20.10.2023 11:33:19.180"	1.0693e-011	7.6527e-014	6.5041e-013	6.7849e-014	3.2628e-015	5.0068e-016	9.5853e-006	
"20.10.2023 11:33:19.463"	1.0760e-011	7.6826e-014	6.4266e-013	7.0073e-014	3.2973e-015	4.8280e-016	9.5853e-006	
"20.10.2023 11:33:19.746"	1.0575e-011	7.7898e-014	6.4959e-013	6.9883e-014	3.3486e-015	3.0279e-016	9.5853e-006	
"20.10.2023 11:33:20.030"	1.0683e-011	7.7112e-014	6.5577e-013	7.0914e-014	3.3534e-015	4.3392e-016	9.5853e-006	
"20.10.2023 11:33:20.313"	1.0753e-011	7.6436e-014	6.3762e-013	6.9569e-014	3.2687e-015	3.1471e-016	9.5853e-006	
"20.10.2023 11:33:20.597"	1.0605e-011	7.7222e-014	6.4789e-013	6.9304e-014	3.3403e-015	1.6809e-016	9.5853e-006	
"20.10.2023 11:33:20.880"	1.0686e-011	7.7168e-014	6.5797e-013	7.1436e-014	3.2401e-015	4.8042e-016	9.5850e-006	
"20.10.2023 11:33:21.164"	1.0744e-011	7.6592e-014	6.4256e-013	7.0543e-014	3.4416e-015	3.1948e-016	9.5850e-006	
"20.10.2023 11:33:21.447"	1.0680e-011	7.7690e-014	6.5060e-013	7.1584e-014	3.2246e-015	2.1100e-016	9.5850e-006	
"20.10.2023 11:33:21.730"	1.0668e-011	7.7510e-014	6.5592e-013	7.0649e-014	3.2401e-015	4.5419e-016	9.5850e-006	
"20.10.2023 11:33:22.014"	1.0744e-011	7.6418e-014	6.4018e-013	6.7303e-014	3.2234e-015	4.2081e-016	9.5838e-006	
"20.10.2023 11:33:22.297"	1.0733e-011	7.7377e-014	6.4658e-013	7.0548e-014	3.3140e-015	3.8147e-016	9.5838e-006	
"20.10.2023 11:33:22.581"	1.0663e-011	7.7474e-014	6.5456e-013	7.1418e-014	3.1090e-015	4.6015e-016	9.5838e-006	
"20.10.2023 11:33:22.864"	1.0733e-011	7.6105e-014	6.4237e-013	7.1280e-014	3.2759e-015	4.1604e-016	9.5838e-006	
"20.10.2023 11:33:23.147"	1.0780e-011	7.8476e-014	6.4814e-013	7.1792e-014	3.0875e-015	3.2783e-016	9.5818e-006	
"20.10.2023 11:33:23.431"	1.0637e-011	7.7713e-014	6.5753e-013	6.8399e-014	3.1197e-015	4.4823e-016	9.5818e-006	
"20.10.2023 11:33:23.715"	1.0720e-011	7.6388e-014	6.4220e-013	6.9335e-014	3.1305e-015	4.5538e-016	9.5818e-006	
"20.10.2023 11:33:23.998"	1.0800e-011	7.6644e-014	6.4583e-013	6.8015e-014	3.2175e-015	5.3525e-016	9.5818e-006	
"20.10.2023 11:33:24.282"	1.0636e-011	7.6614e-014	6.5413e-013	7.0222e-014	3.2938e-015	3.2902e-016	9.5805e-006	
"20.10.2023 11:33:24.565"	1.0714e-011	7.6009e-014	6.4898e-013	7.1923e-014	3.1817e-015	5.5313e-016	9.5805e-006	
"20.10.2023 11:33:24.848"	1.0780e-011	7.6337e-014	6.4635e-013	7.2217e-014	3.4154e-015	3.8147e-016	9.5805e-006	
"20.10.2023 11:33:25.132"	1.0608e-011	7.7156e-014	6.5197e-013	7.0257e-014	3.3307e-015	2.6107e-016	9.5868e-006	
"20.10.2023 11:33:25.415"	1.0705e-011	7.7653e-014	6.5394e-013	6.9650e-014	3.2449e-015	2.4915e-016	9.5868e-006	
"20.10.2023 11:33:25.699"	1.0760e-011	7.5950e-014	6.4244e-013	6.9829e-014	3.2675e-015	4.9711e-016	9.5868e-006	
"20.10.2023 11:33:25.982"	1.0591e-011	7.7711e-014	6.4998e-013	7.2390e-014	3.3450e-015	3.5167e-016	9.5868e-006	
"20.10.2023 11:33:26.266"	1.0692e-011	7.6350e-014	6.5480e-013	6.6958e-014	3.1519e-015	3.4571e-016	9.5834e-006	
"20.10.2023 11:33:26.549"	1.0758e-011	7.6317e-014	6.4170e-013	7.0559e-014	3.3498e-015	2.7537e-016	9.5834e-006	
"20.10.2023 11:33:26.832"	1.0606e-011	7.7216e-014	6.5184e-013	6.6593e-014	3.2985e-015	2.9087e-016	9.5834e-006	
"20.10.2023 11:33:27.116"	1.0680e-011	7.6931e-014	6.5844e-013	7.0465e-014	3.0708e-015	3.7670e-016	9.5834e-006	
"20.10.2023 11:33:27.399"	1.0763e-011	7.6301e-014	6.3893e-013	7.0373e-014	2.9695e-015	3.6478e-016	9.5844e-006	
"20.10.2023 11:33:27.683"	1.0644e-011	7.6653e-014	6.5057e-013	6.9215e-014	3.2580e-015	3.7432e-016	9.5844e-006	
"20.10.2023 11:33:27.967"	1.0659e-011	7.7116e-014	6.5343e-013	7.0273e-014	3.2258e-015	3.3379e-016	9.5844e-006	
"20.10.2023 11:33:28.250"	1.0752e-011	7.6788e-014	6.4261e-013	7.0949e-014	3.3593e-015	3.9220e-016	9.5844e-006	
"20.10.2023 11:33:28.533"	1.0689e-011	7.7818e-014	6.5090e-013	7.1273e-014	3.3748e-015	3.5167e-016	9.5810e-006	
"20.10.2023 11:33:28.817"	1.0640e-011	7.6714e-014	6.5399e-013	6.7712e-014	3.1734e-015	3.5882e-016	9.5810e-006	
"20.10.2023 11:33:29.100"	1.0740e-011	7.6336e-014	6.4141e-013	6.7886e-014	3.3760e-015	4.8757e-016	9.5810e-006	
"20.10.2023 11:33:29.384"	1.0583e-011	7.8578e-014	6.1510e-013	6.5195e-014	7.1940e-013	7.0118e-014	9.5810e-006	
"20.10.2023 11:33:29.667"	1.0123e-011	8.0743e-014	5.8692e-013	6.6947e-014	1.5111e-012	7.4394e-014	9.5849e-006	
"20.10.2023 11:33:29.951"	1.0014e-011	8.0806e-014	5.6195e-013	9.3028e-014	1.9618e-012	7.2047e-014	9.5849e-006	
"20.10.2023 11:33:30.234"	9.9445e-012	8.1575e-014	5.5512e-013	9.2633e-014	2.2350e-012	7.4993e-014	9.5849e-006	
"20.10.2023 11:33:30.517"	9.7619e-012	8.2573e-014	5.5315e-013	9.2571e-014	2.3545e-012	7.5459e-014	9.5849e-006	
"20.10.2023 11:33:30.801"	9.7951e-012	8.2099e-014	5.4011e-013	9.1672e-014	2.5006e-012	7.8501e-014	9.5354e-006	
"20.10.2023 11:33:31.085"	9.8185e-012	8.2492e-014	5.3715e-013	9.1644e-014	2.6142e-012	7.2981e-014	9.5354e-006	
"20.10.2023 11:33:31.369"	9.6513e-012	8.3400e-014	5.3469e-013	9.1249e-014	2.6501e-012	7.1973e-014	9.5354e-006	
"20.10.2023 11:33:31.652"	9.6967e-012	8.1652e-014	5.3447e-013	9.0502e-014	2.7354e-012	7.4111e-014	9.5354e-006	
"20.10.2023 11:33:31.936"	9.7161e-012	8.2959e-014	5.2704e-013	9.0241e-014	2.8145e-012	7.5175e-014	9.5329e-006	
"20.10.2023 11:33:32.219"	9.5671e-012	8.3075e-014	5.2827e-013	9.0591e-014	2.8211e-012	7.4682e-014	9.5329e-006	
"20.10.2023 11:33:32.504"	9.6202e-012	8.3019e-014	5.2976e-013	8.9946e-014	2.8827e-012	7.4615e-014	9.5329e-006	
"20.10.2023 11:33:32.787"	9.6538e-012	8.3737e-014	5.1923e-013	8.9654e-014	2.9520e-012	7.4998e-014	9.5108e-006	
"20.10.2023 11:33:33.070"	9.4993e-012	8.4695e-014	5.2178e-013	9.0027e-014	2.9515e-012	7.7658e-014	9.5108e-006	
"20.10.2023 11:33:33.354"	9.5467e-012	8.3583e-014	5.2679e-013	8.9846e-014	2.9941e-012	7.2047e-014	9.5108e-006	
"20.10.2023 11:33:33.637"	9.5788e-012	8.2692e-014	5.1530e-013	8.9156e-014	3.0520e-012	7.5951e-014	9.5108e-006	
"20.10.2023 11:33:33.921"	9.4458e-012	8.4744e-014	5.1784e-013	8.9900e-014	3.0526e-012	7.4998e-014	9.4909e-006	
"20.10.2023 11:33:34.204"	9.5008e-012	8.3845e-014	5.2358e-013	8.9449e-014	3.0777e-012	7.5317e-014	9.4909e-006	
"20.10.2023 11:33:34.488"	9.5386e-012	8.4124e-014	5.0938e-013	8.8926e-014	3.1192e-012	7.4381e-014	9.4909e-006	
"20.10.2023 11:33:34.771"	9.4478e-012	8.3924e-014	5.1305e-013	8.8721e-014	3.1387e-012	7.3417e-014	9.4909e-006	
"20.10.2023 11:33:35.054"	9.4605e-012	8.4676e-014	5.1671e-013	8.9423e-014	3.1264e-012	7.3797e-014	9.4679e-006	
"20.10.2023 11:33:35.338"	9.4993e-012	8.4185e-014	5.1025e-013	8.8749e-014	3.1761e-012	7.4692e-014	9.4679e-006	
"20.10.2023 11:33:35.621"	9.4590e-012	8.4632e-014	5.1375e-013	8.8904e-014	3.2038e-012	7.4266e-014	9.4679e-006	
"20.10.2023 11:33:35.905"	9.4208e-012	8.4949e-014	5.1247e-013	8.9251e-014	3.1757e-012	7.3900e-014	9.4679e-006	
"20.10.2023 11:33:36.188"	9.4652e-012	8.4727e-014	5.0434e-013	8.8135e-014	3.2213e-012	7.3212e-014	9.4645e-006	
"20.10.2023 11:33:36.472"	9.4840e-012	8.5087e-014	5.0981e-013	8.8362e-014	3.2597e-012	7.7174e-014	9.4645e-006	
"20.10.2023 11:33:36.755"	9.3836e-012	8.5150e-014	5.1336e-013	8.8762e-014	3.2064e-012	7.3806e-014	9.4645e-006	
"20.10.2023 11:33:37.039"	9.4498e-012	8.5158e-014	5.0551e-013	8.8168e-014	3.2566e-012	7.5367e-014	9.4645e-006	
"20.10.2023 11:33:37.322"	9.4876e-012	8.5234e-014	5.0664e-013	8.8435e-014	3.2812e-012	7.2038e-014	9.4351e-006	
"20.10.2023 11:33:37.606"	9.3780e-012	8.5311e-014	5.1457e-013	8.8894e-014	3.2274e-012	7.4189e-014	9.4351e-006	
"20.10.2023 11:33:37.889"	9.4142e-012	8.5270e-014	5.0574e-013	8.8057e-014	3.2659e-012	7.3683e-014	9.4351e-006	
"20.10.2023 11:33:38.173"	9.4784e-012	8.4525e-014	5.0618e-013	8.8423e-014	3.2971e-012	7.3103e-014	9.4351e-006	
"20.10.2023 11:33:38.456"	9.3412e-012	8.4371e-014	5.1186e-013	8.8584e-014	3.2535e-012	7.5243e-014	9.4329e-006	
"20.10.2023 11:33:38.739"	9.4198e-012	8.4950e-014	5.0816e-013	8.7952e-014	3.2894e-012	7.7303e-014	9.4329e-006	
"20.10.2023 11:33:39.023"	9.4534e-012	8.4532e-014	5.0453e-013	8.7816e-014	3.2997e-012	7.6783e-014	9.4329e-006	
"20.10.2023 11:33:39.306"	9.3341e-012	8.4632e-014	5.0701e-013	8.8506e-014	3.2715e-012	7.5258e-014	9.4350e-006	
"20.10.2023 11:33:39.590"	9.3897e-012	8.4404e-014	5.1058e-013	8.7977e-014	3.2823e-012	7.5259e-014	9.4350e-006	
"20.10.2023 11:33:39.873"	9.4396e-012	8.4443e-014	4.9921e-013	8.7896e-014	3.3243e-012	7.2393e-014	9.4350e-006	
"20.10.2023 11:33:40.156"	9.3172e-012	8.5390e-014	5.0827e-013	8.8470e-014	3.2945e-012	7.5889e-014	9.4350e-006	
"20.10.2023 11:33:40.440"	9.3774e-012	8.4401e-014	5.1089e-013	8.8754e-014	3.2935e-012	7.2186e-014	9.4319e-006	
"20.10.2023 11:33:40.723"	9.4320e-012	8.4274e-014	4.9812e-013	8.8126e-014	3.3289e-012	7.3644e-014	9.4319e-006	
"20.10.2023 11:33:41.007"	9.3397e-012	8.5963e-014	5.0630e-013	8.8312e-014	3.3197e-012	7.3674e-014	9.4319e-006	
"20.10.2023 11:33:41.290"	9.3642e-012	8.5370e-014	5.1224e-013	8.8842e-014	3.2935e-012	7.1523e-014	9.4319e-006	
"20.10.2023 11:33:41.574"	9.4223e-012	8.4484e-014	5.0216e-013	8.7827e-014	3.3361e-012	7.1586e-014	9.4151e-006	
"20.10.2023 11:33:41.858"	9.3545e-012	8.5421e-014	5.0523e-013	8.7895e-014	3.3346e-012	7.3106e-014	9.4151e-006	
"20.10.2023 11:33:42.141"	9.3652e-012	8.4544e-014	5.0988e-013	8.8606e-014	3.2956e-012	7.4692e-014	9.4151e-006	
"20.10.2023 11:33:42.424"	9.4223e-012	8.4004e-014	5.0074e-013	8.7890e-014	3.3407e-012	7.5517e-014	9.4151e-006	
"20.10.2023 11:33:42.708"	9.4091e-012	8.5568e-014	5.0543e-013	8.8313e-014	3.3556e-012	7.2026e-014	9.3981e-006	
"20.10.2023 11:33:42.991"	9.3453e-012	8.5129e-014	5.0335e-013	8.8419e-014	3.3079e-012	7.6697e-014	9.3981e-006	
"20.10.2023 11:33:43.275"	9.4095e-012	8.4668e-014	5.0188e-013	8.7901e-014	3.3366e-012	7.6084e-014	9.3981e-006	
"20.10.2023 11:33:43.558"	9.4453e-012	8.4713e-014	5.0597e-013	8.8044e-014	3.3648e-012	7.3151e-014	9.3981e-006	
"20.10.2023 11:33:43.841"	9.3387e-012	8.4674e-014	5.0926e-013	8.8613e-014	3.3043e-012	7.6099e-014	9.3973e-006	
"20.10.2023 11:33:44.125"	9.4039e-012	8.4955e-014	5.0198e-013	8.7548e-014	3.3283e-012	7.4978e-014	9.3973e-006	
"20.10.2023 11:33:44.408"	9.4519e-012	8.4694e-014	5.0450e-013	8.7930e-014	3.3597e-012	7.3289e-014	9.3973e-006	
"20.10.2023 11:33:44.692"	9.3295e-012	8.5278e-014	5.0631e-013	8.8172e-014	3.3054e-012	7.5616e-014	9.3973e-006	
"20.10.2023 11:33:44.975"	9.3769e-012	8.5172e-014	5.0422e-013	8.5686e-014	3.3274e-012	7.3420e-014	9.3936e-006	
"20.10.2023 11:33:45.260"	9.4391e-012	8.4769e-014	5.0327e-013	8.7887e-014	3.3668e-012	7.5161e-014	9.3936e-006	
"20.10.2023 11:33:45.543"	9.3004e-012	8.4153e-014	5.0787e-013	8.8300e-014	3.3059e-012	7.6260e-014	9.3936e-006	
"20.10.2023 11:33:45.826"	9.3825e-012	8.4231e-014	5.0491e-013	8.7692e-014	3.3355e-012	7.1404e-014	9.3936e-006	
"20.10.2023 11:33:46.110"	9.4432e-012	8.4905e-014	5.0437e-013	8.6797e-014	3.3658e-012	7.5106e-014	9.3941e-006	
"20.10.2023 11:33:46.395"	9.3142e-012	8.5521e-014	5.0471e-013	8.8243e-014	3.3104e-012	7.6235e-014	9.3941e-006	
"20.10.2023 11:33:46.678"	9.3560e-012	8.4401e-014	5.0679e-013	8.8044e-014	3.3300e-012	7.7596e-014	9.3941e-006	
"20.10.2023 11:33:46.962"	9.4407e-012	8.4690e-014	5.0746e-013	8.7965e-014	3.3714e-012	7.7349e-014	9.3920e-006	
"20.10.2023 11:33:47.245"	9.2846e-012	8.5307e-014	5.0655e-013	8.8486e-014	3.3171e-012	7.1560e-014	9.3920e-006	
"20.10.2023 11:33:47.529"	9.3647e-012	8.5395e-014	5.0912e-013	8.8485e-014	3.3227e-012	7.3183e-014	9.3920e-006	
"20.10.2023 11:33:47.812"	9.4106e-012	8.5180e-014	5.0004e-013	8.7611e-014	3.3617e-012	7.3387e-014	9.3920e-006	
"20.10.2023 11:33:48.096"	9.3331e-012	8.4949e-014	5.0646e-013	8.8188e-014	3.3382e-012	7.5566e-014	9.3921e-006	
"20.10.2023 11:33:48.379"	9.3489e-012	8.4713e-014	5.0307e-013	8.8513e-014	3.3166e-012	7.4015e-014	9.3921e-006	
"20.10.2023 11:33:48.662"	9.4110e-012	8.5121e-014	5.0115e-013	8.7333e-014	3.3468e-012	7.3476e-014	9.3921e-006	
"20.10.2023 11:33:48.946"	9.3652e-012	8.4501e-014	5.0231e-013	8.8063e-014	3.3642e-012	7.3939e-014	9.3921e-006	
"20.10.2023 11:33:49.229"	9.3581e-012	8.5457e-014	5.0617e-013	8.8339e-014	3.3202e-012	7.6430e-014	9.3833e-006	
"20.10.2023 11:33:49.513"	9.4055e-012	8.4614e-014	5.0235e-013	8.7841e-014	3.3519e-012	7.6005e-014	9.3833e-006	
"20.10.2023 11:33:49.796"	9.4085e-012	8.6124e-014	5.0457e-013	8.8059e-014	3.3653e-012	7.4538e-014	9.3833e-006	
"20.10.2023 11:33:50.080"	9.3499e-012	8.4813e-014	5.0744e-013	8.8829e-014	3.3094e-012	7.4622e-014	9.3833e-006	
"20.10.2023 11:33:50.363"	9.4024e-012	8.5433e-014	5.0218e-013	8.7772e-014	3.3422e-012	7.3382e-014	9.3827e-006	
"20.10.2023 11:33:50.647"	9.4356e-012	8.4992e-014	5.0749e-013	8.8001e-014	3.3709e-012	7.5547e-014	9.3827e-006	
"20.10.2023 11:33:50.930"	9.3300e-012	8.5065e-014	5.0706e-013	8.8579e-014	3.3105e-012	7.6172e-014	9.3827e-006	
"20.10.2023 11:33:51.214"	9.3830e-012	8.4558e-014	5.0271e-013	8.7820e-014	3.3428e-012	7.7560e-014	9.3827e-006	
"20.10.2023 11:33:51.497"	9.4274e-012	8.4716e-014	5.0296e-013	8.7848e-014	3.3694e-012	7.4651e-014	9.3642e-006	
"20.10.2023 11:33:51.781"	9.3259e-012	8.5258e-014	5.0496e-013	8.8412e-014	3.3171e-012	7.5882e-014	9.3642e-006	
"20.10.2023 11:33:52.064"	9.4019e-012	8.5315e-014	5.0797e-013	8.7649e-014	3.3284e-012	7.4068e-014	9.3642e-006	
"20.10.2023 11:33:52.347"	9.4193e-012	8.4801e-014	5.0206e-013	8.7897e-014	3.3597e-012	7.1616e-014	9.3642e-006	
"20.10.2023 11:33:52.631"	9.3101e-012	8.5111e-014	5.0771e-013	8.8402e-014	3.3141e-012	7.6037e-014	9.3595e-006	
"20.10.2023 11:33:52.914"	9.3739e-012	8.5181e-014	5.0976e-013	8.7653e-014	3.3340e-012	7.4553e-014	9.3595e-006	
"20.10.2023 11:33:53.198"	9.4208e-012	8.4719e-014	5.0019e-013	8.7654e-014	3.3510e-012	7.6198e-014	9.3595e-006	
"20.10.2023 11:33:53.481"	9.2948e-012	8.5054e-014	5.0947e-013	8.7735e-014	3.3227e-012	7.4588e-014	9.3719e-006	
"20.10.2023 11:33:53.765"	9.3688e-012	8.5326e-014	5.0511e-013	8.8389e-014	3.3248e-012	7.3409e-014	9.3719e-006	
"20.10.2023 11:33:54.048"	9.4192e-012	8.5028e-014	5.0072e-013	8.7710e-014	3.3571e-012	7.3517e-014	9.3719e-006	
"20.10.2023 11:33:54.331"	9.3055e-012	8.5768e-014	5.0589e-013	8.8003e-014	3.3386e-012	7.5050e-014	9.3719e-006	
"20.10.2023 11:33:54.615"	9.3723e-012	8.5102e-014	5.0970e-013	8.8493e-014	3.3228e-012	7.0718e-014	9.3585e-006	
"20.10.2023 11:33:54.898"	9.4091e-012	8.4740e-014	4.9771e-013	8.7862e-014	3.3504e-012	7.4481e-014	9.3585e-006	
"20.10.2023 11:33:55.182"	9.3346e-012	8.5700e-014	5.0461e-013	8.8282e-014	3.3504e-012	7.4623e-014	9.3585e-006	
"20.10.2023 11:33:55.465"	9.3504e-012	8.4591e-014	5.0854e-013	8.8605e-014	3.3104e-012	7.5635e-014	9.3585e-006	
"20.10.2023 11:33:55.749"	9.3994e-012	8.5500e-014	4.9930e-013	8.7573e-014	3.3479e-012	7.2461e-014	9.3629e-006	
"20.10.2023 11:33:56.032"	9.3830e-012	8.6420e-014	5.0271e-013	8.7849e-014	3.3617e-012	7.2007e-014	9.3629e-006	
"20.10.2023 11:33:56.316"	9.3575e-012	8.5335e-014	5.0828e-013	8.8567e-014	3.3263e-012	7.4147e-014	9.3629e-006	
"20.10.2023 11:33:56.599"	9.3871e-012	8.4683e-014	4.9949e-013	8.7488e-014	3.3386e-012	7.4592e-014	9.3629e-006	
"20.10.2023 11:33:56.882"	9.4294e-012	8.5568e-014	5.0486e-013	8.8203e-014	3.3714e-012	7.3475e-014	9.3568e-006	
"20.10.2023 11:33:57.166"	9.3208e-012	8.5847e-014	5.0564e-013	8.8144e-014	3.3114e-012	7.6233e-014	9.3568e-006	
"20.10.2023 11:33:57.449"	9.3851e-012	8.4479e-014	5.0067e-013	8.7372e-014	3.3417e-012	7.1292e-014	9.3568e-006	
"20.10.2023 11:33:57.733"	9.4447e-012	8.4159e-014	5.0365e-013	8.7135e-014	3.3668e-012	7.1887e-014	9.3568e-006	
"20.10.2023 11:33:58.016"	9.3382e-012	8.4715e-014	5.0643e-013	8.8550e-014	3.3099e-012	7.3515e-014	9.3618e-006	
"20.10.2023 11:33:58.300"	9.3754e-012	8.5103e-014	5.0210e-013	8.7562e-014	3.3238e-012	7.4690e-014	9.3618e-006	
"20.10.2023 11:33:58.583"	9.4396e-012	8.4162e-014	5.0421e-013	8.7927e-014	3.3643e-012	7.3827e-014	9.3618e-006	
"20.10.2023 11:33:58.867"	9.3305e-012	8.5128e-014	5.0563e-013	8.8194e-014	3.3140e-012	7.6015e-014	9.3618e-006	
"20.10.2023 11:33:59.150"	9.3733e-012	8.4781e-014	5.0469e-013	8.7727e-014	3.3232e-012	7.2355e-014	9.3608e-006	
"20.10.2023 11:33:59.434"	9.4284e-012	8.4333e-014	5.0223e-013	8.8036e-014	3.3591e-012	7.4130e-014	9.3608e-006	
"20.10.2023 11:33:59.717"	9.3045e-012	8.4681e-014	5.0526e-013	8.8282e-014	3.3100e-012	7.5061e-014	9.3608e-006	
"20.10.2023 11:34:00.001"	9.3708e-012	8.5249e-014	5.0773e-013	8.7743e-014	3.3335e-012	7.6691e-014	9.3608e-006	
"20.10.2023 11:34:00.285"	9.4208e-012	8.4707e-014	5.0453e-013	8.7635e-014	3.3678e-012	7.6448e-014	9.3572e-006	
"20.10.2023 11:34:00.569"	9.2917e-012	8.5279e-014	5.0276e-013	8.8274e-014	3.3125e-012	7.2087e-014	9.3572e-006	
"20.10.2023 11:34:00.852"	9.3580e-012	8.5174e-014	5.1013e-013	8.8405e-014	3.3217e-012	7.2404e-014	9.3572e-006	
"20.10.2023 11:34:01.136"	9.4152e-012	8.3509e-014	5.0009e-013	8.6543e-014	3.3617e-012	7.7138e-014	9.3584e-006	
"20.10.2023 11:34:01.419"	9.3076e-012	8.5147e-014	5.0248e-013	8.6978e-014	3.3407e-012	7.2633e-014	9.3584e-006	
"20.10.2023 11:34:01.703"	9.3483e-012	8.5546e-014	5.0861e-013	8.8832e-014	3.3171e-012	7.6585e-014	9.3584e-006	
"20.10.2023 11:34:01.987"	9.4054e-012	8.4857e-014	5.0058e-013	8.7613e-014	3.3524e-012	7.3382e-014	9.3584e-006	
"20.10.2023 11:34:02.271"	9.3351e-012	8.5333e-014	5.0651e-013	8.8467e-014	3.3458e-012	7.4117e-014	9.3582e-006	
"20.10.2023 11:34:02.554"	9.3453e-012	8.4789e-014	5.0851e-013	8.8525e-014	3.3171e-012	7.3403e-014	9.3582e-006	
"20.10.2023 11:34:02.837"	9.4141e-012	8.4988e-014	4.9958e-013	8.7617e-014	3.3494e-012	7.5593e-014	9.3582e-006	
"20.10.2023 11:34:03.121"	9.3662e-012	8.5870e-014	5.0469e-013	8.7985e-014	3.3617e-012	7.5123e-014	9.3582e-006	
"20.10.2023 11:34:03.404"	9.3325e-012	8.4387e-014	5.0713e-013	8.8449e-014	3.3140e-012	7.1375e-014	9.3607e-006	
"20.10.2023 11:34:03.688"	9.3983e-012	8.4186e-014	4.9729e-013	8.7451e-014	3.3340e-012	7.4544e-014	9.3607e-006	
"20.10.2023 11:34:03.971"	9.3968e-012	8.5558e-014	5.0141e-013	8.7980e-014	3.3755e-012	7.6029e-014	9.3607e-006	
"20.10.2023 11:34:04.255"	9.3193e-012	8.5469e-014	5.0819e-013	8.8211e-014	3.3043e-012	7.6008e-014	9.3607e-006	
"20.10.2023 11:34:04.538"	9.3897e-012	8.4557e-014	5.0406e-013	8.7839e-014	3.3453e-012	7.4595e-014	9.3611e-006	
"20.10.2023 11:34:04.822"	9.4401e-012	8.4892e-014	5.0479e-013	8.8138e-014	3.3648e-012	7.5998e-014	9.3611e-006	
"20.10.2023 11:34:05.105"	9.3173e-012	8.5324e-014	5.0873e-013	8.8425e-014	3.3079e-012	7.4611e-014	9.3611e-006	
"20.10.2023 11:34:05.389"	9.3902e-012	8.5626e-014	5.0207e-013	8.7647e-014	3.3325e-012	7.5121e-014	9.3611e-006	
"20.10.2023 11:34:05.672"	9.4238e-012	8.4408e-014	5.0240e-013	8.7896e-014	3.3699e-012	7.3764e-014	9.3586e-006	
"20.10.2023 11:34:05.956"	9.3106e-012	8.4737e-014	5.0691e-013	8.8381e-014	3.3094e-012	7.3611e-014	9.3586e-006	
"20.10.2023 11:34:06.239"	9.3815e-012	8.5371e-014	5.0193e-013	8.7400e-014	3.3371e-012	7.4879e-014	9.3586e-006	
"20.10.2023 11:34:06.522"	9.4289e-012	8.4809e-014	5.0149e-013	8.7923e-014	3.3535e-012	7.2299e-014	9.3586e-006	
"20.10.2023 11:34:06.806"	9.3019e-012	8.6097e-014	5.0601e-013	8.8348e-014	3.3074e-012	7.6707e-014	9.3595e-006	
"20.10.2023 11:34:07.089"	9.3672e-012	8.4218e-014	5.0963e-013	8.7636e-014	3.3263e-012	7.1906e-014	9.3595e-006	
"20.10.2023 11:34:07.373"	9.4085e-012	8.4832e-014	4.9943e-013	8.7395e-014	3.3520e-012	7.5249e-014	9.3595e-006	
"20.10.2023 11:34:07.656"	9.2898e-012	8.5560e-014	5.0690e-013	8.8753e-014	3.3202e-012	7.6062e-014	9.3569e-006	
"20.10.2023 11:34:07.939"	9.3683e-012	8.5422e-014	5.0876e-013	8.8249e-014	3.3274e-012	7.4446e-014	9.3569e-006	
"20.10.2023 11:34:08.223"	9.3861e-012	8.4602e-014	4.9949e-013	8.7240e-014	3.3417e-012	7.5523e-014	9.3569e-006	
"20.10.2023 11:34:08.506"	9.2933e-012	8.5336e-014	5.0698e-013	8.8077e-014	3.3233e-012	7.4917e-014	9.3569e-006	
"20.10.2023 11:34:08.790"	9.3397e-012	8.4476e-014	5.0733e-013	8.8481e-014	3.3207e-012	7.5035e-014	9.3543e-006	
"20.10.2023 11:34:09.074"	9.3994e-012	8.4231e-014	5.0067e-013	8.7575e-014	3.3468e-012	7.5474e-014	9.3543e-006	
