"Spectra International Data File"
"[Scan Data (Pressures in mbar)]"
"Time"	"Mass 2"	"Mass 8"	"Mass 4"	"Mass 12"	"Mass 40"	"Mass 43"	"CirrusPressure"	
"20.10.2023 14:10:26.892"	9.3883e-012	8.3900e-014	5.9205e-013	6.7783e-014	8.9014e-015	9.5964e-016	9.5106e-006	
"20.10.2023 14:10:27.176"	9.4698e-012	8.3347e-014	5.7657e-013	9.2552e-014	9.1637e-015	9.2864e-016	9.5106e-006	
"20.10.2023 14:10:27.459"	9.4515e-012	8.4449e-014	5.8353e-013	9.2941e-014	9.1446e-015	8.0705e-016	9.5106e-006	
"20.10.2023 14:10:27.743"	9.3627e-012	8.4469e-014	5.8903e-013	9.3247e-014	9.0802e-015	8.1778e-016	9.5120e-006	
"20.10.2023 14:10:28.026"	9.4576e-012	8.3632e-014	5.7289e-013	9.2633e-014	9.1005e-015	8.6308e-016	9.5120e-006	
"20.10.2023 14:10:28.309"	9.5061e-012	8.3743e-014	5.8205e-013	9.2960e-014	9.2745e-015	9.3699e-016	9.5120e-006	
"20.10.2023 14:10:28.593"	9.3572e-012	8.3942e-014	5.8838e-013	9.3345e-014	8.9932e-015	9.3222e-016	9.5120e-006	
"20.10.2023 14:10:28.876"	9.4474e-012	8.3604e-014	5.7761e-013	9.2545e-014	8.9705e-015	9.7037e-016	9.5110e-006	
"20.10.2023 14:10:29.160"	9.5244e-012	8.3069e-014	5.8243e-013	9.2925e-014	9.3043e-015	8.5712e-016	9.5110e-006	
"20.10.2023 14:10:29.443"	9.3429e-012	8.3815e-014	5.8583e-013	9.3321e-014	8.7071e-015	7.8798e-016	9.5110e-006	
"20.10.2023 14:10:29.726"	9.4367e-012	8.3298e-014	5.8134e-013	9.2584e-014	8.9992e-015	8.7858e-016	9.5110e-006	
"20.10.2023 14:10:30.010"	9.5208e-012	8.3080e-014	5.8160e-013	9.2696e-014	9.1136e-015	8.0586e-016	9.5088e-006	
"20.10.2023 14:10:30.294"	9.3306e-012	8.3168e-014	5.8680e-013	6.8608e-014	8.9872e-015	8.7142e-016	9.5088e-006	
"20.10.2023 14:10:30.577"	9.4275e-012	8.3373e-014	5.8516e-013	9.2562e-014	8.9372e-015	7.2718e-016	9.5088e-006	
"20.10.2023 14:10:30.861"	9.5014e-012	8.2524e-014	5.8133e-013	9.2978e-014	8.9753e-015	6.6281e-016	9.5088e-006	
"20.10.2023 14:10:31.144"	9.3138e-012	8.4105e-014	5.8236e-013	9.3286e-014	8.9980e-015	7.3433e-016	9.5121e-006	
"20.10.2023 14:10:31.428"	9.4061e-012	8.3977e-014	5.9375e-013	9.2745e-014	8.9026e-015	9.1076e-016	9.5121e-006	
"20.10.2023 14:10:31.711"	9.4939e-012	8.2642e-014	5.7899e-013	9.2777e-014	9.1660e-015	9.0480e-016	9.5121e-006	
"20.10.2023 14:10:31.994"	9.3031e-012	8.4387e-014	5.8445e-013	9.3089e-014	8.9777e-015	9.9898e-016	9.5117e-006	
"20.10.2023 14:10:32.278"	9.3893e-012	8.3838e-014	5.9006e-013	9.3024e-014	9.1207e-015	8.2374e-016	9.5117e-006	
"20.10.2023 14:10:32.561"	9.4811e-012	8.2502e-014	5.8004e-013	9.2607e-014	9.9671e-015	8.8454e-016	9.5117e-006	
"20.10.2023 14:10:32.845"	9.3372e-012	8.3900e-014	5.8393e-013	9.3042e-014	9.8706e-015	9.3580e-016	9.5117e-006	
"20.10.2023 14:10:33.128"	9.3705e-012	8.3744e-014	5.9141e-013	6.7855e-014	1.9255e-014	1.9050e-015	9.5095e-006	
"20.10.2023 14:10:33.412"	9.3148e-012	8.3757e-014	5.8591e-013	9.3360e-014	4.3647e-013	7.9151e-014	9.5095e-006	
"20.10.2023 14:10:33.695"	8.9910e-012	8.6536e-014	5.3819e-013	9.0871e-014	1.1671e-012	7.3921e-014	9.5095e-006	
"20.10.2023 14:10:33.978"	8.7797e-012	8.6667e-014	5.1275e-013	8.8711e-014	1.6001e-012	7.4284e-014	9.5095e-006	
"20.10.2023 14:10:34.262"	8.7125e-012	8.7761e-014	4.8688e-013	8.6177e-014	1.8894e-012	7.2050e-014	9.4518e-006	
"20.10.2023 14:10:34.545"	8.6645e-012	8.9555e-014	4.8571e-013	8.6161e-014	2.0705e-012	7.5184e-014	9.4518e-006	
"20.10.2023 14:10:34.829"	8.5293e-012	8.8569e-014	4.8615e-013	8.6154e-014	2.0870e-012	7.4026e-014	9.4518e-006	
"20.10.2023 14:10:35.112"	8.5854e-012	8.7617e-014	4.7828e-013	8.4752e-014	2.1607e-012	7.2655e-014	9.4518e-006	
"20.10.2023 14:10:35.396"	8.6415e-012	8.8010e-014	4.7790e-013	8.5094e-014	2.2518e-012	7.4273e-014	9.4032e-006	
"20.10.2023 14:10:35.679"	8.4722e-012	8.7500e-014	4.7891e-013	8.5345e-014	2.2648e-012	7.4201e-014	9.4032e-006	
"20.10.2023 14:10:35.963"	8.5105e-012	8.8545e-014	4.6967e-013	8.3269e-014	2.3434e-012	7.4871e-014	9.4032e-006	
"20.10.2023 14:10:36.246"	8.5538e-012	8.8643e-014	4.6438e-013	8.3292e-014	2.4284e-012	7.2844e-014	9.4032e-006	
"20.10.2023 14:10:36.530"	8.4008e-012	8.8851e-014	4.6496e-013	8.3303e-014	2.4350e-012	7.2306e-014	9.3867e-006	
"20.10.2023 14:10:36.814"	8.4682e-012	8.8839e-014	4.5776e-013	8.1567e-014	2.4968e-012	7.1560e-014	9.3867e-006	
"20.10.2023 14:10:37.099"	8.5334e-012	8.8270e-014	4.4709e-013	7.9654e-014	2.5667e-012	7.2004e-014	9.3867e-006	
"20.10.2023 14:10:37.384"	8.3697e-012	8.8790e-014	4.5189e-013	8.1061e-014	2.5440e-012	7.6220e-014	9.3867e-006	
"20.10.2023 14:10:37.667"	8.4482e-012	8.8916e-014	4.5274e-013	7.9692e-014	2.5779e-012	7.4615e-014	9.3831e-006	
"20.10.2023 14:10:37.951"	8.5079e-012	8.8698e-014	4.4368e-013	7.9513e-014	2.6021e-012	7.4730e-014	9.3831e-006	
"20.10.2023 14:10:38.234"	8.3585e-012	8.8962e-014	4.4940e-013	8.0492e-014	2.5600e-012	7.2608e-014	9.3831e-006	
"20.10.2023 14:10:38.517"	8.4524e-012	8.8997e-014	4.4461e-013	8.0535e-014	2.5487e-012	7.3243e-014	9.3831e-006	
"20.10.2023 14:10:38.801"	8.5115e-012	8.8337e-014	4.4436e-013	7.9451e-014	2.5760e-012	7.2600e-014	9.3871e-006	
"20.10.2023 14:10:39.084"	8.3646e-012	8.9540e-014	4.4674e-013	8.0319e-014	2.5636e-012	7.6755e-014	9.3871e-006	
"20.10.2023 14:10:39.368"	8.4238e-012	8.8735e-014	4.5249e-013	8.1501e-014	2.5646e-012	7.4057e-014	9.3871e-006	
"20.10.2023 14:10:39.652"	8.4916e-012	8.8452e-014	4.4311e-013	7.9557e-014	2.6047e-012	7.3045e-014	9.3695e-006	
"20.10.2023 14:10:39.935"	8.3916e-012	8.9879e-014	4.5084e-013	8.0425e-014	2.6155e-012	7.0561e-014	9.3695e-006	
"20.10.2023 14:10:40.218"	8.3885e-012	8.9436e-014	4.5348e-013	8.1650e-014	2.6051e-012	7.5769e-014	9.3695e-006	
"20.10.2023 14:10:40.502"	8.4508e-012	8.8802e-014	4.4603e-013	7.9675e-014	2.6504e-012	7.5822e-014	9.3695e-006	
"20.10.2023 14:10:40.785"	8.3993e-012	9.0137e-014	4.5124e-013	8.1196e-014	2.6869e-012	7.2110e-014	9.3608e-006	
"20.10.2023 14:10:41.069"	8.3447e-012	8.8911e-014	4.5432e-013	8.2217e-014	2.6597e-012	7.3683e-014	9.3608e-006	
"20.10.2023 14:10:41.352"	8.4049e-012	8.9230e-014	4.4459e-013	8.0219e-014	2.6972e-012	7.5195e-014	9.3608e-006	
"20.10.2023 14:10:41.635"	8.4268e-012	9.0071e-014	4.5307e-013	8.1290e-014	2.7465e-012	7.5622e-014	9.3608e-006	
"20.10.2023 14:10:41.919"	8.3156e-012	8.9496e-014	4.5897e-013	8.2374e-014	2.7069e-012	7.7273e-014	9.3560e-006	
"20.10.2023 14:10:42.202"	8.3580e-012	8.9119e-014	4.4970e-013	8.0719e-014	2.7429e-012	7.1642e-014	9.3560e-006	
"20.10.2023 14:10:42.486"	8.4115e-012	8.9431e-014	4.5427e-013	8.1500e-014	2.7845e-012	7.3381e-014	9.3560e-006	
"20.10.2023 14:10:42.769"	8.2707e-012	9.0005e-014	4.5580e-013	8.2226e-014	2.7387e-012	7.4640e-014	9.3560e-006	
"20.10.2023 14:10:43.052"	8.3284e-012	8.9453e-014	4.5228e-013	8.1171e-014	2.7773e-012	7.2683e-014	9.3211e-006	
"20.10.2023 14:10:43.336"	8.3901e-012	8.9692e-014	4.5033e-013	8.1375e-014	2.8163e-012	7.3081e-014	9.3211e-006	
"20.10.2023 14:10:43.619"	8.2391e-012	9.0448e-014	4.5547e-013	8.2109e-014	2.7738e-012	7.4569e-014	9.3211e-006	
"20.10.2023 14:10:43.903"	8.3084e-012	8.9482e-014	4.5634e-013	8.1510e-014	2.8009e-012	7.2096e-014	9.3211e-006	
"20.10.2023 14:10:44.187"	8.3702e-012	8.9039e-014	4.5397e-013	8.1581e-014	2.8517e-012	7.2194e-014	9.3207e-006	
"20.10.2023 14:10:44.470"	8.2146e-012	9.0506e-014	4.5534e-013	8.1787e-014	2.8076e-012	7.4619e-014	9.3207e-006	
"20.10.2023 14:10:44.754"	8.2855e-012	8.9658e-014	4.5750e-013	8.2403e-014	2.8122e-012	7.3405e-014	9.3207e-006	
"20.10.2023 14:10:45.037"	8.3508e-012	8.8538e-014	4.5143e-013	8.1118e-014	2.8605e-012	7.2619e-014	9.3207e-006	
"20.10.2023 14:10:45.320"	8.2263e-012	9.0539e-014	4.5828e-013	8.2136e-014	2.8348e-012	7.6172e-014	9.3232e-006	
"20.10.2023 14:10:45.604"	8.2743e-012	9.0322e-014	4.5976e-013	8.2518e-014	2.8230e-012	7.4041e-014	9.3232e-006	
"20.10.2023 14:10:45.887"	8.3381e-012	8.8925e-014	4.4998e-013	8.1585e-014	2.8507e-012	7.4920e-014	9.3232e-006	
"20.10.2023 14:10:46.171"	8.2401e-012	9.0443e-014	4.5506e-013	8.2280e-014	2.8589e-012	7.4580e-014	9.3098e-006	
"20.10.2023 14:10:46.454"	8.2544e-012	8.9766e-014	4.5758e-013	8.2363e-014	2.8281e-012	6.9916e-014	9.3098e-006	
"20.10.2023 14:10:46.738"	8.3253e-012	8.9599e-014	4.5026e-013	8.1089e-014	2.8682e-012	7.0285e-014	9.3098e-006	
"20.10.2023 14:10:47.021"	8.2906e-012	8.9994e-014	4.5250e-013	8.2299e-014	2.8779e-012	7.3638e-014	9.3098e-006	
"20.10.2023 14:10:47.304"	8.2513e-012	8.9745e-014	4.5569e-013	8.2679e-014	2.8266e-012	7.4511e-014	9.2871e-006	
"20.10.2023 14:10:47.588"	8.3207e-012	8.9895e-014	4.4770e-013	8.1154e-014	2.8589e-012	7.2885e-014	9.2871e-006	
"20.10.2023 14:10:47.871"	8.3406e-012	9.0441e-014	4.5344e-013	8.1936e-014	2.8964e-012	7.6059e-014	9.2871e-006	
"20.10.2023 14:10:48.155"	8.2304e-012	8.9729e-014	4.6104e-013	8.2456e-014	2.8333e-012	7.3494e-014	9.2871e-006	
"20.10.2023 14:10:48.439"	8.2942e-012	8.9783e-014	4.4980e-013	8.1183e-014	2.8641e-012	7.2594e-014	9.2853e-006	
"20.10.2023 14:10:48.722"	8.3493e-012	9.0051e-014	4.5375e-013	8.1535e-014	2.8943e-012	7.3415e-014	9.2853e-006	
"20.10.2023 14:10:49.006"	8.2258e-012	8.9665e-014	4.6040e-013	8.2403e-014	2.8348e-012	7.4848e-014	9.2853e-006	
"20.10.2023 14:10:49.289"	8.2830e-012	8.9995e-014	4.5183e-013	8.1282e-014	2.8579e-012	7.2771e-014	9.2853e-006	
"20.10.2023 14:10:49.573"	8.3446e-012	8.9425e-014	4.5382e-013	8.1717e-014	2.9010e-012	7.6266e-014	9.2877e-006	
"20.10.2023 14:10:49.856"	8.2074e-012	9.0484e-014	4.5739e-013	8.2301e-014	2.8445e-012	7.3409e-014	9.2877e-006	
"20.10.2023 14:10:50.140"	8.2799e-012	9.0294e-014	4.5616e-013	8.1363e-014	2.8615e-012	7.1026e-014	9.2877e-006	
"20.10.2023 14:10:50.423"	8.3238e-012	8.9497e-014	4.5168e-013	8.1596e-014	2.9000e-012	7.3973e-014	9.2877e-006	
"20.10.2023 14:10:50.706"	8.1927e-012	9.0111e-014	4.5758e-013	8.2555e-014	2.8507e-012	7.7109e-014	9.2863e-006	
"20.10.2023 14:10:50.991"	8.2661e-012	8.9920e-014	4.6132e-013	8.2099e-014	2.8666e-012	7.4301e-014	9.2863e-006	
"20.10.2023 14:10:51.274"	8.3289e-012	8.9856e-014	4.5220e-013	8.1640e-014	2.8980e-012	7.1510e-014	9.2863e-006	
"20.10.2023 14:10:51.558"	8.1845e-012	9.0695e-014	4.5780e-013	8.2595e-014	2.8605e-012	7.2403e-014	9.2863e-006	
"20.10.2023 14:10:51.842"	8.2717e-012	8.9763e-014	4.5904e-013	8.2002e-014	2.8666e-012	7.5115e-014	9.2863e-006	
"20.10.2023 14:10:52.127"	8.3289e-012	8.9428e-014	4.5119e-013	8.0353e-014	2.9010e-012	7.5964e-014	9.2863e-006	
"20.10.2023 14:10:52.411"	8.1774e-012	8.9612e-014	4.5628e-013	8.2373e-014	2.8743e-012	7.3537e-014	9.2863e-006	
"20.10.2023 14:10:52.695"	8.2473e-012	8.9740e-014	4.5523e-013	8.1785e-014	2.8687e-012	7.1734e-014	9.2854e-006	
"20.10.2023 14:10:52.979"	8.3202e-012	8.9468e-014	4.5571e-013	8.1703e-014	2.9036e-012	7.4832e-014	9.2854e-006	
"20.10.2023 14:10:53.262"	8.1921e-012	9.0676e-014	4.5500e-013	8.2312e-014	2.8805e-012	7.1472e-014	9.2854e-006	
"20.10.2023 14:10:53.546"	8.2406e-012	9.0253e-014	4.5826e-013	8.2744e-014	2.8641e-012	7.3059e-014	9.2854e-006	
"20.10.2023 14:10:53.829"	8.3054e-012	8.9708e-014	4.5261e-013	8.1264e-014	2.8933e-012	7.0704e-014	9.2856e-006	
"20.10.2023 14:10:54.113"	8.2329e-012	9.0717e-014	4.5529e-013	8.2415e-014	2.8994e-012	7.3064e-014	9.2856e-006	
"20.10.2023 14:10:54.396"	8.2361e-012	9.0068e-014	4.6040e-013	8.3094e-014	2.8636e-012	7.2514e-014	9.2856e-006	
"20.10.2023 14:10:54.679"	8.3008e-012	8.9757e-014	4.4839e-013	8.1150e-014	2.8933e-012	7.6611e-014	9.2856e-006	
"20.10.2023 14:10:54.963"	8.2738e-012	9.0722e-014	4.5490e-013	8.1785e-014	2.9108e-012	7.3909e-014	9.2843e-006	
"20.10.2023 14:10:55.246"	8.2227e-012	8.9434e-014	4.6072e-013	8.2976e-014	2.8548e-012	6.9240e-014	9.2843e-006	
"20.10.2023 14:10:55.530"	8.2850e-012	8.8978e-014	4.4738e-013	8.1189e-014	2.8866e-012	7.7376e-014	9.2843e-006	
"20.10.2023 14:10:55.813"	8.3100e-012	8.9956e-014	4.5113e-013	8.1787e-014	2.9144e-012	7.2647e-014	9.2843e-006	
"20.10.2023 14:10:56.096"	8.2131e-012	8.9852e-014	4.5891e-013	8.2800e-014	2.8543e-012	6.9713e-014	9.2707e-006	
"20.10.2023 14:10:56.380"	8.2778e-012	9.0356e-014	4.4834e-013	8.1082e-014	2.8830e-012	7.2408e-014	9.2707e-006	
"20.10.2023 14:10:56.663"	8.3273e-012	8.9900e-014	4.5771e-013	8.1990e-014	2.9205e-012	7.5511e-014	9.2707e-006	
"20.10.2023 14:10:56.947"	8.2049e-012	8.9363e-014	4.5580e-013	8.2468e-014	2.8569e-012	7.2524e-014	9.2707e-006	
"20.10.2023 14:10:57.230"	8.2672e-012	9.0094e-014	4.5297e-013	8.1334e-014	2.8780e-012	7.0478e-014	9.2881e-006	
"20.10.2023 14:10:57.514"	8.3406e-012	8.9578e-014	4.5529e-013	8.1432e-014	2.9174e-012	7.4505e-014	9.2881e-006	
"20.10.2023 14:10:57.798"	8.1917e-012	8.9909e-014	4.5693e-013	8.2621e-014	2.8564e-012	7.3397e-014	9.2881e-006	
"20.10.2023 14:10:58.081"	8.2717e-012	8.9232e-014	4.5809e-013	8.1374e-014	2.8764e-012	7.2353e-014	9.2881e-006	
"20.10.2023 14:10:58.364"	8.3304e-012	8.9293e-014	4.5302e-013	8.1673e-014	2.9123e-012	7.4833e-014	9.2711e-006	
"20.10.2023 14:10:58.648"	8.1799e-012	9.0400e-014	4.5907e-013	8.2202e-014	2.8609e-012	7.6176e-014	9.2711e-006	
"20.10.2023 14:10:58.931"	8.2498e-012	8.9080e-014	4.5686e-013	8.1752e-014	2.8682e-012	7.1766e-014	9.2711e-006	
"20.10.2023 14:10:59.215"	8.3075e-012	8.9027e-014	4.5281e-013	8.1636e-014	2.9005e-012	7.5023e-014	9.2711e-006	
"20.10.2023 14:10:59.498"	8.1722e-012	9.0681e-014	4.5717e-013	8.2835e-014	2.8681e-012	7.6517e-014	9.2610e-006	
"20.10.2023 14:10:59.781"	8.2370e-012	9.0199e-014	4.5971e-013	8.2463e-014	2.8568e-012	7.4451e-014	9.2610e-006	
"20.10.2023 14:11:00.065"	8.2983e-012	8.9896e-014	4.5166e-013	8.1379e-014	2.8933e-012	7.3080e-014	9.2610e-006	
"20.10.2023 14:11:00.348"	8.1973e-012	9.0384e-014	4.5445e-013	8.2041e-014	2.8867e-012	7.6003e-014	9.2524e-006	
"20.10.2023 14:11:00.632"	8.2284e-012	8.9797e-014	4.5703e-013	8.2467e-014	2.8610e-012	7.2896e-014	9.2524e-006	
"20.10.2023 14:11:00.915"	8.2967e-012	8.9544e-014	4.4779e-013	8.1300e-014	2.8913e-012	7.4617e-014	9.2524e-006	
"20.10.2023 14:11:01.198"	8.2233e-012	9.0523e-014	4.5429e-013	8.2065e-014	2.8913e-012	7.3296e-014	9.2524e-006	
"20.10.2023 14:11:01.482"	8.2202e-012	8.9778e-014	4.5827e-013	8.2896e-014	2.8502e-012	7.4588e-014	9.2505e-006	
"20.10.2023 14:11:01.765"	8.2778e-012	8.9418e-014	4.4835e-013	8.0971e-014	2.8830e-012	7.4443e-014	9.2505e-006	
"20.10.2023 14:11:02.049"	8.2651e-012	9.0222e-014	4.5208e-013	8.1756e-014	2.9056e-012	7.3244e-014	9.2505e-006	
"20.10.2023 14:11:02.333"	8.2126e-012	8.9876e-014	4.5764e-013	8.2789e-014	2.8477e-012	7.3595e-014	9.2505e-006	
"20.10.2023 14:11:02.616"	8.2666e-012	9.0235e-014	4.4689e-013	8.0774e-014	2.8723e-012	7.3490e-014	9.2500e-006	
"20.10.2023 14:11:02.899"	8.3156e-012	8.9857e-014	4.5118e-013	8.1678e-014	2.9128e-012	7.4882e-014	9.2500e-006	
"20.10.2023 14:11:03.183"	8.1983e-012	8.9643e-014	4.5586e-013	8.2542e-014	2.8461e-012	7.3980e-014	9.2500e-006	
"20.10.2023 14:11:03.466"	8.2646e-012	9.0042e-014	4.5480e-013	8.0930e-014	2.8708e-012	7.3059e-014	9.2500e-006	
"20.10.2023 14:11:03.750"	8.3253e-012	8.9461e-014	4.5326e-013	8.1698e-014	2.9097e-012	7.5944e-014	9.2506e-006	
"20.10.2023 14:11:04.033"	8.1830e-012	8.9974e-014	4.5368e-013	8.2205e-014	2.8538e-012	7.5012e-014	9.2506e-006	
"20.10.2023 14:11:04.317"	8.2391e-012	9.0269e-014	4.5499e-013	8.1622e-014	2.8656e-012	7.2977e-014	9.2506e-006	
"20.10.2023 14:11:04.600"	8.3192e-012	8.9289e-014	4.5235e-013	8.1822e-014	2.8954e-012	7.5350e-014	9.2506e-006	
"20.10.2023 14:11:04.883"	8.1855e-012	9.0906e-014	4.5640e-013	8.2471e-014	2.8574e-012	7.3956e-014	9.2508e-006	
"20.10.2023 14:11:05.167"	8.2529e-012	9.0115e-014	4.5738e-013	8.1873e-014	2.8646e-012	7.7600e-014	9.2508e-006	
"20.10.2023 14:11:05.450"	8.3131e-012	8.9883e-014	4.5055e-013	8.1753e-014	2.9093e-012	7.3276e-014	9.2508e-006	
"20.10.2023 14:11:05.734"	8.1754e-012	9.0330e-014	4.5617e-013	8.2345e-014	2.8446e-012	7.2525e-014	9.2508e-006	
"20.10.2023 14:11:06.019"	8.2462e-012	8.9558e-014	4.5669e-013	8.1774e-014	2.8579e-012	7.2397e-014	9.2531e-006	
"20.10.2023 14:11:06.302"	8.3090e-012	8.9568e-014	4.5323e-013	8.1234e-014	2.8933e-012	7.4393e-014	9.2531e-006	
"20.10.2023 14:11:06.587"	8.1621e-012	8.9798e-014	4.5670e-013	8.1972e-014	2.8543e-012	7.0589e-014	9.2531e-006	
"20.10.2023 14:11:06.870"	8.2503e-012	9.0703e-014	4.5723e-013	8.1277e-014	2.8589e-012	7.3088e-014	9.2535e-006	
"20.10.2023 14:11:07.156"	8.3044e-012	8.7848e-014	4.5122e-013	8.1612e-014	2.8954e-012	7.2296e-014	9.2535e-006	
"20.10.2023 14:11:07.440"	8.1656e-012	9.1151e-014	4.5466e-013	8.2319e-014	2.8676e-012	7.5884e-014	9.2535e-006	
"20.10.2023 14:11:07.723"	8.2376e-012	9.0021e-014	4.5856e-013	8.2746e-014	2.8533e-012	7.1855e-014	9.2535e-006	
"20.10.2023 14:11:08.007"	8.3059e-012	8.9701e-014	4.5360e-013	8.1237e-014	2.8938e-012	7.4726e-014	9.2509e-006	
"20.10.2023 14:11:08.290"	8.1835e-012	9.0223e-014	4.5316e-013	8.1836e-014	2.8825e-012	7.6404e-014	9.2509e-006	
"20.10.2023 14:11:08.574"	8.2411e-012	8.9963e-014	4.5762e-013	8.2505e-014	2.8543e-012	7.3853e-014	9.2509e-006	
"20.10.2023 14:11:08.857"	8.2988e-012	8.9919e-014	4.5011e-013	8.1215e-014	2.8882e-012	7.1453e-014	9.2509e-006	
"20.10.2023 14:11:09.140"	8.2411e-012	9.0062e-014	4.5698e-013	8.2307e-014	2.9000e-012	7.7023e-014	9.2510e-006	
"20.10.2023 14:11:09.424"	8.2115e-012	9.0260e-014	4.5890e-013	8.2703e-014	2.8430e-012	7.6043e-014	9.2510e-006	
"20.10.2023 14:11:09.707"	8.2789e-012	8.9581e-014	4.5012e-013	8.0979e-014	2.8769e-012	7.0183e-014	9.2510e-006	
"20.10.2023 14:11:09.991"	8.2829e-012	9.0044e-014	4.5285e-013	8.1829e-014	2.9092e-012	7.4443e-014	9.2510e-006	
"20.10.2023 14:11:10.274"	8.2009e-012	8.9946e-014	4.5806e-013	8.2629e-014	2.8477e-012	7.2497e-014	9.2480e-006	
"20.10.2023 14:11:10.557"	8.2702e-012	8.9630e-014	4.4769e-013	8.0966e-014	2.8764e-012	7.5985e-014	9.2480e-006	
"20.10.2023 14:11:10.841"	8.3166e-012	9.0046e-014	4.5028e-013	8.1456e-014	2.9108e-012	7.5488e-014	9.2480e-006	
"20.10.2023 14:11:11.125"	8.1840e-012	8.9657e-014	4.5559e-013	8.1895e-014	2.8435e-012	7.2284e-014	9.2480e-006	
"20.10.2023 14:11:11.408"	8.2498e-012	8.9921e-014	4.5242e-013	8.0870e-014	2.8697e-012	7.4387e-014	9.2516e-006	
"20.10.2023 14:11:11.692"	8.3222e-012	8.9808e-014	4.5258e-013	8.1255e-014	2.9128e-012	7.3372e-014	9.2516e-006	
"20.10.2023 14:11:11.975"	8.1906e-012	9.0790e-014	4.5661e-013	8.2448e-014	2.8451e-012	7.3820e-014	9.2516e-006	
"20.10.2023 14:11:12.258"	8.2559e-012	8.9775e-014	4.5358e-013	8.1120e-014	2.8656e-012	7.3167e-014	9.2516e-006	
"20.10.2023 14:11:12.542"	8.3140e-012	8.9677e-014	4.5168e-013	8.1549e-014	2.9051e-012	7.2826e-014	9.2514e-006	
"20.10.2023 14:11:12.825"	8.1794e-012	8.9986e-014	4.5474e-013	8.1758e-014	2.8441e-012	7.6083e-014	9.2514e-006	
"20.10.2023 14:11:13.109"	8.2427e-012	9.0267e-014	4.5873e-013	8.2081e-014	2.8630e-012	7.4485e-014	9.2514e-006	
"20.10.2023 14:11:13.392"	8.2993e-012	9.0002e-014	4.5024e-013	8.0687e-014	2.8999e-012	7.3974e-014	9.2514e-006	
"20.10.2023 14:11:13.675"	8.1585e-012	9.0269e-014	4.5652e-013	8.1977e-014	2.8543e-012	7.4114e-014	9.2512e-006	
"20.10.2023 14:11:13.959"	8.2345e-012	8.9459e-014	4.5943e-013	8.2575e-014	2.8625e-012	7.4911e-014	9.2512e-006	
"20.10.2023 14:11:14.242"	8.2871e-012	8.9486e-014	4.5152e-013	8.1330e-014	2.8898e-012	7.5446e-014	9.2512e-006	
"20.10.2023 14:11:14.526"	8.1620e-012	9.0478e-014	4.5384e-013	8.2453e-014	2.8687e-012	7.1551e-014	9.2477e-006	
"20.10.2023 14:11:14.809"	8.2284e-012	8.9492e-014	4.5649e-013	8.2597e-014	2.8507e-012	7.2323e-014	9.2477e-006	
"20.10.2023 14:11:15.093"	8.2942e-012	8.9115e-014	4.4929e-013	8.1205e-014	2.8841e-012	7.1914e-014	9.2477e-006	
"20.10.2023 14:11:15.376"	8.2018e-012	9.0341e-014	4.5330e-013	8.1662e-014	2.8836e-012	7.4080e-014	9.2477e-006	
"20.10.2023 14:11:15.660"	8.2182e-012	9.0355e-014	4.5654e-013	8.2434e-014	2.8523e-012	7.4373e-014	9.2493e-006	
"20.10.2023 14:11:15.943"	8.2804e-012	9.0423e-014	4.4968e-013	8.0687e-014	2.8830e-012	7.1385e-014	9.2493e-006	
"20.10.2023 14:11:16.227"	8.2309e-012	9.0744e-014	4.5751e-013	8.2078e-014	2.8943e-012	7.3374e-014	9.2493e-006	
"20.10.2023 14:11:16.510"	8.1937e-012	8.9853e-014	4.5831e-013	8.2535e-014	2.8497e-012	7.6080e-014	9.2493e-006	
"20.10.2023 14:11:16.794"	8.2768e-012	9.0071e-014	4.4877e-013	8.0976e-014	2.8769e-012	7.3789e-014	9.2496e-006	
"20.10.2023 14:11:17.077"	8.2896e-012	9.1101e-014	4.5233e-013	8.1618e-014	2.9031e-012	7.5529e-014	9.2496e-006	
"20.10.2023 14:11:17.361"	8.1963e-012	9.0282e-014	4.5387e-013	8.2248e-014	2.8343e-012	6.9545e-014	9.2496e-006	
"20.10.2023 14:11:17.644"	8.2472e-012	8.9683e-014	4.5186e-013	8.0641e-014	2.8666e-012	7.5488e-014	9.2496e-006	
"20.10.2023 14:11:17.927"	8.3207e-012	9.0015e-014	4.5123e-013	8.1442e-014	2.9139e-012	7.3532e-014	9.2492e-006	
"20.10.2023 14:11:18.211"	8.1814e-012	9.0278e-014	4.5784e-013	8.1900e-014	2.8364e-012	7.3558e-014	9.2492e-006	
"20.10.2023 14:11:18.494"	8.2508e-012	9.0001e-014	4.5249e-013	8.1225e-014	2.8579e-012	7.2889e-014	9.2492e-006	
"20.10.2023 14:11:18.778"	8.3162e-012	8.9583e-014	4.5146e-013	8.1343e-014	2.9046e-012	7.5353e-014	9.2492e-006	
"20.10.2023 14:11:19.061"	8.1777e-012	9.0019e-014	4.5423e-013	8.1925e-014	2.8444e-012	7.2361e-014	9.2489e-006	
"20.10.2023 14:11:19.345"	8.2345e-012	9.0301e-014	4.5647e-013	8.1275e-014	2.8574e-012	7.3350e-014	9.2489e-006	
"20.10.2023 14:11:19.628"	8.2987e-012	8.9275e-014	4.5274e-013	8.1308e-014	2.9030e-012	7.4086e-014	9.2489e-006	
"20.10.2023 14:11:19.911"	8.1523e-012	8.9386e-014	4.5832e-013	8.2107e-014	2.8466e-012	7.8292e-014	9.2489e-006	
"20.10.2023 14:11:20.195"	8.2493e-012	9.0368e-014	4.5845e-013	8.1938e-014	2.8640e-012	7.6583e-014	9.2499e-006	
"20.10.2023 14:11:20.479"	8.2968e-012	8.9275e-014	4.5256e-013	8.1665e-014	2.8954e-012	7.4872e-014	9.2499e-006	
"20.10.2023 14:11:20.762"	8.1666e-012	9.0727e-014	4.5497e-013	8.2220e-014	2.8507e-012	7.2282e-014	9.2499e-006	
"20.10.2023 14:11:21.047"	8.2330e-012	8.9807e-014	4.5993e-013	8.2235e-014	2.8522e-012	7.5394e-014	9.2501e-006	
"20.10.2023 14:11:21.331"	8.2932e-012	8.9437e-014	4.4957e-013	7.9779e-014	2.8872e-012	7.2964e-014	9.2501e-006	
"20.10.2023 14:11:21.615"	8.1570e-012	8.9814e-014	4.5390e-013	8.0873e-014	2.8595e-012	7.2867e-014	9.2501e-006	
"20.10.2023 14:11:21.898"	8.2314e-012	9.0201e-014	4.5808e-013	8.1820e-014	2.8543e-012	7.3202e-014	9.2501e-006	
"20.10.2023 14:11:22.183"	8.2860e-012	8.8472e-014	4.4900e-013	8.0729e-014	2.8836e-012	7.3476e-014	9.2486e-006	
